Municipios;Hombres_Española_65_y_más_años;Hombres_Española_De_16_a_64_años;Hombres_Española_Menos_de_16_años;Hombres_Española_Todas_las_edades;Hombres_Extranjera_65_y_más_años;Hombres_Extranjera_De_16_a_64_años;Hombres_Extranjera_Menos_de_16_años;Hombres_Extranjera_Todas_las_edades;Hombres_Total_65_y_más_años;Hombres_Total_De_16_a_64_años;Hombres_Total_Menos_de_16_años;Hombres_Total_Todas_las_edades;Mujeres_Española_65_y_más_años;Mujeres_Española_De_16_a_64_años;Mujeres_Española_Menos_de_16_años;Mujeres_Española_Todas_las_edades;Mujeres_Extranjera_65_y_más_años;Mujeres_Extranjera_De_16_a_64_años;Mujeres_Extranjera_Menos_de_16_años;Mujeres_Extranjera_Todas_las_edades;Mujeres_Total_65_y_más_años;Mujeres_Total_De_16_a_64_años;Mujeres_Total_Menos_de_16_años;Mujeres_Total_Todas_las_edades;Total_Española_65_y_más_años;Total_Española_De_16_a_64_años;Total_Española_Menos_de_16_años;Total_Española_Todas_las_edades;Total_Extranjera_65_y_más_años;Total_Extranjera_De_16_a_64_años;Total_Extranjera_Menos_de_16_años;Total_Extranjera_Todas_las_edades;Total_Total_65_y_más_años;Total_Total_De_16_a_64_años;Total_Total_Menos_de_16_años;Total_Total_Todas_las_edades;Ultimo_periodo
01001;168;907;295;1370;3;121;37;161;171;1028;332;1531;176;826;253;1255;5;113;31;149;181;939;284;1404;344;1733;548;2625;8;234;68;310;352;1967;616;2935;2020
01002;1017;2909;789;4715;11;243;75;329;1028;3152;864;5044;1223;2920;713;4856;15;267;82;364;1238;3187;795;5220;2240;5829;1502;9571;26;510;157;693;2266;6339;1659;10264;2020
01003;166;447;120;733;1;13;1;15;167;460;121;748;154;413;108;675;0;19;0;19;154;432;108;694;320;860;228;1408;1;32;1;34;321;892;229;1442;2020
01004;136;537;163;836;5;37;14;56;141;574;177;892;187;524;138;849;2;41;16;59;189;565;154;908;323;1061;301;1685;7;78;30;115;330;1139;331;1800;2020
01006;12;73;23;108;0;7;0;7;12;80;23;115;17;72;16;105;1;2;0;3;18;74;16;108;29;145;39;213;1;9;0;10;30;154;39;223;2020
01008;104;339;70;513;0;22;4;26;104;361;74;539;93;287;54;434;0;11;0;11;93;298;54;445;197;626;124;947;0;33;4;37;197;659;128;984;2020
01009;147;514;94;755;1;61;16;78;148;575;110;833;173;451;101;725;0;43;22;65;173;494;123;790;320;965;195;1480;1;104;38;143;321;1069;233;1623;2020
01010;247;956;277;1480;2;16;2;20;249;972;279;1500;267;905;266;1438;0;26;4;30;267;931;270;1468;514;1861;543;2918;2;42;6;50;516;1903;549;2968;2020
01011;36;89;8;133;1;26;6;33;37;115;14;166;36;60;10;106;1;19;2;22;37;79;12;128;72;149;18;239;2;45;8;55;74;194;26;294;2020
01013;92;310;63;465;2;15;1;18;94;325;64;483;82;246;55;383;4;10;1;15;86;256;56;398;174;556;118;848;6;25;2;33;180;581;120;881;2020
01014;66;121;33;220;0;14;6;20;66;135;39;240;69;107;26;202;0;12;9;21;69;119;35;223;135;228;59;422;0;26;15;41;135;254;74;463;2020
01016;74;181;38;293;0;12;0;12;74;193;38;305;71;108;14;193;0;9;0;9;71;117;14;202;145;289;52;486;0;21;0;21;145;310;52;507;2020
01017;119;329;56;504;1;35;7;43;120;364;63;547;121;259;66;446;1;32;8;41;122;291;74;487;240;588;122;950;2;67;15;84;242;655;137;1034;2020
01018;196;579;149;924;1;20;3;24;197;599;152;948;170;499;110;779;2;18;2;22;172;517;112;801;366;1078;259;1703;3;38;5;46;369;1116;264;1749;2020
01019;23;56;11;90;0;2;0;2;23;58;11;92;24;51;9;84;0;2;0;2;24;53;9;86;47;107;20;174;0;4;0;4;47;111;20;178;2020
01020;54;137;25;216;1;4;3;8;55;141;28;224;42;95;18;155;0;5;1;6;42;100;19;161;96;232;43;371;1;9;4;14;97;241;47;385;2020
01021;42;211;45;298;1;17;1;19;43;228;46;317;38;191;51;280;0;10;1;11;38;201;52;291;80;402;96;578;1;27;2;30;81;429;98;608;2020
01022;98;284;73;455;1;40;4;45;99;324;77;500;134;249;82;465;2;28;6;36;136;277;88;501;232;533;155;920;3;68;10;81;235;601;165;1001;2020
01023;42;93;14;149;0;12;1;13;42;105;15;162;45;84;20;149;0;15;4;19;45;99;24;168;87;177;34;298;0;27;5;32;87;204;39;330;2020
01027;52;198;35;285;0;4;1;5;52;202;36;290;44;162;25;231;0;10;1;11;44;172;26;242;96;360;60;516;0;14;2;16;96;374;62;532;2020
01028;157;424;110;691;2;57;29;88;159;481;139;779;142;389;117;648;3;65;22;90;145;454;139;738;299;813;227;1339;5;122;51;178;304;935;278;1517;2020
01030;33;48;4;85;0;5;0;5;33;53;4;90;30;32;6;68;1;2;1;4;31;34;7;72;63;80;10;153;1;7;1;9;64;87;11;162;2020
01031;149;434;98;681;1;58;10;69;150;492;108;750;163;403;68;634;2;48;20;70;165;451;88;704;312;837;166;1315;3;106;30;139;315;943;196;1454;2020
01032;84;200;37;321;2;40;20;62;86;240;57;383;81;146;49;276;1;29;20;50;82;175;69;326;165;346;86;597;3;69;40;112;168;415;126;709;2020
01033;81;257;54;392;1;30;18;49;82;287;72;441;95;231;50;376;0;32;16;48;95;263;66;424;176;488;104;768;1;62;34;97;177;550;138;865;2020
01034;24;56;11;91;1;12;2;15;25;68;13;106;29;43;17;89;1;13;2;16;30;56;19;105;53;99;28;180;2;25;4;31;55;124;32;211;2020
01036;2029;5228;1196;8453;5;318;92;415;2034;5546;1288;8868;2599;5036;1070;8705;23;420;102;545;2622;5456;1172;9250;4628;10264;2266;17158;28;738;194;960;4656;11002;2460;18118;2020
01037;99;236;64;399;1;13;1;15;100;249;65;414;82;174;50;306;0;11;2;13;82;185;52;319;181;410;114;705;1;24;3;28;182;434;117;733;2020
01039;23;71;5;99;0;5;1;6;23;76;6;105;27;67;6;100;0;5;1;6;27;72;7;106;50;138;11;199;0;10;2;12;50;148;13;211;2020
01041;21;65;8;94;0;19;1;20;21;84;9;114;16;49;9;74;0;4;2;6;16;53;11;80;37;114;17;168;0;23;3;26;37;137;20;194;2020
01042;90;391;105;586;1;33;9;43;91;424;114;629;103;342;103;548;2;21;3;26;105;363;106;574;193;733;208;1134;3;54;12;69;196;787;220;1203;2020
01043;235;979;316;1530;2;137;60;199;237;1116;376;1729;307;858;301;1466;0;157;58;215;307;1015;359;1681;542;1837;617;2996;2;294;118;414;544;2131;735;3410;2020
01044;36;109;10;155;0;1;0;1;36;110;10;156;19;70;12;101;0;4;1;5;19;74;13;106;55;179;22;256;0;5;1;6;55;184;23;262;2020
01046;86;281;62;429;0;23;3;26;86;304;65;455;65;214;40;319;0;8;0;8;65;222;40;327;151;495;102;748;0;31;3;34;151;526;105;782;2020
01047;101;441;122;664;1;61;22;84;102;502;144;748;98;380;96;574;1;49;11;61;99;429;107;635;199;821;218;1238;2;110;33;145;201;931;251;1383;2020
01049;18;60;6;84;0;4;1;5;18;64;7;89;24;27;5;56;0;3;1;4;24;30;6;60;42;87;11;140;0;7;2;9;42;94;13;149;2020
01051;388;1402;423;2213;5;228;91;324;393;1630;514;2537;443;1364;423;2230;13;194;64;271;456;1558;487;2501;831;2766;846;4443;18;422;155;595;849;3188;1001;5038;2020
01052;39;88;12;139;0;8;1;9;39;96;13;148;62;83;13;158;0;6;3;9;62;89;16;167;101;171;25;297;0;14;4;18;101;185;29;315;2020
01053;90;244;48;382;0;4;0;4;90;248;48;386;83;181;45;309;2;8;1;11;85;189;46;320;173;425;93;691;2;12;1;15;175;437;94;706;2020
01054;105;448;108;661;2;48;12;62;107;496;120;723;93;385;120;598;1;51;13;65;94;436;133;663;198;833;228;1259;3;99;25;127;201;932;253;1386;2020
01055;152;314;34;500;1;33;4;38;153;347;38;538;136;239;47;422;2;22;2;26;138;261;49;448;288;553;81;922;3;55;6;64;291;608;87;986;2020
01056;43;68;7;118;0;3;0;3;43;71;7;121;44;44;6;94;0;3;0;3;44;47;6;97;87;112;13;212;0;6;0;6;87;118;13;218;2020
01057;40;81;10;131;0;9;1;10;40;90;11;141;39;73;10;122;0;9;2;11;39;82;12;133;79;154;20;253;0;18;3;21;79;172;23;274;2020
01058;168;593;154;915;4;80;11;95;172;673;165;1010;168;508;142;818;6;71;16;93;174;579;158;911;336;1101;296;1733;10;151;27;188;346;1252;323;1921;2020
01059;23226;69048;17758;110032;258;10729;2608;13595;23484;79777;20366;123627;29793;70748;16688;117229;472;10159;2509;13140;30265;80907;19197;130369;53019;139796;34446;227261;730;20888;5117;26735;53749;160684;39563;253996;2020
01060;32;73;15;120;0;10;9;19;32;83;24;139;41;67;9;117;0;11;3;14;41;78;12;131;73;140;24;237;0;21;12;33;73;161;36;270;2020
01061;17;74;13;104;0;1;0;1;17;75;13;105;14;55;11;80;0;0;0;0;14;55;11;80;31;129;24;184;0;1;0;1;31;130;24;185;2020
01062;42;136;26;204;1;13;2;16;43;149;28;220;46;107;24;177;1;13;5;19;47;120;29;196;88;243;50;381;2;26;7;35;90;269;57;416;2020
01063;211;781;162;1154;4;22;8;34;215;803;170;1188;226;697;148;1071;4;36;1;41;230;733;149;1112;437;1478;310;2225;8;58;9;75;445;1536;319;2300;2020
01901;220;1131;290;1641;8;127;45;180;228;1258;335;1821;187;1013;324;1524;9;113;21;143;196;1126;345;1667;407;2144;614;3165;17;240;66;323;424;2384;680;3488;2020
01902;105;307;46;458;3;18;9;30;108;325;55;488;106;213;38;357;3;24;5;32;109;237;43;389;211;520;84;815;6;42;14;62;217;562;98;877;2020
02001;95;223;21;339;1;20;5;26;96;243;26;365;138;215;21;374;0;17;5;22;138;232;26;396;233;438;42;713;1;37;10;48;234;475;52;761;2020
02002;86;151;19;256;0;18;9;27;86;169;28;283;94;90;16;200;0;17;6;23;94;107;22;223;180;241;35;456;0;35;15;50;180;276;50;506;2020
02003;12337;53273;14164;79774;102;4641;697;5440;12439;57914;14861;85214;16615;55176;13073;84864;171;3433;654;4258;16786;58609;13727;89122;28952;108449;27237;164638;273;8074;1351;9698;29225;116523;28588;174336;2020
02004;104;197;43;344;0;6;1;7;104;203;44;351;113;186;19;318;1;8;1;10;114;194;20;328;217;383;62;662;1;14;2;17;218;397;64;679;2020
02005;83;204;25;312;1;22;11;34;84;226;36;346;105;155;21;281;1;30;6;37;106;185;27;318;188;359;46;593;2;52;17;71;190;411;63;664;2020
02006;102;207;36;345;0;5;0;5;102;212;36;350;103;158;33;294;0;3;0;3;103;161;33;297;205;365;69;639;0;8;0;8;205;373;69;647;2020
02007;182;367;48;597;0;38;5;43;182;405;53;640;189;280;47;516;0;31;7;38;189;311;54;554;371;647;95;1113;0;69;12;81;371;716;107;1194;2020
02008;161;423;85;669;2;12;4;18;163;435;89;687;154;381;83;618;1;16;2;19;155;397;85;637;315;804;168;1287;3;28;6;37;318;832;174;1324;2020
02009;2075;7746;1777;11598;18;488;104;610;2093;8234;1881;12208;2555;7501;1656;11712;34;477;80;591;2589;7978;1736;12303;4630;15247;3433;23310;52;965;184;1201;4682;16212;3617;24511;2020
02010;258;680;143;1081;4;72;13;89;262;752;156;1170;272;593;142;1007;0;68;16;84;272;661;158;1091;530;1273;285;2088;4;140;29;173;534;1413;314;2261;2020
02011;119;172;13;304;2;5;0;7;121;177;13;311;145;121;9;275;0;5;0;5;145;126;9;280;264;293;22;579;2;10;0;12;266;303;22;591;2020
02012;208;747;145;1100;1;69;17;87;209;816;162;1187;220;695;151;1066;1;61;12;74;221;756;163;1140;428;1442;296;2166;2;130;29;161;430;1572;325;2327;2020
02013;33;36;2;71;0;5;1;6;33;41;3;77;20;25;3;48;0;3;3;6;20;28;6;54;53;61;5;119;0;8;4;12;53;69;9;131;2020
02014;57;119;22;198;1;4;0;5;58;123;22;203;66;104;19;189;0;4;0;4;66;108;19;193;123;223;41;387;1;8;0;9;124;231;41;396;2020
02015;146;598;122;866;0;44;13;57;146;642;135;923;192;512;106;810;2;47;17;66;194;559;123;876;338;1110;228;1676;2;91;30;123;340;1201;258;1799;2020
02016;68;215;28;311;0;2;0;2;68;217;28;313;85;157;20;262;0;4;0;4;85;161;20;266;153;372;48;573;0;6;0;6;153;378;48;579;2020
02017;180;218;26;424;0;2;0;2;180;220;26;426;194;153;33;380;0;1;0;1;194;154;33;381;374;371;59;804;0;3;0;3;374;374;59;807;2020
02018;107;287;45;439;0;68;23;91;107;355;68;530;132;262;38;432;2;49;16;67;134;311;54;499;239;549;83;871;2;117;39;158;241;666;122;1029;2020
02019;289;923;138;1350;3;28;5;36;292;951;143;1386;376;790;129;1295;4;28;10;42;380;818;139;1337;665;1713;267;2645;7;56;15;78;672;1769;282;2723;2020
02020;97;130;19;246;2;13;4;19;99;143;23;265;97;102;20;219;1;8;2;11;98;110;22;230;194;232;39;465;3;21;6;30;197;253;45;495;2020
02021;152;392;58;602;2;78;31;111;154;470;89;713;154;321;62;537;2;52;22;76;156;373;84;613;306;713;120;1139;4;130;53;187;310;843;173;1326;2020
02022;73;120;2;195;0;1;0;1;73;121;2;196;58;87;4;149;0;2;1;3;58;89;5;152;131;207;6;344;0;3;1;4;131;210;7;348;2020
02023;93;176;8;277;0;13;3;16;93;189;11;293;111;134;17;262;0;8;0;8;111;142;17;270;204;310;25;539;0;21;3;24;204;331;28;563;2020
02024;408;1288;280;1976;8;233;64;305;416;1521;344;2281;483;1250;259;1992;11;185;75;271;494;1435;334;2263;891;2538;539;3968;19;418;139;576;910;2956;678;4544;2020
02025;832;2968;744;4544;44;403;107;554;876;3371;851;5098;976;2740;712;4428;43;348;88;479;1019;3088;800;4907;1808;5708;1456;8972;87;751;195;1033;1895;6459;1651;10005;2020
02026;113;326;69;508;2;77;14;93;115;403;83;601;137;273;71;481;3;83;26;112;140;356;97;593;250;599;140;989;5;160;40;205;255;759;180;1194;2020
02027;45;101;16;162;0;5;0;5;45;106;16;167;47;81;11;139;0;4;1;5;47;85;12;144;92;182;27;301;0;9;1;10;92;191;28;311;2020
02028;19;39;3;61;0;1;0;1;19;40;3;62;20;33;1;54;0;2;0;2;20;35;1;56;39;72;4;115;0;3;0;3;39;75;4;118;2020
02029;310;1485;305;2100;3;81;15;99;313;1566;320;2199;358;1229;329;1916;5;70;15;90;363;1299;344;2006;668;2714;634;4016;8;151;30;189;676;2865;664;4205;2020
02030;356;1115;250;1721;0;19;7;26;356;1134;257;1747;438;1072;225;1735;3;32;3;38;441;1104;228;1773;794;2187;475;3456;3;51;10;64;797;2238;485;3520;2020
02031;98;173;32;303;0;12;1;13;98;185;33;316;97;170;33;300;0;11;2;13;97;181;35;313;195;343;65;603;0;23;3;26;195;366;68;629;2020
02032;56;94;9;159;0;9;2;11;56;103;11;170;51;56;8;115;1;5;0;6;52;61;8;121;107;150;17;274;1;14;2;17;108;164;19;291;2020
02033;257;715;154;1126;3;124;37;164;260;839;191;1290;285;643;131;1059;2;86;37;125;287;729;168;1184;542;1358;285;2185;5;210;74;289;547;1568;359;2474;2020
02034;203;488;108;799;0;114;28;142;203;602;136;941;225;446;82;753;2;108;27;137;227;554;109;890;428;934;190;1552;2;222;55;279;430;1156;245;1831;2020
02035;206;828;192;1226;0;80;16;96;206;908;208;1322;233;686;204;1123;0;78;25;103;233;764;229;1226;439;1514;396;2349;0;158;41;199;439;1672;437;2548;2020
02036;17;32;3;52;0;0;0;0;17;32;3;52;24;19;2;45;0;1;0;1;24;20;2;46;41;51;5;97;0;1;0;1;41;52;5;98;2020
02037;2254;9270;2234;13758;28;1148;185;1361;2282;10418;2419;15119;2832;9056;2111;13999;35;875;172;1082;2867;9931;2283;15081;5086;18326;4345;27757;63;2023;357;2443;5149;20349;4702;30200;2020
02038;31;97;11;139;0;16;9;25;31;113;20;164;44;84;7;135;0;15;8;23;44;99;15;158;75;181;18;274;0;31;17;48;75;212;35;322;2020
02039;153;338;71;562;0;20;7;27;153;358;78;589;176;293;51;520;0;21;5;26;176;314;56;546;329;631;122;1082;0;41;12;53;329;672;134;1135;2020
02040;92;201;33;326;1;10;2;13;93;211;35;339;85;169;24;278;0;12;1;13;85;181;25;291;177;370;57;604;1;22;3;26;178;392;60;630;2020
02041;63;109;10;182;0;3;1;4;63;112;11;186;69;70;15;154;0;2;0;2;69;72;15;156;132;179;25;336;0;5;1;6;132;184;26;342;2020
02042;118;281;24;423;0;10;1;11;118;291;25;434;147;270;29;446;1;10;1;12;148;280;30;458;265;551;53;869;1;20;2;23;266;571;55;892;2020
02043;170;436;51;657;1;29;5;35;171;465;56;692;213;352;43;608;1;28;3;32;214;380;46;640;383;788;94;1265;2;57;8;67;385;845;102;1332;2020
02044;168;376;42;586;0;4;1;5;168;380;43;591;199;305;45;549;0;8;2;10;199;313;47;559;367;681;87;1135;0;12;3;15;367;693;90;1150;2020
02045;466;1383;343;2192;5;136;34;175;471;1519;377;2367;547;1238;306;2091;6;127;43;176;553;1365;349;2267;1013;2621;649;4283;11;263;77;351;1024;2884;726;4634;2020
02046;142;436;89;667;0;27;8;35;142;463;97;702;169;383;86;638;0;15;7;22;169;398;93;660;311;819;175;1305;0;42;15;57;311;861;190;1362;2020
02047;26;30;1;57;0;0;0;0;26;30;1;57;24;23;0;47;0;0;0;0;24;23;0;47;50;53;1;104;0;0;0;0;50;53;1;104;2020
02048;193;396;75;664;0;76;16;92;193;472;91;756;224;361;72;657;1;53;8;62;225;414;80;719;417;757;147;1321;1;129;24;154;418;886;171;1475;2020
02049;147;239;29;415;1;5;0;6;148;244;29;421;169;190;27;386;1;5;0;6;170;195;27;392;316;429;56;801;2;10;0;12;318;439;56;813;2020
02050;13;30;4;47;0;0;0;0;13;30;4;47;16;22;3;41;0;0;0;0;16;22;3;41;29;52;7;88;0;0;0;0;29;52;7;88;2020
02051;229;614;120;963;0;68;14;82;229;682;134;1045;287;543;98;928;2;51;15;68;289;594;113;996;516;1157;218;1891;2;119;29;150;518;1276;247;2041;2020
02052;76;186;29;291;0;17;5;22;76;203;34;313;72;146;28;246;1;13;5;19;73;159;33;265;148;332;57;537;1;30;10;41;149;362;67;578;2020
02053;375;1132;223;1730;0;26;12;38;375;1158;235;1768;439;993;189;1621;1;33;6;40;440;1026;195;1661;814;2125;412;3351;1;59;18;78;815;2184;430;3429;2020
02054;59;147;17;223;0;44;7;51;59;191;24;274;78;98;18;194;1;38;14;53;79;136;32;247;137;245;35;417;1;82;21;104;138;327;56;521;2020
02055;160;429;60;649;0;4;1;5;160;433;61;654;179;292;44;515;1;7;1;9;180;299;45;524;339;721;104;1164;1;11;2;14;340;732;106;1178;2020
02056;240;579;122;941;2;48;10;60;242;627;132;1001;308;534;98;940;0;28;7;35;308;562;105;975;548;1113;220;1881;2;76;17;95;550;1189;237;1976;2020
02057;258;724;130;1112;1;18;3;22;259;742;133;1134;320;654;123;1097;2;25;4;31;322;679;127;1128;578;1378;253;2209;3;43;7;53;581;1421;260;2262;2020
02058;55;110;10;175;0;3;0;3;55;113;10;178;60;74;10;144;0;6;1;7;60;80;11;151;115;184;20;319;0;9;1;10;115;193;21;329;2020
02059;60;117;6;183;0;2;1;3;60;119;7;186;53;86;5;144;1;2;0;3;54;88;5;147;113;203;11;327;1;4;1;6;114;207;12;333;2020
02060;215;548;46;809;0;6;0;6;215;554;46;815;179;353;42;574;0;5;0;5;179;358;42;579;394;901;88;1383;0;11;0;11;394;912;88;1394;2020
02061;115;193;18;326;1;16;9;26;116;209;27;352;122;165;27;314;0;10;5;15;122;175;32;329;237;358;45;640;1;26;14;41;238;384;59;681;2020
02062;63;147;11;221;0;4;0;4;63;151;11;225;68;96;14;178;0;2;0;2;68;98;14;180;131;243;25;399;0;6;0;6;131;249;25;405;2020
02063;235;488;72;795;1;26;8;35;236;514;80;830;251;406;72;729;0;31;3;34;251;437;75;763;486;894;144;1524;1;57;11;69;487;951;155;1593;2020
02064;60;128;12;200;0;8;0;8;60;136;12;208;84;105;2;191;0;7;2;9;84;112;4;200;144;233;14;391;0;15;2;17;144;248;16;408;2020
02065;73;163;13;249;0;2;0;2;73;165;13;251;67;129;19;215;0;3;0;3;67;132;19;218;140;292;32;464;0;5;0;5;140;297;32;469;2020
02066;56;62;5;123;0;3;0;3;56;65;5;126;46;51;2;99;1;5;0;6;47;56;2;105;102;113;7;222;1;8;0;9;103;121;7;231;2020
02067;134;455;84;673;5;8;1;14;139;463;85;687;162;402;70;634;4;16;0;20;166;418;70;654;296;857;154;1307;9;24;1;34;305;881;155;1341;2020
02068;49;137;15;201;0;5;0;5;49;142;15;206;43;105;17;165;0;5;0;5;43;110;17;170;92;242;32;366;0;10;0;10;92;252;32;376;2020
02069;1267;4552;1068;6887;14;707;245;966;1281;5259;1313;7853;1531;4271;996;6798;26;632;218;876;1557;4903;1214;7674;2798;8823;2064;13685;40;1339;463;1842;2838;10162;2527;15527;2020
02070;77;119;24;220;0;26;5;31;77;145;29;251;83;100;16;199;1;15;4;20;84;115;20;219;160;219;40;419;1;41;9;51;161;260;49;470;2020
02071;131;394;37;562;2;22;12;36;133;416;49;598;146;349;51;546;0;17;10;27;146;366;61;573;277;743;88;1108;2;39;22;63;279;782;110;1171;2020
02072;238;547;92;877;2;33;7;42;240;580;99;919;272;485;79;836;1;16;6;23;273;501;85;859;510;1032;171;1713;3;49;13;65;513;1081;184;1778;2020
02073;609;1875;443;2927;6;188;44;238;615;2063;487;3165;690;1758;387;2835;9;142;36;187;699;1900;423;3022;1299;3633;830;5762;15;330;80;425;1314;3963;910;6187;2020
02074;740;2247;459;3446;13;367;132;512;753;2614;591;3958;875;2075;441;3391;5;248;107;360;880;2323;548;3751;1615;4322;900;6837;18;615;239;872;1633;4937;1139;7709;2020
02075;230;631;119;980;1;33;9;43;231;664;128;1023;281;547;113;941;1;22;3;26;282;569;116;967;511;1178;232;1921;2;55;12;69;513;1233;244;1990;2020
02076;48;113;9;170;0;0;0;0;48;113;9;170;58;88;13;159;0;0;0;0;58;88;13;159;106;201;22;329;0;0;0;0;106;201;22;329;2020
02077;7;22;2;31;0;4;0;4;7;26;2;35;6;18;1;25;0;1;0;1;6;19;1;26;13;40;3;56;0;5;0;5;13;45;3;61;2020
02078;128;340;70;538;1;34;10;45;129;374;80;583;161;272;44;477;0;35;7;42;161;307;51;519;289;612;114;1015;1;69;17;87;290;681;131;1102;2020
02079;390;1081;228;1699;7;287;85;379;397;1368;313;2078;433;972;202;1607;9;309;67;385;442;1281;269;1992;823;2053;430;3306;16;596;152;764;839;2649;582;4070;2020
02080;76;181;20;277;1;24;5;30;77;205;25;307;94;146;17;257;0;14;5;19;94;160;22;276;170;327;37;534;1;38;10;49;171;365;47;583;2020
02081;1841;7302;1871;11014;26;1092;302;1420;1867;8394;2173;12434;2475;7054;1780;11309;37;1090;246;1373;2512;8144;2026;12682;4316;14356;3651;22323;63;2182;548;2793;4379;16538;4199;25116;2020
02082;24;34;4;62;0;2;0;2;24;36;4;64;12;27;5;44;0;1;0;1;12;28;5;45;36;61;9;106;0;3;0;3;36;64;9;109;2020
02083;46;79;6;131;0;3;0;3;46;82;6;134;41;43;1;85;0;1;0;1;41;44;1;86;87;122;7;216;0;4;0;4;87;126;7;220;2020
02084;43;119;9;171;0;0;0;0;43;119;9;171;57;83;13;153;0;1;0;1;57;84;13;154;100;202;22;324;0;1;0;1;100;203;22;325;2020
02085;51;107;9;167;0;4;0;4;51;111;9;171;52;93;9;154;0;1;3;4;52;94;12;158;103;200;18;321;0;5;3;8;103;205;21;329;2020
02086;462;764;111;1337;2;13;2;17;464;777;113;1354;502;649;93;1244;1;14;1;16;503;663;94;1260;964;1413;204;2581;3;27;3;33;967;1440;207;2614;2020
02901;261;862;234;1357;1;45;10;56;262;907;244;1413;310;819;205;1334;4;34;6;44;314;853;211;1378;571;1681;439;2691;5;79;16;100;576;1760;455;2791;2020
03001;52;126;19;197;57;54;6;117;109;180;25;314;59;98;17;174;53;66;4;123;112;164;21;297;111;224;36;371;110;120;10;240;221;344;46;611;2020
03002;419;1450;337;2206;19;143;30;192;438;1593;367;2398;497;1373;320;2190;23;145;38;206;520;1518;358;2396;916;2823;657;4396;42;288;68;398;958;3111;725;4794;2020
03003;60;192;31;283;5;20;1;26;65;212;32;309;76;127;33;236;6;13;0;19;82;140;33;255;136;319;64;519;11;33;1;45;147;352;65;564;2020
03004;68;261;56;385;39;73;9;121;107;334;65;506;68;233;54;355;32;82;11;125;100;315;65;480;136;494;110;740;71;155;20;246;207;649;130;986;2020
03005;746;3329;895;4970;118;955;313;1386;864;4284;1208;6356;902;3176;888;4966;108;762;282;1152;1010;3938;1170;6118;1648;6505;1783;9936;226;1717;595;2538;1874;8222;2378;12474;2020
03006;63;192;33;288;211;141;13;365;274;333;46;653;77;160;31;268;193;171;17;381;270;331;48;649;140;352;64;556;404;312;30;746;544;664;94;1302;2020
03007;18;69;8;95;10;8;0;18;28;77;8;113;25;64;8;97;7;8;1;16;32;72;9;113;43;133;16;192;17;16;1;34;60;149;17;226;2020
03008;33;52;9;94;1;3;0;4;34;55;9;98;34;35;6;75;1;3;0;4;35;38;6;79;67;87;15;169;2;6;0;8;69;93;15;177;2020
03009;5245;17470;4112;26827;47;1812;421;2280;5292;19282;4533;29107;7203;17166;3916;28285;61;1568;333;1962;7264;18734;4249;30247;12448;34636;8028;55112;108;3380;754;4242;12556;38016;8782;59354;2020
03010;34;129;19;182;2;11;3;16;36;140;22;198;61;115;25;201;1;6;0;7;62;121;25;208;95;244;44;383;3;17;3;23;98;261;47;406;2020
03011;766;3348;850;4964;1732;2738;511;4981;2498;6086;1361;9945;842;3233;813;4888;1751;2989;469;5209;2593;6222;1282;10097;1608;6581;1663;9852;3483;5727;980;10190;5091;12308;2643;20042;2020
03012;106;491;148;745;404;377;69;850;510;868;217;1595;118;446;128;692;354;420;64;838;472;866;192;1530;224;937;276;1437;758;797;133;1688;982;1734;409;3125;2020
03013;151;378;101;630;6;27;5;38;157;405;106;668;180;364;85;629;8;19;2;29;188;383;87;658;331;742;186;1259;14;46;7;67;345;788;193;1326;2020
03014;25474;89778;23017;138269;1398;19434;4284;25116;26872;109212;27301;163385;35619;92574;21543;149736;1728;18514;4119;24361;37347;111088;25662;174097;61093;182352;44560;288005;3126;37948;8403;49477;64219;220300;52963;337482;2020
03015;1181;5426;1574;8181;284;1648;581;2513;1465;7074;2155;10694;1504;5073;1489;8066;276;1621;551;2448;1780;6694;2040;10514;2685;10499;3063;16247;560;3269;1132;4961;3245;13768;4195;21208;2020
03016;14;31;3;48;2;3;0;5;16;34;3;53;23;21;4;48;4;4;0;8;27;25;4;56;37;52;7;96;6;7;0;13;43;59;7;109;2020
03017;25;169;29;223;1;12;5;18;26;181;34;241;42;156;38;236;1;11;4;16;43;167;42;252;67;325;67;459;2;23;9;34;69;348;76;493;2020
03018;1292;4834;1144;7270;865;2432;478;3775;2157;7266;1622;11045;1642;4974;1086;7702;865;2489;457;3811;2507;7463;1543;11513;2934;9808;2230;14972;1730;4921;935;7586;4664;14729;3165;22558;2020
03019;1487;6444;1809;9740;120;517;94;731;1607;6961;1903;10471;1846;6087;1652;9585;110;532;106;748;1956;6619;1758;10333;3333;12531;3461;19325;230;1049;200;1479;3563;13580;3661;20804;2020
03020;12;37;3;52;6;12;1;19;18;49;4;71;17;28;4;49;3;4;1;8;20;32;5;57;29;65;7;101;9;16;2;27;38;81;9;128;2020
03021;651;2156;535;3342;5;161;40;206;656;2317;575;3548;829;2061;488;3378;9;112;43;164;838;2173;531;3542;1480;4217;1023;6720;14;273;83;370;1494;4490;1106;7090;2020
03022;28;42;3;73;0;2;0;2;28;44;3;75;34;35;7;76;2;3;0;5;36;38;7;81;62;77;10;149;2;5;0;7;64;82;10;156;2020
03023;171;515;117;803;1;34;7;42;172;549;124;845;227;475;107;809;4;30;2;36;231;505;109;845;398;990;224;1612;5;64;9;78;403;1054;233;1690;2020
03024;434;1559;363;2356;36;252;67;355;470;1811;430;2711;545;1465;362;2372;40;231;81;352;585;1696;443;2724;979;3024;725;4728;76;483;148;707;1055;3507;873;5435;2020
03025;116;597;167;880;61;66;9;136;177;663;176;1016;125;505;167;797;53;91;8;152;178;596;175;949;241;1102;334;1677;114;157;17;288;355;1259;351;1965;2020
03026;123;569;159;851;70;155;20;245;193;724;179;1096;170;515;120;805;97;146;15;258;267;661;135;1063;293;1084;279;1656;167;301;35;503;460;1385;314;2159;2020
03027;30;46;7;83;3;8;3;14;33;54;10;97;27;50;17;94;1;7;1;9;28;57;18;103;57;96;24;177;4;15;4;23;61;111;28;200;2020
03028;138;348;48;534;4;21;4;29;142;369;52;563;184;286;32;502;4;28;2;34;188;314;34;536;322;634;80;1036;8;49;6;63;330;683;86;1099;2020
03029;44;74;16;134;45;44;4;93;89;118;20;227;49;67;14;130;39;42;5;86;88;109;19;216;93;141;30;264;84;86;9;179;177;227;39;443;2020
03030;58;223;46;327;84;110;15;209;142;333;61;536;87;201;46;334;85;115;8;208;172;316;54;542;145;424;92;661;169;225;23;417;314;649;115;1078;2020
03031;5213;15711;3335;24259;1523;7961;1471;10955;6736;23672;4806;35214;6251;15733;3090;25074;1425;7319;1418;10162;7676;23052;4508;35236;11464;31444;6425;49333;2948;15280;2889;21117;14412;46724;9314;70450;2020
03032;12;42;3;57;0;0;0;0;12;42;3;57;18;27;2;47;0;0;0;0;18;27;2;47;30;69;5;104;0;0;0;0;30;69;5;104;2020
03033;16;41;4;61;3;7;0;10;19;48;4;71;15;34;7;56;4;5;0;9;19;39;7;65;31;75;11;117;7;12;0;19;38;87;11;136;2020
03034;128;561;132;821;357;377;49;783;485;938;181;1604;170;569;153;892;340;392;65;797;510;961;218;1689;298;1130;285;1713;697;769;114;1580;995;1899;399;3293;2020
03035;109;223;35;367;7;8;2;17;116;231;37;384;124;177;22;323;3;15;1;19;127;192;23;342;233;400;57;690;10;23;3;36;243;423;60;726;2020
03036;8;38;5;51;0;1;0;1;8;39;5;52;9;31;7;47;0;1;0;1;9;32;7;48;17;69;12;98;0;2;0;2;17;71;12;100;2020
03037;52;118;30;200;11;41;1;53;63;159;31;253;48;128;24;200;13;27;4;44;61;155;28;244;100;246;54;400;24;68;5;97;124;314;59;497;2020
03038;44;126;17;187;6;8;0;14;50;134;17;201;64;95;18;177;9;9;0;18;73;104;18;195;108;221;35;364;15;17;0;32;123;238;35;396;2020
03039;16;31;4;51;1;3;0;4;17;34;4;55;18;25;1;44;3;1;0;4;21;26;1;48;34;56;5;95;4;4;0;8;38;60;5;103;2020
03040;36;95;20;151;22;22;2;46;58;117;22;197;44;91;29;164;44;23;1;68;88;114;30;232;80;186;49;315;66;45;3;114;146;231;52;429;2020
03041;696;2359;596;3651;581;1119;195;1895;1277;3478;791;5546;865;2371;578;3814;560;1185;183;1928;1425;3556;761;5742;1561;4730;1174;7465;1141;2304;378;3823;2702;7034;1552;11288;2020
03042;161;575;135;871;564;626;139;1329;725;1201;274;2200;201;556;130;887;561;669;135;1365;762;1225;265;2252;362;1131;265;1758;1125;1295;274;2694;1487;2426;539;4452;2020
03043;345;1116;265;1726;10;49;10;69;355;1165;275;1795;405;1099;289;1793;7;49;11;67;412;1148;300;1860;750;2215;554;3519;17;98;21;136;767;2313;575;3655;2020
03044;412;1941;529;2882;77;429;93;599;489;2370;622;3481;535;1861;491;2887;63;365;113;541;598;2226;604;3428;947;3802;1020;5769;140;794;206;1140;1087;4596;1226;6909;2020
03045;37;80;10;127;27;60;4;91;64;140;14;218;33;69;12;114;23;59;3;85;56;128;15;199;70;149;22;241;50;119;7;176;120;268;29;417;2020
03046;154;716;177;1047;220;253;43;516;374;969;220;1563;155;682;173;1010;192;278;32;502;347;960;205;1512;309;1398;350;2057;412;531;75;1018;721;1929;425;3075;2020
03047;928;4101;1071;6100;1652;3392;631;5675;2580;7493;1702;11775;1115;3889;949;5953;1675;3341;582;5598;2790;7230;1531;11551;2043;7990;2020;12053;3327;6733;1213;11273;5370;14723;3233;23326;2020
03048;566;1937;519;3022;52;686;111;849;618;2623;630;3871;723;1828;470;3021;49;477;104;630;772;2305;574;3651;1289;3765;989;6043;101;1163;215;1479;1390;4928;1204;7522;2020
03049;1263;4913;1320;7496;46;1575;639;2260;1309;6488;1959;9756;1696;4518;1262;7476;52;1259;584;1895;1748;5777;1846;9371;2959;9431;2582;14972;98;2834;1223;4155;3057;12265;3805;19127;2020
03050;2079;7554;1878;11511;592;1591;382;2565;2671;9145;2260;14076;2615;7731;1674;12020;634;1852;348;2834;3249;9583;2022;14854;4694;15285;3552;23531;1226;3443;730;5399;5920;18728;4282;28930;2020
03051;42;134;30;206;0;5;1;6;42;139;31;212;45;131;20;196;0;8;1;9;45;139;21;205;87;265;50;402;0;13;2;15;87;278;52;417;2020
03052;115;353;100;568;2;17;9;28;117;370;109;596;144;359;88;591;2;17;2;21;146;376;90;612;259;712;188;1159;4;34;11;49;263;746;199;1208;2020
03053;745;3204;759;4708;166;401;56;623;911;3605;815;5331;917;2920;687;4524;149;385;72;606;1066;3305;759;5130;1662;6124;1446;9232;315;786;128;1229;1977;6910;1574;10461;2020
03054;57;107;19;183;18;24;6;48;75;131;25;231;79;87;9;175;13;15;3;31;92;102;12;206;136;194;28;358;31;39;9;79;167;233;37;437;2020
03055;469;2234;685;3388;342;597;141;1080;811;2831;826;4468;583;2156;599;3338;304;633;155;1092;887;2789;754;4430;1052;4390;1284;6726;646;1230;296;2172;1698;5620;1580;8898;2020
03056;1044;3292;702;5038;51;603;160;814;1095;3895;862;5852;1267;3151;622;5040;32;432;164;628;1299;3583;786;5668;2311;6443;1324;10078;83;1035;324;1442;2394;7478;1648;11520;2020
03057;38;67;11;116;4;27;2;33;42;94;13;149;38;42;7;87;6;18;1;25;44;60;8;112;76;109;18;203;10;45;3;58;86;154;21;261;2020
03058;492;2079;577;3148;19;428;162;609;511;2507;739;3757;597;1945;483;3025;21;418;165;604;618;2363;648;3629;1089;4024;1060;6173;40;846;327;1213;1129;4870;1387;7386;2020
03059;2088;8589;2274;12951;225;1366;425;2016;2313;9955;2699;14967;2504;8043;2179;12726;177;1245;421;1843;2681;9288;2600;14569;4592;16632;4453;25677;402;2611;846;3859;4994;19243;5299;29536;2020
03060;20;35;5;60;2;2;0;4;22;37;5;64;23;20;5;48;2;4;0;6;25;24;5;54;43;55;10;108;4;6;0;10;47;61;10;118;2020
03061;91;448;81;620;94;106;24;224;185;554;105;844;147;396;99;642;91;123;33;247;238;519;132;889;238;844;180;1262;185;229;57;471;423;1073;237;1733;2020
03062;26;90;11;127;120;109;15;244;146;199;26;371;34;82;14;130;101;121;8;230;135;203;22;360;60;172;25;257;221;230;23;474;281;402;48;731;2020
03063;2697;10713;2687;16097;879;3198;549;4626;3576;13911;3236;20723;3470;11034;2513;17017;994;3528;565;5087;4464;14562;3078;22104;6167;21747;5200;33114;1873;6726;1114;9713;8040;28473;6314;42827;2020
03064;504;2100;502;3106;115;407;128;650;619;2507;630;3756;654;1888;534;3076;111;436;152;699;765;2324;686;3775;1158;3988;1036;6182;226;843;280;1349;1384;4831;1316;7531;2020
03065;17032;67893;17712;102637;657;10898;2194;13749;17689;78791;19906;116386;21592;67266;16964;105822;726;9723;2108;12557;22318;76989;19072;118379;38624;135159;34676;208459;1383;20621;4302;26306;40007;155780;38978;234765;2020
03066;4676;15819;3740;24235;57;1214;232;1503;4733;17033;3972;25738;6374;15646;3498;25518;86;1236;235;1557;6460;16882;3733;27075;11050;31465;7238;49753;143;2450;467;3060;11193;33915;7705;52813;2020
03067;18;34;1;53;1;2;0;3;19;36;1;56;21;25;3;49;1;1;0;2;22;26;3;51;39;59;4;102;2;3;0;5;41;62;4;107;2020
03068;9;13;1;23;0;1;0;1;9;14;1;24;10;7;0;17;2;2;0;4;12;9;0;21;19;20;1;40;2;3;0;5;21;23;1;45;2020
03069;301;1521;366;2188;260;981;216;1457;561;2502;582;3645;285;1319;378;1982;232;1036;208;1476;517;2355;586;3458;586;2840;744;4170;492;2017;424;2933;1078;4857;1168;7103;2020
03070;187;898;236;1321;248;488;111;847;435;1386;347;2168;235;869;198;1302;220;476;102;798;455;1345;300;2100;422;1767;434;2623;468;964;213;1645;890;2731;647;4268;2020
03071;455;1615;381;2451;133;511;86;730;588;2126;467;3181;531;1514;355;2400;117;444;101;662;648;1958;456;3062;986;3129;736;4851;250;955;187;1392;1236;4084;923;6243;2020
03072;49;140;28;217;7;11;1;19;56;151;29;236;49;135;35;219;7;15;2;24;56;150;37;243;98;275;63;436;14;26;3;43;112;301;66;479;2020
03073;34;88;4;126;1;3;0;4;35;91;4;130;30;67;9;106;1;4;0;5;31;71;9;111;64;155;13;232;2;7;0;9;66;162;13;241;2020
03074;192;752;172;1116;7;169;64;240;199;921;236;1356;201;649;187;1037;4;140;54;198;205;789;241;1235;393;1401;359;2153;11;309;118;438;404;1710;477;2591;2020
03075;22;57;4;83;8;20;0;28;30;77;4;111;17;61;8;86;6;19;2;27;23;80;10;113;39;118;12;169;14;39;2;55;53;157;14;224;2020
03076;1072;3365;832;5269;655;1472;339;2466;1727;4837;1171;7735;1303;3341;827;5471;675;1670;298;2643;1978;5011;1125;8114;2375;6706;1659;10740;1330;3142;637;5109;3705;9848;2296;15849;2020
03077;185;538;109;832;284;194;23;501;469;732;132;1333;201;503;95;799;234;227;13;474;435;730;108;1273;386;1041;204;1631;518;421;36;975;904;1462;240;2606;2020
03078;77;186;52;315;182;125;11;318;259;311;63;633;66;152;51;269;161;175;4;340;227;327;55;609;143;338;103;584;343;300;15;658;486;638;118;1242;2020
03079;2010;7270;1748;11028;25;613;110;748;2035;7883;1858;11776;2466;7026;1623;11115;27;562;84;673;2493;7588;1707;11788;4476;14296;3371;22143;52;1175;194;1421;4528;15471;3565;23564;2020
03080;146;557;127;830;53;116;25;194;199;673;152;1024;179;490;102;771;62;118;23;203;241;608;125;974;325;1047;229;1601;115;234;48;397;440;1281;277;1998;2020
03081;207;558;140;905;204;275;53;532;411;833;193;1437;235;513;139;887;175;322;47;544;410;835;186;1431;442;1071;279;1792;379;597;100;1076;821;1668;379;2868;2020
03082;1259;5232;1327;7818;1703;3662;745;6110;2962;8894;2072;13928;1583;5090;1291;7964;1809;3591;724;6124;3392;8681;2015;14088;2842;10322;2618;15782;3512;7253;1469;12234;6354;17575;4087;28016;2020
03083;595;2063;482;3140;24;159;32;215;619;2222;514;3355;884;1989;423;3296;26;169;33;228;910;2158;456;3524;1479;4052;905;6436;50;328;65;443;1529;4380;970;6879;2020
03084;82;173;18;273;10;6;0;16;92;179;18;289;102;152;17;271;8;13;1;22;110;165;18;293;184;325;35;544;18;19;1;38;202;344;36;582;2020
03085;30;115;25;170;117;108;19;244;147;223;44;414;38;97;24;159;104;137;16;257;142;234;40;416;68;212;49;329;221;245;35;501;289;457;84;830;2020
03086;23;60;9;92;16;19;0;35;39;79;9;127;27;56;6;89;10;14;0;24;37;70;6;113;50;116;15;181;26;33;0;59;76;149;15;240;2020
03088;490;2653;683;3826;44;444;61;549;534;3097;744;4375;550;2376;676;3602;38;281;50;369;588;2657;726;3971;1040;5029;1359;7428;82;725;111;918;1122;5754;1470;8346;2020
03089;1094;3693;899;5686;68;305;38;411;1162;3998;937;6097;1432;3458;823;5713;63;303;36;402;1495;3761;859;6115;2526;7151;1722;11399;131;608;74;813;2657;7759;1796;12212;2020
03090;1483;7807;2131;11421;241;945;215;1401;1724;8752;2346;12822;1815;7554;1969;11338;237;1049;199;1485;2052;8603;2168;12823;3298;15361;4100;22759;478;1994;414;2886;3776;17355;4514;25645;2020
03091;37;73;17;127;55;46;6;107;92;119;23;234;57;76;19;152;58;58;5;121;115;134;24;273;94;149;36;279;113;104;11;228;207;253;47;507;2020
03092;693;2706;664;4063;43;403;127;573;736;3109;791;4636;861;2616;715;4192;45;314;128;487;906;2930;843;4679;1554;5322;1379;8255;88;717;255;1060;1642;6039;1634;9315;2020
03093;2003;7820;1857;11680;42;909;175;1126;2045;8729;2032;12806;2597;7723;1709;12029;42;684;180;906;2639;8407;1889;12935;4600;15543;3566;23709;84;1593;355;2032;4684;17136;3921;25741;2020
03094;704;4462;1329;6495;730;1666;345;2741;1434;6128;1674;9236;719;4188;1191;6098;814;1706;309;2829;1533;5894;1500;8927;1423;8650;2520;12593;1544;3372;654;5570;2967;12022;3174;18163;2020
03095;508;1965;511;2984;61;448;76;585;569;2413;587;3569;624;1806;482;2912;69;447;79;595;693;2253;561;3507;1132;3771;993;5896;130;895;155;1180;1262;4666;1148;7076;2020
03096;609;2294;574;3477;34;232;48;314;643;2526;622;3791;814;2182;521;3517;29;229;34;292;843;2411;555;3809;1423;4476;1095;6994;63;461;82;606;1486;4937;1177;7600;2020
03097;128;376;115;619;230;220;37;487;358;596;152;1106;172;362;112;646;225;237;18;480;397;599;130;1126;300;738;227;1265;455;457;55;967;755;1195;282;2232;2020
03098;50;224;47;321;30;46;3;79;80;270;50;400;67;206;44;317;20;42;5;67;87;248;49;384;117;430;91;638;50;88;8;146;167;518;99;784;2020
03099;4492;17131;4312;25935;3964;7476;1590;13030;8456;24607;5902;38965;5768;16735;4144;26647;3745;7515;1633;12893;9513;24250;5777;39540;10260;33866;8456;52582;7709;14991;3223;25923;17969;48857;11679;78505;2020
03100;70;179;27;276;94;93;10;197;164;272;37;473;90;176;30;296;84;99;15;198;174;275;45;494;160;355;57;572;178;192;25;395;338;547;82;967;2020
03101;521;1983;509;3013;292;530;92;914;813;2513;601;3927;670;1875;466;3011;266;572;105;943;936;2447;571;3954;1191;3858;975;6024;558;1102;197;1857;1749;4960;1172;7881;2020
03102;877;2743;635;4255;308;416;62;786;1185;3159;697;5041;1158;2576;573;4307;291;439;55;785;1449;3015;628;5092;2035;5319;1208;8562;599;855;117;1571;2634;6174;1325;10133;2020
03103;42;80;10;132;2;6;2;10;44;86;12;142;40;63;12;115;4;8;0;12;44;71;12;127;82;143;22;247;6;14;2;22;88;157;24;269;2020
03104;2432;11208;2867;16507;24;407;66;497;2456;11615;2933;17004;3082;10990;2646;16718;29;426;64;519;3111;11416;2710;17237;5514;22198;5513;33225;53;833;130;1016;5567;23031;5643;34241;2020
03105;554;2279;557;3390;138;431;96;665;692;2710;653;4055;676;2115;536;3327;130;444;69;643;806;2559;605;3970;1230;4394;1093;6717;268;875;165;1308;1498;5269;1258;8025;2020
03106;100;202;24;326;14;25;2;41;114;227;26;367;108;149;26;283;7;25;0;32;115;174;26;315;208;351;50;609;21;50;2;73;229;401;52;682;2020
03107;227;1247;342;1816;157;516;110;783;384;1763;452;2599;279;1133;311;1723;147;497;98;742;426;1630;409;2465;506;2380;653;3539;304;1013;208;1525;810;3393;861;5064;2020
03109;243;1321;342;1906;25;243;85;353;268;1564;427;2259;327;1215;343;1885;27;276;106;409;354;1491;449;2294;570;2536;685;3791;52;519;191;762;622;3055;876;4553;2020
03110;35;125;32;192;73;59;5;137;108;184;37;329;37;125;28;190;72;53;4;129;109;178;32;319;72;250;60;382;145;112;9;266;217;362;69;648;2020
03111;514;2385;642;3541;15;433;127;575;529;2818;769;4116;615;2184;571;3370;25;319;96;440;640;2503;667;3810;1129;4569;1213;6911;40;752;223;1015;1169;5321;1436;7926;2020
03112;104;242;34;380;79;123;16;218;183;365;50;598;118;190;40;348;56;132;14;202;174;322;54;550;222;432;74;728;135;255;30;420;357;687;104;1148;2020
03113;484;1759;476;2719;2843;2596;359;5798;3327;4355;835;8517;579;1606;390;2575;2669;2579;331;5579;3248;4185;721;8154;1063;3365;866;5294;5512;5175;690;11377;6575;8540;1556;16671;2020
03114;206;638;157;1001;120;149;21;290;326;787;178;1291;254;528;117;899;105;173;24;302;359;701;141;1201;460;1166;274;1900;225;322;45;592;685;1488;319;2492;2020
03115;38;87;15;140;37;25;5;67;75;112;20;207;50;78;16;144;34;34;7;75;84;112;23;219;88;165;31;284;71;59;12;142;159;224;43;426;2020
03116;129;476;110;715;38;67;14;119;167;543;124;834;138;435;99;672;33;74;7;114;171;509;106;786;267;911;209;1387;71;141;21;233;338;1052;230;1620;2020
03117;48;150;44;242;65;42;5;112;113;192;49;354;68;129;20;217;58;60;1;119;126;189;21;336;116;279;64;459;123;102;6;231;239;381;70;690;2020
03118;330;953;227;1510;1352;1063;165;2580;1682;2016;392;4090;356;848;220;1424;1209;1188;160;2557;1565;2036;380;3981;686;1801;447;2934;2561;2251;325;5137;3247;4052;772;8071;2020
03119;1702;6756;1866;10324;122;1050;246;1418;1824;7806;2112;11742;2316;6978;1735;11029;195;1152;249;1596;2511;8130;1984;12625;4018;13734;3601;21353;317;2202;495;3014;4335;15936;4096;24367;2020
03120;266;1028;238;1532;666;789;191;1646;932;1817;429;3178;321;906;231;1458;593;918;166;1677;914;1824;397;3135;587;1934;469;2990;1259;1707;357;3323;1846;3641;826;6313;2020
03121;2141;9116;2366;13623;623;2096;400;3119;2764;11212;2766;16742;2583;8762;2212;13557;620;2041;343;3004;3203;10803;2555;16561;4724;17878;4578;27180;1243;4137;743;6123;5967;22015;5321;33303;2020
03122;3805;18241;5115;27161;125;1591;272;1988;3930;19832;5387;29149;4615;18366;4703;27684;157;1726;262;2145;4772;20092;4965;29829;8420;36607;9818;54845;282;3317;534;4133;8702;39924;10352;58978;2020
03123;741;3195;733;4669;77;199;33;309;818;3394;766;4978;923;2915;746;4584;59;210;28;297;982;3125;774;4881;1664;6110;1479;9253;136;409;61;606;1800;6519;1540;9859;2020
03124;58;190;17;265;14;15;5;34;72;205;22;299;77;140;31;248;16;13;1;30;93;153;32;278;135;330;48;513;30;28;6;64;165;358;54;577;2020
03125;43;140;24;207;29;59;13;101;72;199;37;308;42;108;36;186;22;54;13;89;64;162;49;275;85;248;60;393;51;113;26;190;136;361;86;583;2020
03127;60;128;16;204;39;69;9;117;99;197;25;321;70;102;22;194;34;68;6;108;104;170;28;302;130;230;38;398;73;137;15;225;203;367;53;623;2020
03128;434;1691;472;2597;1143;1630;286;3059;1577;3321;758;5656;583;1679;431;2693;1120;1579;230;2929;1703;3258;661;5622;1017;3370;903;5290;2263;3209;516;5988;3280;6579;1419;11278;2020
03129;132;557;91;780;52;44;8;104;184;601;99;884;148;427;98;673;44;58;3;105;192;485;101;778;280;984;189;1453;96;102;11;209;376;1086;200;1662;2020
03130;3;11;1;15;4;3;0;7;7;14;1;22;6;2;0;8;3;2;0;5;9;4;0;13;9;13;1;23;7;5;0;12;16;18;1;35;2020
03131;27;58;12;97;36;21;0;57;63;79;12;154;26;61;14;101;27;33;3;63;53;94;17;164;53;119;26;198;63;54;3;120;116;173;29;318;2020
03132;80;185;24;289;16;27;3;46;96;212;27;335;79;159;17;255;12;33;1;46;91;192;18;301;159;344;41;544;28;60;4;92;187;404;45;636;2020
03133;5431;15076;3936;24443;3529;11301;2444;17274;8960;26377;6380;41717;6686;14903;3570;25159;3816;11672;2303;17791;10502;26575;5873;42950;12117;29979;7506;49602;7345;22973;4747;35065;19462;52952;12253;84667;2020
03134;24;54;6;84;5;0;0;5;29;54;6;89;24;36;8;68;3;0;0;3;27;36;8;71;48;90;14;152;8;0;0;8;56;90;14;160;2020
03135;31;70;2;103;4;6;0;10;35;76;2;113;42;51;3;96;1;8;0;9;43;59;3;105;73;121;5;199;5;14;0;19;78;135;5;218;2020
03136;76;141;15;232;11;35;2;48;87;176;17;280;69;106;21;196;10;39;2;51;79;145;23;247;145;247;36;428;21;74;4;99;166;321;40;527;2020
03137;124;195;46;365;13;29;6;48;137;224;52;413;152;178;25;355;11;42;6;59;163;220;31;414;276;373;71;720;24;71;12;107;300;444;83;827;2020
03138;378;1232;306;1916;71;320;46;437;449;1552;352;2353;477;1162;270;1909;76;310;61;447;553;1472;331;2356;855;2394;576;3825;147;630;107;884;1002;3024;683;4709;2020
03139;2322;9336;2237;13895;490;2636;525;3651;2812;11972;2762;17546;2957;9012;2082;14051;468;2616;518;3602;3425;11628;2600;17653;5279;18348;4319;27946;958;5252;1043;7253;6237;23600;5362;35199;2020
03140;2681;10483;2650;15814;53;1073;253;1379;2734;11556;2903;17193;3431;9996;2412;15839;64;828;231;1123;3495;10824;2643;16962;6112;20479;5062;31653;117;1901;484;2502;6229;22380;5546;34155;2020
03901;139;424;113;676;343;251;28;622;482;675;141;1298;135;457;103;695;378;309;34;721;513;766;137;1416;274;881;216;1371;721;560;62;1343;995;1441;278;2714;2020
03902;979;4517;1246;6742;1365;2751;609;4725;2344;7268;1855;11467;1166;4310;1234;6710;1282;2343;545;4170;2448;6653;1779;10880;2145;8827;2480;13452;2647;5094;1154;8895;4792;13921;3634;22347;2020
03903;233;1146;287;1666;350;467;96;913;583;1613;383;2579;272;1024;261;1557;318;519;88;925;590;1543;349;2482;505;2170;548;3223;668;986;184;1838;1173;3156;732;5061;2020
03904;113;637;171;921;19;129;25;173;132;766;196;1094;129;585;143;857;9;120;23;152;138;705;166;1009;242;1222;314;1778;28;249;48;325;270;1471;362;2103;2020
04001;164;348;62;574;2;46;10;58;166;394;72;632;194;312;44;550;0;47;19;66;194;359;63;616;358;660;106;1124;2;93;29;124;360;753;135;1248;2020
04002;152;367;48;567;3;47;13;63;155;414;61;630;173;307;38;518;3;29;3;35;176;336;41;553;325;674;86;1085;6;76;16;98;331;750;102;1183;2020
04003;1556;7335;1985;10876;53;1794;302;2149;1609;9129;2287;13025;1944;7170;1793;10907;57;1109;314;1480;2001;8279;2107;12387;3500;14505;3778;21783;110;2903;616;3629;3610;17408;4394;25412;2020
04004;63;146;24;233;69;39;3;111;132;185;27;344;89;104;27;220;64;56;3;123;153;160;30;343;152;250;51;453;133;95;6;234;285;345;57;687;2020
04005;88;174;26;288;0;8;0;8;88;182;26;296;108;156;34;298;0;11;4;15;108;167;38;313;196;330;60;586;0;19;4;23;196;349;64;609;2020
04006;784;2831;822;4437;391;1144;216;1751;1175;3975;1038;6188;941;2624;752;4317;353;1025;200;1578;1294;3649;952;5895;1725;5455;1574;8754;744;2169;416;3329;2469;7624;1990;12083;2020
04007;99;289;41;429;0;6;0;6;99;295;41;435;101;259;33;393;0;14;2;16;101;273;35;409;200;548;74;822;0;20;2;22;200;568;76;844;2020
04008;89;151;21;261;8;14;1;23;97;165;22;284;74;124;16;214;3;13;0;16;77;137;16;230;163;275;37;475;11;27;1;39;174;302;38;514;2020
04009;17;48;0;65;1;3;2;6;18;51;2;71;22;39;1;62;1;4;0;5;23;43;1;67;39;87;1;127;2;7;2;11;41;94;3;138;2020
04010;52;242;47;341;1;13;1;15;53;255;48;356;84;203;26;313;1;7;0;8;85;210;26;321;136;445;73;654;2;20;1;23;138;465;74;677;2020
04011;296;1081;290;1667;10;156;25;191;306;1237;315;1858;378;1040;270;1688;8;116;21;145;386;1156;291;1833;674;2121;560;3355;18;272;46;336;692;2393;606;3691;2020
04012;27;69;5;101;1;0;0;1;28;69;5;102;29;59;10;98;0;1;0;1;29;60;10;99;56;128;15;199;1;1;0;2;57;129;15;201;2020
04013;13420;56394;15849;85663;356;10345;2167;12868;13776;66739;18016;98531;18678;58540;15080;92298;374;8047;2072;10493;19052;66587;17152;102791;32098;114934;30929;177961;730;18392;4239;23361;32828;133326;35168;201322;2020
04014;11;71;5;87;0;7;0;7;11;78;5;94;27;44;3;74;0;7;1;8;27;51;4;82;38;115;8;161;0;14;1;15;38;129;9;176;2020
04015;17;50;4;71;2;2;1;5;19;52;5;76;19;27;0;46;1;2;0;3;20;29;0;49;36;77;4;117;3;4;1;8;39;81;5;125;2020
04016;230;847;209;1286;47;336;55;438;277;1183;264;1724;298;806;196;1300;43;197;51;291;341;1003;247;1591;528;1653;405;2586;90;533;106;729;618;2186;511;3315;2020
04017;164;474;125;763;834;653;59;1546;998;1127;184;2309;203;448;113;764;719;778;54;1551;922;1226;167;2315;367;922;238;1527;1553;1431;113;3097;1920;2353;351;4624;2020
04018;31;93;14;138;1;6;0;7;32;99;14;145;55;76;14;145;1;9;0;10;56;85;14;155;86;169;28;283;2;15;0;17;88;184;28;300;2020
04019;50;81;3;134;0;0;1;1;50;81;4;135;51;54;6;111;2;1;1;4;53;55;7;115;101;135;9;245;2;1;2;5;103;136;11;250;2020
04020;40;122;8;170;0;2;1;3;40;124;9;173;39;78;15;132;0;6;1;7;39;84;16;139;79;200;23;302;0;8;2;10;79;208;25;312;2020
04021;31;56;6;93;5;6;0;11;36;62;6;104;33;59;10;102;4;6;0;10;37;65;10;112;64;115;16;195;9;12;0;21;73;127;16;216;2020
04022;46;149;20;215;163;122;5;290;209;271;25;505;63;104;24;191;129;155;4;288;192;259;28;479;109;253;44;406;292;277;9;578;401;530;53;984;2020
04023;22;33;2;57;0;0;0;0;22;33;2;57;32;26;4;62;0;1;0;1;32;27;4;63;54;59;6;119;0;1;0;1;54;60;6;120;2020
04024;243;1387;466;2096;3;101;18;122;246;1488;484;2218;292;1389;468;2149;4;88;22;114;296;1477;490;2263;535;2776;934;4245;7;189;40;236;542;2965;974;4481;2020
04026;13;19;0;32;0;0;0;0;13;19;0;32;15;9;1;25;0;1;0;1;15;10;1;26;28;28;1;57;0;1;0;1;28;29;1;58;2020
04027;34;79;9;122;8;8;3;19;42;87;12;141;35;61;4;100;3;13;5;21;38;74;9;121;69;140;13;222;11;21;8;40;80;161;21;262;2020
04028;40;76;16;132;2;1;0;3;42;77;16;135;37;56;9;102;1;2;0;3;38;58;9;105;77;132;25;234;3;3;0;6;80;135;25;240;2020
04029;778;3681;1006;5465;29;738;165;932;807;4419;1171;6397;1036;3486;921;5443;31;556;136;723;1067;4042;1057;6166;1814;7167;1927;10908;60;1294;301;1655;1874;8461;2228;12563;2020
04030;165;388;54;607;2;15;2;19;167;403;56;626;212;285;41;538;2;19;4;25;214;304;45;563;377;673;95;1145;4;34;6;44;381;707;101;1189;2020
04031;328;833;158;1319;168;194;31;393;496;1027;189;1712;365;724;164;1253;155;225;20;400;520;949;184;1653;693;1557;322;2572;323;419;51;793;1016;1976;373;3365;2020
04032;531;2448;640;3619;60;384;103;547;591;2832;743;4166;596;2284;566;3446;52;357;84;493;648;2641;650;3939;1127;4732;1206;7065;112;741;187;1040;1239;5473;1393;8105;2020
04033;15;44;2;61;0;2;0;2;15;46;2;63;17;35;3;55;1;1;0;2;18;36;3;57;32;79;5;116;1;3;0;4;33;82;5;120;2020
04034;33;58;4;95;0;3;0;3;33;61;4;98;30;37;8;75;0;5;0;5;30;42;8;80;63;95;12;170;0;8;0;8;63;103;12;178;2020
04035;804;3510;1059;5373;261;1506;382;2149;1065;5016;1441;7522;1006;3256;967;5229;208;1110;386;1704;1214;4366;1353;6933;1810;6766;2026;10602;469;2616;768;3853;2279;9382;2794;14455;2020
04036;39;84;13;136;3;12;1;16;42;96;14;152;40;80;17;137;2;6;1;9;42;86;18;146;79;164;30;273;5;18;2;25;84;182;32;298;2020
04037;200;408;67;675;25;54;6;85;225;462;73;760;259;354;60;673;17;36;3;56;276;390;63;729;459;762;127;1348;42;90;9;141;501;852;136;1489;2020
04038;334;1235;290;1859;3;118;34;155;337;1353;324;2014;444;1170;295;1909;3;111;29;143;447;1281;324;2052;778;2405;585;3768;6;229;63;298;784;2634;648;4066;2020
04041;60;147;22;229;19;36;2;57;79;183;24;286;29;120;19;168;26;32;2;60;55;152;21;228;89;267;41;397;45;68;4;117;134;335;45;514;2020
04043;64;241;31;336;9;18;2;29;73;259;33;365;55;159;25;239;7;22;3;32;62;181;28;271;119;400;56;575;16;40;5;61;135;440;61;636;2020
04044;132;656;153;941;6;135;18;159;138;791;171;1100;178;573;141;892;4;87;21;112;182;660;162;1004;310;1229;294;1833;10;222;39;271;320;1451;333;2104;2020
04045;230;621;92;943;1;42;12;55;231;663;104;998;256;592;106;954;0;28;4;32;256;620;110;986;486;1213;198;1897;1;70;16;87;487;1283;214;1984;2020
04046;102;356;38;496;4;8;1;13;106;364;39;509;140;265;52;457;4;21;3;28;144;286;55;485;242;621;90;953;8;29;4;41;250;650;94;994;2020
04047;208;947;266;1421;15;117;28;160;223;1064;294;1581;284;824;203;1311;13;107;22;142;297;931;225;1453;492;1771;469;2732;28;224;50;302;520;1995;519;3034;2020
04048;178;579;148;905;275;254;35;564;453;833;183;1469;199;555;149;903;225;269;36;530;424;824;185;1433;377;1134;297;1808;500;523;71;1094;877;1657;368;2902;2020
04049;558;2395;736;3689;63;1040;175;1278;621;3435;911;4967;585;2298;638;3521;52;797;183;1032;637;3095;821;4553;1143;4693;1374;7210;115;1837;358;2310;1258;6530;1732;9520;2020
04050;112;280;44;436;1;106;25;132;113;386;69;568;126;228;68;422;2;74;14;90;128;302;82;512;238;508;112;858;3;180;39;222;241;688;151;1080;2020
04051;49;156;23;228;0;9;1;10;49;165;24;238;67;144;31;242;0;5;1;6;67;149;32;248;116;300;54;470;0;14;2;16;116;314;56;486;2020
04052;582;6156;2108;8846;3;203;42;248;585;6359;2150;9094;629;5885;2013;8527;16;245;35;296;645;6130;2048;8823;1211;12041;4121;17373;19;448;77;544;1230;12489;4198;17917;2020
04053;1296;4954;1441;7691;275;1402;287;1964;1571;6356;1728;9655;1642;4935;1425;8002;263;1233;279;1775;1905;6168;1704;9777;2938;9889;2866;15693;538;2635;566;3739;3476;12524;3432;19432;2020
04054;51;146;10;207;0;10;0;10;51;156;10;217;53;108;16;177;0;9;2;11;53;117;18;188;104;254;26;384;0;19;2;21;104;273;28;405;2020
04055;51;129;26;206;1;25;2;28;52;154;28;234;73;110;18;201;4;8;1;13;77;118;19;214;124;239;44;407;5;33;3;41;129;272;47;448;2020
04056;22;78;6;106;2;6;0;8;24;84;6;114;11;57;11;79;3;2;0;5;14;59;11;84;33;135;17;185;5;8;0;13;38;143;17;198;2020
04057;156;475;111;742;1;16;2;19;157;491;113;761;207;437;96;740;0;23;3;26;207;460;99;766;363;912;207;1482;1;39;5;45;364;951;212;1527;2020
04058;60;125;17;202;2;7;1;10;62;132;18;212;64;92;15;171;5;6;0;11;69;98;15;182;124;217;32;373;7;13;1;21;131;230;33;394;2020
04059;198;281;50;529;57;111;23;191;255;392;73;720;272;249;35;556;53;90;30;173;325;339;65;729;470;530;85;1085;110;201;53;364;580;731;138;1449;2020
04060;68;146;24;238;8;41;6;55;76;187;30;293;69;137;21;227;4;35;5;44;73;172;26;271;137;283;45;465;12;76;11;99;149;359;56;564;2020
04061;82;219;41;342;16;16;0;32;98;235;41;374;95;219;47;361;9;14;2;25;104;233;49;386;177;438;88;703;25;30;2;57;202;468;90;760;2020
04062;461;1808;400;2669;3;107;28;138;464;1915;428;2807;548;1666;362;2576;8;72;17;97;556;1738;379;2673;1009;3474;762;5245;11;179;45;235;1020;3653;807;5480;2020
04063;169;367;59;595;2;35;3;40;171;402;62;635;200;312;51;563;1;26;5;32;201;338;56;595;369;679;110;1158;3;61;8;72;372;740;118;1230;2020
04064;315;1161;290;1766;643;800;103;1546;958;1961;393;3312;323;1166;279;1768;648;924;126;1698;971;2090;405;3466;638;2327;569;3534;1291;1724;229;3244;1929;4051;798;6778;2020
04065;59;131;19;209;0;50;6;56;59;181;25;265;67;101;12;180;1;41;9;51;68;142;21;231;126;232;31;389;1;91;15;107;127;323;46;496;2020
04066;1333;5773;1589;8695;124;7153;1807;9084;1457;12926;3396;17779;1464;5154;1509;8127;122;3982;1656;5760;1586;9136;3165;13887;2797;10927;3098;16822;246;11135;3463;14844;3043;22062;6561;31666;2020
04067;81;180;17;278;0;5;0;5;81;185;17;283;111;142;16;269;1;5;0;6;112;147;16;275;192;322;33;547;1;10;0;11;193;332;33;558;2020
04068;34;55;0;89;2;14;1;17;36;69;1;106;24;49;6;79;1;5;0;6;25;54;6;85;58;104;6;168;3;19;1;23;61;123;7;191;2020
04069;467;1962;508;2937;4;229;44;277;471;2191;552;3214;535;1876;406;2817;7;176;42;225;542;2052;448;3042;1002;3838;914;5754;11;405;86;502;1013;4243;1000;6256;2020
04070;266;539;95;900;100;153;16;269;366;692;111;1169;282;460;83;825;86;153;6;245;368;613;89;1070;548;999;178;1725;186;306;22;514;734;1305;200;2239;2020
04071;58;122;16;196;0;22;1;23;58;144;17;219;93;84;11;188;0;7;0;7;93;91;11;195;151;206;27;384;0;29;1;30;151;235;28;414;2020
04072;47;104;19;170;181;164;8;353;228;268;27;523;65;88;13;166;150;190;6;346;215;278;19;512;112;192;32;336;331;354;14;699;443;546;46;1035;2020
04073;53;137;13;203;1;5;1;7;54;142;14;210;44;91;12;147;2;6;0;8;46;97;12;155;97;228;25;350;3;11;1;15;100;239;26;365;2020
04074;231;1273;394;1898;8;135;44;187;239;1408;438;2085;265;1226;358;1849;7;133;29;169;272;1359;387;2018;496;2499;752;3747;15;268;73;356;511;2767;825;4103;2020
04075;406;2415;714;3535;215;1373;240;1828;621;3788;954;5363;495;2348;653;3496;176;1093;230;1499;671;3441;883;4995;901;4763;1367;7031;391;2466;470;3327;1292;7229;1837;10358;2020
04076;146;482;119;747;7;97;17;121;153;579;136;868;173;436;89;698;7;68;23;98;180;504;112;796;319;918;208;1445;14;165;40;219;333;1083;248;1664;2020
04077;57;89;9;155;0;0;0;0;57;89;9;155;61;78;7;146;0;2;0;2;61;80;7;148;118;167;16;301;0;2;0;2;118;169;16;303;2020
04078;93;476;121;690;4;40;5;49;97;516;126;739;115;452;108;675;4;26;9;39;119;478;117;714;208;928;229;1365;8;66;14;88;216;994;243;1453;2020
04079;3785;24075;7611;35471;581;12391;2339;15311;4366;36466;9950;50782;4368;24122;7276;35766;685;8885;2315;11885;5053;33007;9591;47651;8153;48197;14887;71237;1266;21276;4654;27196;9419;69473;19541;98433;2020
04080;31;63;1;95;1;3;0;4;32;66;1;99;39;51;6;96;1;3;0;4;40;54;6;100;70;114;7;191;2;6;0;8;72;120;7;199;2020
04081;39;143;24;206;2;27;1;30;41;170;25;236;54;120;25;199;2;18;6;26;56;138;31;225;93;263;49;405;4;45;7;56;97;308;56;461;2020
04082;45;97;9;151;2;5;1;8;47;102;10;159;49;69;4;122;2;6;0;8;51;75;4;130;94;166;13;273;4;11;1;16;98;177;14;289;2020
04083;260;621;114;995;6;32;7;45;266;653;121;1040;300;550;95;945;6;37;5;48;306;587;100;993;560;1171;209;1940;12;69;12;93;572;1240;221;2033;2020
04084;53;130;17;200;3;5;0;8;56;135;17;208;57;94;11;162;3;6;0;9;60;100;11;171;110;224;28;362;6;11;0;17;116;235;28;379;2020
04085;55;129;13;197;6;18;3;27;61;147;16;224;66;114;14;194;5;17;3;25;71;131;17;219;121;243;27;391;11;35;6;52;132;278;33;443;2020
04086;256;601;136;993;53;192;36;281;309;793;172;1274;301;496;122;919;50;163;30;243;351;659;152;1162;557;1097;258;1912;103;355;66;524;660;1452;324;2436;2020
04087;14;74;3;91;3;11;0;14;17;85;3;105;20;52;4;76;1;14;0;15;21;66;4;91;34;126;7;167;4;25;0;29;38;151;7;196;2020
04088;270;965;197;1432;43;377;48;468;313;1342;245;1900;339;848;216;1403;36;318;60;414;375;1166;276;1817;609;1813;413;2835;79;695;108;882;688;2508;521;3717;2020
04089;112;225;49;386;31;54;7;92;143;279;56;478;138;219;49;406;25;57;8;90;163;276;57;496;250;444;98;792;56;111;15;182;306;555;113;974;2020
04090;50;96;8;154;1;15;2;18;51;111;10;172;59;78;7;144;2;15;3;20;61;93;10;164;109;174;15;298;3;30;5;38;112;204;20;336;2020
04091;41;126;10;177;4;10;1;15;45;136;11;192;74;81;6;161;2;9;1;12;76;90;7;173;115;207;16;338;6;19;2;27;121;226;18;365;2020
04092;303;1139;235;1677;5;81;13;99;308;1220;248;1776;363;1052;262;1677;8;73;14;95;371;1125;276;1772;666;2191;497;3354;13;154;27;194;679;2345;524;3548;2020
04093;229;766;229;1224;221;450;72;743;450;1216;301;1967;242;716;205;1163;203;386;62;651;445;1102;267;1814;471;1482;434;2387;424;836;134;1394;895;2318;568;3781;2020
04094;32;87;10;129;0;12;0;12;32;99;10;141;33;55;7;95;3;8;1;12;36;63;8;107;65;142;17;224;3;20;1;24;68;162;18;248;2020
04095;99;236;40;375;6;26;6;38;105;262;46;413;133;212;29;374;7;23;5;35;140;235;34;409;232;448;69;749;13;49;11;73;245;497;80;822;2020
04096;49;99;12;160;5;14;3;22;54;113;15;182;38;95;10;143;5;20;0;25;43;115;10;168;87;194;22;303;10;34;3;47;97;228;25;350;2020
04097;46;79;1;126;0;1;0;1;46;80;1;127;45;54;2;101;0;2;0;2;45;56;2;103;91;133;3;227;0;3;0;3;91;136;3;230;2020
04098;213;518;83;814;33;105;13;151;246;623;96;965;252;433;77;762;28;108;11;147;280;541;88;909;465;951;160;1576;61;213;24;298;526;1164;184;1874;2020
04099;637;1785;368;2790;58;300;58;416;695;2085;426;3206;836;1707;388;2931;42;315;52;409;878;2022;440;3340;1473;3492;756;5721;100;615;110;825;1573;4107;866;6546;2020
04100;687;4293;1318;6298;409;1585;363;2357;1096;5878;1681;8655;795;4061;1297;6153;337;1486;365;2188;1132;5547;1662;8341;1482;8354;2615;12451;746;3071;728;4545;2228;11425;3343;16996;2020
04101;275;2021;575;2871;3;144;40;187;278;2165;615;3058;368;1796;560;2724;3;146;47;196;371;1942;607;2920;643;3817;1135;5595;6;290;87;383;649;4107;1222;5978;2020
04102;1026;6232;1884;9142;78;4453;896;5427;1104;10685;2780;14569;1141;6156;1801;9098;102;2345;785;3232;1243;8501;2586;12330;2167;12388;3685;18240;180;6798;1681;8659;2347;19186;5366;26899;2020
04103;189;532;104;825;322;309;29;660;511;841;133;1485;251;465;133;849;284;308;30;622;535;773;163;1471;440;997;237;1674;606;617;59;1282;1046;1614;296;2956;2020
04901;78;183;19;280;3;18;2;23;81;201;21;303;87;140;16;243;0;19;0;19;87;159;16;262;165;323;35;523;3;37;2;42;168;360;37;565;2020
04902;3335;19751;5888;28974;389;10952;3081;14422;3724;30703;8969;43396;4275;19245;5754;29274;321;7924;2843;11088;4596;27169;8597;40362;7610;38996;11642;58248;710;18876;5924;25510;8320;57872;17566;83758;2020
04903;346;1839;497;2682;30;2055;424;2509;376;3894;921;5191;410;1810;483;2703;22;858;417;1297;432;2668;900;4000;756;3649;980;5385;52;2913;841;3806;808;6562;1821;9191;2020
04904;137;840;200;1177;10;404;67;481;147;1244;267;1658;175;793;179;1147;13;215;72;300;188;1008;251;1447;312;1633;379;2324;23;619;139;781;335;2252;518;3105;2020
05001;34;68;3;105;0;9;2;11;34;77;5;116;35;54;3;92;2;1;0;3;37;55;3;95;69;122;6;197;2;10;2;14;71;132;8;211;2020
05002;240;759;188;1187;6;88;25;119;246;847;213;1306;255;701;166;1122;8;83;20;111;263;784;186;1233;495;1460;354;2309;14;171;45;230;509;1631;399;2539;2020
05005;20;68;5;93;0;0;0;0;20;68;5;93;33;44;6;83;0;1;0;1;33;45;6;84;53;112;11;176;0;1;0;1;53;113;11;177;2020
05007;26;33;2;61;0;1;0;1;26;34;2;62;28;22;4;54;0;1;0;1;28;23;4;55;54;55;6;115;0;2;0;2;54;57;6;117;2020
05008;41;61;9;111;0;1;0;1;41;62;9;112;42;56;16;114;1;1;0;2;43;57;16;116;83;117;25;225;1;2;0;3;84;119;25;228;2020
05010;27;47;5;79;0;0;0;0;27;47;5;79;34;32;5;71;0;3;0;3;34;35;5;74;61;79;10;150;0;3;0;3;61;82;10;153;2020
05012;33;30;7;70;0;0;0;0;33;30;7;70;24;28;5;57;0;0;0;0;24;28;5;57;57;58;12;127;0;0;0;0;57;58;12;127;2020
05013;154;265;36;455;2;18;2;22;156;283;38;477;199;207;39;445;3;20;3;26;202;227;42;471;353;472;75;900;5;38;5;48;358;510;80;948;2020
05014;729;1859;358;2946;7;88;32;127;736;1947;390;3073;905;1822;375;3102;10;134;25;169;915;1956;400;3271;1634;3681;733;6048;17;222;57;296;1651;3903;790;6344;2020
05015;11;21;0;32;0;0;0;0;11;21;0;32;18;15;4;37;0;0;0;0;18;15;4;37;29;36;4;69;0;0;0;0;29;36;4;69;2020
05016;666;2468;596;3730;5;131;33;169;671;2599;629;3899;875;2465;550;3890;4;140;27;171;879;2605;577;4061;1541;4933;1146;7620;9;271;60;340;1550;5204;1206;7960;2020
05017;15;31;1;47;0;1;0;1;15;32;1;48;17;17;1;35;0;0;0;0;17;17;1;35;32;48;2;82;0;1;0;1;32;49;2;83;2020
05018;2;13;0;15;0;0;0;0;2;13;0;15;4;6;0;10;0;1;0;1;4;7;0;11;6;19;0;25;0;1;0;1;6;20;0;26;2020
05019;4936;16244;4408;25588;59;1679;458;2196;4995;17923;4866;27784;6677;17543;3960;28180;79;1856;470;2405;6756;19399;4430;30585;11613;33787;8368;53768;138;3535;928;4601;11751;37322;9296;58369;2020
05021;266;642;137;1045;2;65;11;78;268;707;148;1123;360;642;127;1129;2;60;16;78;362;702;143;1207;626;1284;264;2174;4;125;27;156;630;1409;291;2330;2020
05022;265;553;106;924;4;36;6;46;269;589;112;970;275;510;92;877;3;40;3;46;278;550;95;923;540;1063;198;1801;7;76;9;92;547;1139;207;1893;2020
05023;32;64;3;99;0;0;0;0;32;64;3;99;33;49;3;85;0;1;0;1;33;50;3;86;65;113;6;184;0;1;0;1;65;114;6;185;2020
05024;47;49;3;99;0;1;0;1;47;50;3;100;55;31;3;89;0;2;0;2;55;33;3;91;102;80;6;188;0;3;0;3;102;83;6;191;2020
05025;18;23;1;42;0;0;0;0;18;23;1;42;13;24;1;38;0;0;0;0;13;24;1;38;31;47;2;80;0;0;0;0;31;47;2;80;2020
05026;45;51;2;98;0;4;1;5;45;55;3;103;48;38;1;87;0;6;1;7;48;44;2;94;93;89;3;185;0;10;2;12;93;99;5;197;2020
05027;46;96;10;152;0;15;6;21;46;111;16;173;49;73;12;134;1;16;5;22;50;89;17;156;95;169;22;286;1;31;11;43;96;200;33;329;2020
05029;22;31;1;54;0;0;0;0;22;31;1;54;25;16;2;43;0;0;0;0;25;16;2;43;47;47;3;97;0;0;0;0;47;47;3;97;2020
05030;6;20;1;27;0;1;0;1;6;21;1;28;7;11;3;21;0;0;0;0;7;11;3;21;13;31;4;48;0;1;0;1;13;32;4;49;2020
05033;30;57;8;95;0;0;0;0;30;57;8;95;39;43;3;85;0;1;0;1;39;44;3;86;69;100;11;180;0;1;0;1;69;101;11;181;2020
05034;4;4;0;8;0;0;0;0;4;4;0;8;3;2;0;5;0;1;0;1;3;3;0;6;7;6;0;13;0;1;0;1;7;7;0;14;2020
05035;12;32;1;45;0;0;0;0;12;32;1;45;24;24;3;51;0;0;0;0;24;24;3;51;36;56;4;96;0;0;0;0;36;56;4;96;2020
05036;22;35;2;59;0;1;0;1;22;36;2;60;24;32;1;57;0;0;0;0;24;32;1;57;46;67;3;116;0;1;0;1;46;68;3;117;2020
05037;57;65;7;129;0;1;0;1;57;66;7;130;53;38;6;97;0;4;1;5;53;42;7;102;110;103;13;226;0;5;1;6;110;108;14;232;2020
05038;26;42;1;69;0;1;2;3;26;43;3;72;26;20;6;52;0;1;0;1;26;21;6;53;52;62;7;121;0;2;2;4;52;64;9;125;2020
05039;12;15;0;27;0;0;0;0;12;15;0;27;9;7;0;16;0;0;0;0;9;7;0;16;21;22;0;43;0;0;0;0;21;22;0;43;2020
05040;18;26;0;44;0;1;0;1;18;27;0;45;16;4;0;20;0;1;0;1;16;5;0;21;34;30;0;64;0;2;0;2;34;32;0;66;2020
05041;191;345;57;593;3;24;3;30;194;369;60;623;181;271;77;529;0;24;4;28;181;295;81;557;372;616;134;1122;3;48;7;58;375;664;141;1180;2020
05042;31;39;3;73;0;4;1;5;31;43;4;78;35;36;4;75;0;8;0;8;35;44;4;83;66;75;7;148;0;12;1;13;66;87;8;161;2020
05043;13;23;0;36;0;1;0;1;13;24;0;37;21;11;1;33;0;0;0;0;21;11;1;33;34;34;1;69;0;1;0;1;34;35;1;70;2020
05044;69;64;5;138;0;1;0;1;69;65;5;139;55;45;13;113;0;4;1;5;55;49;14;118;124;109;18;251;0;5;1;6;124;114;19;257;2020
05045;12;27;3;42;0;0;0;0;12;27;3;42;20;17;0;37;0;0;0;0;20;17;0;37;32;44;3;79;0;0;0;0;32;44;3;79;2020
05046;10;10;4;24;0;0;0;0;10;10;4;24;3;13;2;18;0;0;0;0;3;13;2;18;13;23;6;42;0;0;0;0;13;23;6;42;2020
05047;614;1491;306;2411;7;91;23;121;621;1582;329;2532;689;1371;295;2355;8;109;21;138;697;1480;316;2493;1303;2862;601;4766;15;200;44;259;1318;3062;645;5025;2020
05048;24;33;0;57;0;0;0;0;24;33;0;57;24;17;0;41;0;0;0;0;24;17;0;41;48;50;0;98;0;0;0;0;48;50;0;98;2020
05049;67;153;12;232;0;2;0;2;67;155;12;234;70;121;8;199;0;2;0;2;70;123;8;201;137;274;20;431;0;4;0;4;137;278;20;435;2020
05051;39;47;4;90;0;2;1;3;39;49;5;93;33;34;5;72;0;2;0;2;33;36;5;74;72;81;9;162;0;4;1;5;72;85;10;167;2020
05052;22;26;0;48;0;0;0;0;22;26;0;48;22;15;0;37;0;0;0;0;22;15;0;37;44;41;0;85;0;0;0;0;44;41;0;85;2020
05053;26;16;1;43;0;0;0;0;26;16;1;43;22;8;0;30;0;0;0;0;22;8;0;30;48;24;1;73;0;0;0;0;48;24;1;73;2020
05054;205;418;85;708;4;17;6;27;209;435;91;735;189;397;84;670;1;26;2;29;190;423;86;699;394;815;169;1378;5;43;8;56;399;858;177;1434;2020
05055;108;168;28;304;0;28;4;32;108;196;32;336;110;147;25;282;1;19;2;22;111;166;27;304;218;315;53;586;1;47;6;54;219;362;59;640;2020
05056;14;37;2;53;0;0;0;0;14;37;2;53;19;19;1;39;0;1;1;2;19;20;2;41;33;56;3;92;0;1;1;2;33;57;4;94;2020
05057;394;852;203;1449;7;140;43;190;401;992;246;1639;433;747;170;1350;6;119;38;163;439;866;208;1513;827;1599;373;2799;13;259;81;353;840;1858;454;3152;2020
05058;14;26;1;41;0;1;0;1;14;27;1;42;18;12;2;32;0;0;0;0;18;12;2;32;32;38;3;73;0;1;0;1;32;39;3;74;2020
05059;21;33;0;54;0;0;0;0;21;33;0;54;19;14;1;34;0;0;0;0;19;14;1;34;40;47;1;88;0;0;0;0;40;47;1;88;2020
05060;24;24;1;49;0;0;0;0;24;24;1;49;25;22;2;49;0;0;0;0;25;22;2;49;49;46;3;98;0;0;0;0;49;46;3;98;2020
05061;30;105;30;165;0;5;0;5;30;110;30;170;29;101;25;155;0;8;2;10;29;109;27;165;59;206;55;320;0;13;2;15;59;219;57;335;2020
05062;29;53;1;83;0;0;0;0;29;53;1;83;37;39;1;77;0;0;0;0;37;39;1;77;66;92;2;160;0;0;0;0;66;92;2;160;2020
05063;12;6;2;20;0;0;0;0;12;6;2;20;7;4;0;11;0;0;0;0;7;4;0;11;19;10;2;31;0;0;0;0;19;10;2;31;2020
05064;23;36;0;59;0;0;0;0;23;36;0;59;20;22;3;45;0;1;0;1;20;23;3;46;43;58;3;104;0;1;0;1;43;59;3;105;2020
05065;68;165;22;255;0;8;3;11;68;173;25;266;83;125;12;220;0;3;4;7;83;128;16;227;151;290;34;475;0;11;7;18;151;301;41;493;2020
05066;84;158;23;265;0;1;0;1;84;159;23;266;71;122;15;208;0;1;0;1;71;123;15;209;155;280;38;473;0;2;0;2;155;282;38;475;2020
05067;10;32;2;44;0;0;0;0;10;32;2;44;13;17;0;30;0;0;0;0;13;17;0;30;23;49;2;74;0;0;0;0;23;49;2;74;2020
05069;17;24;1;42;0;1;0;1;17;25;1;43;13;20;1;34;0;0;0;0;13;20;1;34;30;44;2;76;0;1;0;1;30;45;2;77;2020
05070;6;12;0;18;0;0;0;0;6;12;0;18;6;6;0;12;0;0;0;0;6;6;0;12;12;18;0;30;0;0;0;0;12;18;0;30;2020
05072;12;36;10;58;0;1;0;1;12;37;10;59;18;25;8;51;0;2;0;2;18;27;8;53;30;61;18;109;0;3;0;3;30;64;18;112;2020
05073;53;99;8;160;0;2;2;4;53;101;10;164;54;66;6;126;1;3;1;5;55;69;7;131;107;165;14;286;1;5;3;9;108;170;17;295;2020
05074;122;231;28;381;0;7;3;10;122;238;31;391;132;185;30;347;0;11;0;11;132;196;30;358;254;416;58;728;0;18;3;21;254;434;61;749;2020
05075;24;22;6;52;0;2;0;2;24;24;6;54;25;20;6;51;0;2;0;2;25;22;6;53;49;42;12;103;0;4;0;4;49;46;12;107;2020
05076;59;192;48;299;0;6;1;7;59;198;49;306;65;166;37;268;0;8;0;8;65;174;37;276;124;358;85;567;0;14;1;15;124;372;86;582;2020
05077;36;45;4;85;0;1;0;1;36;46;4;86;34;33;5;72;0;1;0;1;34;34;5;73;70;78;9;157;0;2;0;2;70;80;9;159;2020
05078;17;38;1;56;0;0;0;0;17;38;1;56;23;15;1;39;0;0;0;0;23;15;1;39;40;53;2;95;0;0;0;0;40;53;2;95;2020
05079;12;23;1;36;0;0;0;0;12;23;1;36;13;16;1;30;0;0;0;0;13;16;1;30;25;39;2;66;0;0;0;0;25;39;2;66;2020
05080;10;8;1;19;0;0;0;0;10;8;1;19;11;9;1;21;0;0;0;0;11;9;1;21;21;17;2;40;0;0;0;0;21;17;2;40;2020
05081;13;13;1;27;0;0;0;0;13;13;1;27;6;4;2;12;0;0;0;0;6;4;2;12;19;17;3;39;0;0;0;0;19;17;3;39;2020
05082;107;151;32;290;1;5;3;9;108;156;35;299;95;130;31;256;4;4;0;8;99;134;31;264;202;281;63;546;5;9;3;17;207;290;66;563;2020
05083;33;37;7;77;0;2;0;2;33;39;7;79;34;31;5;70;0;3;0;3;34;34;5;73;67;68;12;147;0;5;0;5;67;73;12;152;2020
05084;17;18;1;36;0;0;0;0;17;18;1;36;18;4;2;24;0;0;0;0;18;4;2;24;35;22;3;60;0;0;0;0;35;22;3;60;2020
05085;9;7;2;18;0;0;0;0;9;7;2;18;8;8;4;20;0;0;0;0;8;8;4;20;17;15;6;38;0;0;0;0;17;15;6;38;2020
05086;22;25;0;47;0;0;0;0;22;25;0;47;16;12;0;28;0;0;0;0;16;12;0;28;38;37;0;75;0;0;0;0;38;37;0;75;2020
05087;16;37;4;57;0;2;4;6;16;39;8;63;35;64;4;103;0;2;2;4;35;66;6;107;51;101;8;160;0;4;6;10;51;105;14;170;2020
05088;3;10;0;13;0;0;0;0;3;10;0;13;5;6;1;12;0;0;0;0;5;6;1;12;8;16;1;25;0;0;0;0;8;16;1;25;2020
05089;90;153;9;252;1;5;0;6;91;158;9;258;95;132;19;246;1;4;1;6;96;136;20;252;185;285;28;498;2;9;1;12;187;294;29;510;2020
05090;12;23;3;38;0;0;0;0;12;23;3;38;16;19;2;37;0;0;0;0;16;19;2;37;28;42;5;75;0;0;0;0;28;42;5;75;2020
05092;26;54;8;88;0;3;0;3;26;57;8;91;22;37;1;60;0;4;0;4;22;41;1;64;48;91;9;148;0;7;0;7;48;98;9;155;2020
05093;61;134;13;208;2;16;6;24;63;150;19;232;61;84;12;157;2;20;8;30;63;104;20;187;122;218;25;365;4;36;14;54;126;254;39;419;2020
05094;25;42;2;69;0;0;0;0;25;42;2;69;31;25;4;60;0;0;0;0;31;25;4;60;56;67;6;129;0;0;0;0;56;67;6;129;2020
05095;44;89;8;141;0;6;1;7;44;95;9;148;35;64;7;106;0;5;1;6;35;69;8;112;79;153;15;247;0;11;2;13;79;164;17;260;2020
05096;11;28;4;43;0;2;0;2;11;30;4;45;13;15;1;29;0;1;0;1;13;16;1;30;24;43;5;72;0;3;0;3;24;46;5;75;2020
05097;95;147;15;257;0;0;0;0;95;147;15;257;98;114;14;226;0;3;0;3;98;117;14;229;193;261;29;483;0;3;0;3;193;264;29;486;2020
05099;87;170;20;277;0;0;0;0;87;170;20;277;99;107;11;217;0;2;0;2;99;109;11;219;186;277;31;494;0;2;0;2;186;279;31;496;2020
05100;60;76;7;143;0;4;0;4;60;80;7;147;63;60;6;129;0;1;0;1;63;61;6;130;123;136;13;272;0;5;0;5;123;141;13;277;2020
05101;59;96;3;158;1;5;0;6;60;101;3;164;52;58;3;113;0;4;0;4;52;62;3;117;111;154;6;271;1;9;0;10;112;163;6;281;2020
05102;237;651;133;1021;0;55;16;71;237;706;149;1092;288;524;135;947;2;64;24;90;290;588;159;1037;525;1175;268;1968;2;119;40;161;527;1294;308;2129;2020
05103;14;17;0;31;0;0;0;0;14;17;0;31;15;14;1;30;0;0;0;0;15;14;1;30;29;31;1;61;0;0;0;0;29;31;1;61;2020
05104;8;10;1;19;0;0;0;0;8;10;1;19;7;6;1;14;0;0;0;0;7;6;1;14;15;16;2;33;0;0;0;0;15;16;2;33;2020
05105;51;127;14;192;1;8;5;14;52;135;19;206;52;92;13;157;1;3;1;5;53;95;14;162;103;219;27;349;2;11;6;19;105;230;33;368;2020
05106;9;6;0;15;0;0;0;0;9;6;0;15;5;7;0;12;0;0;0;0;5;7;0;12;14;13;0;27;0;0;0;0;14;13;0;27;2020
05107;14;16;0;30;0;0;0;0;14;16;0;30;11;7;0;18;0;0;0;0;11;7;0;18;25;23;0;48;0;0;0;0;25;23;0;48;2020
05108;8;12;0;20;0;0;0;0;8;12;0;20;9;6;0;15;0;0;0;0;9;6;0;15;17;18;0;35;0;0;0;0;17;18;0;35;2020
05109;65;167;21;253;0;0;0;0;65;167;21;253;58;147;22;227;0;0;0;0;58;147;22;227;123;314;43;480;0;0;0;0;123;314;43;480;2020
05110;122;230;43;395;3;16;1;20;125;246;44;415;128;210;43;381;2;12;1;15;130;222;44;396;250;440;86;776;5;28;2;35;255;468;88;811;2020
05112;18;31;10;59;0;0;0;0;18;31;10;59;18;24;6;48;0;0;0;0;18;24;6;48;36;55;16;107;0;0;0;0;36;55;16;107;2020
05113;17;12;1;30;0;0;0;0;17;12;1;30;16;11;2;29;0;1;0;1;16;12;2;30;33;23;3;59;0;1;0;1;33;24;3;60;2020
05114;187;459;55;701;0;8;2;10;187;467;57;711;217;400;50;667;0;17;4;21;217;417;54;688;404;859;105;1368;0;25;6;31;404;884;111;1399;2020
05115;93;170;15;278;0;23;4;27;93;193;19;305;106;135;18;259;0;23;3;26;106;158;21;285;199;305;33;537;0;46;7;53;199;351;40;590;2020
05116;28;17;3;48;0;0;0;0;28;17;3;48;35;10;2;47;0;1;0;1;35;11;2;48;63;27;5;95;0;1;0;1;63;28;5;96;2020
05117;45;63;7;115;0;0;0;0;45;63;7;115;33;48;4;85;0;0;0;0;33;48;4;85;78;111;11;200;0;0;0;0;78;111;11;200;2020
05118;14;20;3;37;0;0;0;0;14;20;3;37;18;12;2;32;0;0;0;0;18;12;2;32;32;32;5;69;0;0;0;0;32;32;5;69;2020
05119;9;6;0;15;0;0;0;0;9;6;0;15;7;2;0;9;0;0;0;0;7;2;0;9;16;8;0;24;0;0;0;0;16;8;0;24;2020
05120;9;12;0;21;0;0;0;0;9;12;0;21;5;6;0;11;0;0;0;0;5;6;0;11;14;18;0;32;0;0;0;0;14;18;0;32;2020
05121;33;106;20;159;0;4;0;4;33;110;20;163;34;95;18;147;1;3;0;4;35;98;18;151;67;201;38;306;1;7;0;8;68;208;38;314;2020
05122;34;23;1;58;0;0;0;0;34;23;1;58;28;25;0;53;0;2;0;2;28;27;0;55;62;48;1;111;0;2;0;2;62;50;1;113;2020
05123;8;43;3;54;0;2;0;2;8;45;3;56;14;40;4;58;0;0;0;0;14;40;4;58;22;83;7;112;0;2;0;2;22;85;7;114;2020
05124;16;23;2;41;0;0;0;0;16;23;2;41;32;12;2;46;0;4;0;4;32;16;2;50;48;35;4;87;0;4;0;4;48;39;4;91;2020
05125;8;18;2;28;0;2;1;3;8;20;3;31;10;15;3;28;0;1;1;2;10;16;4;30;18;33;5;56;0;3;2;5;18;36;7;61;2020
05126;16;18;0;34;0;0;0;0;16;18;0;34;14;8;1;23;0;0;0;0;14;8;1;23;30;26;1;57;0;0;0;0;30;26;1;57;2020
05127;129;198;37;364;0;10;3;13;129;208;40;377;125;150;32;307;1;9;0;10;126;159;32;317;254;348;69;671;1;19;3;23;255;367;72;694;2020
05128;56;128;11;195;0;4;0;4;56;132;11;199;60;94;13;167;1;4;2;7;61;98;15;174;116;222;24;362;1;8;2;11;117;230;26;373;2020
05129;33;33;1;67;0;3;1;4;33;36;2;71;32;10;0;42;0;4;1;5;32;14;1;47;65;43;1;109;0;7;2;9;65;50;3;118;2020
05130;23;29;3;55;0;0;0;0;23;29;3;55;18;29;4;51;0;0;0;0;18;29;4;51;41;58;7;106;0;0;0;0;41;58;7;106;2020
05131;21;33;0;54;0;0;0;0;21;33;0;54;25;15;0;40;0;0;0;0;25;15;0;40;46;48;0;94;0;0;0;0;46;48;0;94;2020
05132;163;266;47;476;1;5;1;7;164;271;48;483;192;227;34;453;0;6;0;6;192;233;34;459;355;493;81;929;1;11;1;13;356;504;82;942;2020
05133;15;17;1;33;0;0;0;0;15;17;1;33;12;15;2;29;0;0;0;0;12;15;2;29;27;32;3;62;0;0;0;0;27;32;3;62;2020
05134;12;14;3;29;0;0;0;0;12;14;3;29;9;11;0;20;0;0;0;0;9;11;0;20;21;25;3;49;0;0;0;0;21;25;3;49;2020
05135;48;131;14;193;0;6;1;7;48;137;15;200;60;96;10;166;0;3;2;5;60;99;12;171;108;227;24;359;0;9;3;12;108;236;27;371;2020
05136;14;27;5;46;0;0;0;0;14;27;5;46;21;15;4;40;0;0;0;0;21;15;4;40;35;42;9;86;0;0;0;0;35;42;9;86;2020
05138;53;94;9;156;0;4;0;4;53;98;9;160;53;88;14;155;2;6;3;11;55;94;17;166;106;182;23;311;2;10;3;15;108;192;26;326;2020
05139;15;20;2;37;0;2;0;2;15;22;2;39;16;15;0;31;0;0;0;0;16;15;0;31;31;35;2;68;0;2;0;2;31;37;2;70;2020
05140;11;38;7;56;0;1;0;1;11;39;7;57;15;32;5;52;0;0;0;0;15;32;5;52;26;70;12;108;0;1;0;1;26;71;12;109;2020
05141;20;34;3;57;0;0;0;0;20;34;3;57;21;19;4;44;0;0;0;0;21;19;4;44;41;53;7;101;0;0;0;0;41;53;7;101;2020
05142;16;28;1;45;0;0;0;0;16;28;1;45;24;20;1;45;1;0;0;1;25;20;1;46;40;48;2;90;1;0;0;1;41;48;2;91;2020
05143;12;16;1;29;0;0;0;0;12;16;1;29;14;14;0;28;0;1;0;1;14;15;0;29;26;30;1;57;0;1;0;1;26;31;1;58;2020
05144;12;22;2;36;0;2;0;2;12;24;2;38;18;12;3;33;0;1;0;1;18;13;3;34;30;34;5;69;0;3;0;3;30;37;5;72;2020
05145;13;13;0;26;0;0;0;0;13;13;0;26;9;7;0;16;0;1;0;1;9;8;0;17;22;20;0;42;0;1;0;1;22;21;0;43;2020
05147;26;50;3;79;0;5;0;5;26;55;3;84;28;36;3;67;0;0;0;0;28;36;3;67;54;86;6;146;0;5;0;5;54;91;6;151;2020
05148;5;7;0;12;0;0;0;0;5;7;0;12;5;5;1;11;0;0;0;0;5;5;1;11;10;12;1;23;0;0;0;0;10;12;1;23;2020
05149;28;31;1;60;0;0;0;0;28;31;1;60;22;19;3;44;0;2;0;2;22;21;3;46;50;50;4;104;0;2;0;2;50;52;4;106;2020
05151;18;25;2;45;0;3;0;3;18;28;2;48;22;18;3;43;0;3;0;3;22;21;3;46;40;43;5;88;0;6;0;6;40;49;5;94;2020
05152;104;243;20;367;0;9;0;9;104;252;20;376;121;184;22;327;0;14;1;15;121;198;23;342;225;427;42;694;0;23;1;24;225;450;43;718;2020
05153;22;21;0;43;0;0;0;0;22;21;0;43;21;13;2;36;0;0;0;0;21;13;2;36;43;34;2;79;0;0;0;0;43;34;2;79;2020
05154;7;13;0;20;0;2;0;2;7;15;0;22;4;4;0;8;0;1;0;1;4;5;0;9;11;17;0;28;0;3;0;3;11;20;0;31;2020
05155;8;15;2;25;0;3;0;3;8;18;2;28;7;9;1;17;0;0;0;0;7;9;1;17;15;24;3;42;0;3;0;3;15;27;3;45;2020
05156;36;127;19;182;1;11;0;12;37;138;19;194;34;70;13;117;1;8;1;10;35;78;14;127;70;197;32;299;2;19;1;22;72;216;33;321;2020
05157;51;67;6;124;1;0;0;1;52;67;6;125;53;45;1;99;1;1;0;2;54;46;1;101;104;112;7;223;2;1;0;3;106;113;7;226;2020
05158;85;80;12;177;0;5;0;5;85;85;12;182;79;63;9;151;0;5;0;5;79;68;9;156;164;143;21;328;0;10;0;10;164;153;21;338;2020
05159;71;40;1;112;0;0;0;0;71;40;1;112;65;34;5;104;0;0;0;0;65;34;5;104;136;74;6;216;0;0;0;0;136;74;6;216;2020
05160;66;93;8;167;0;0;0;0;66;93;8;167;73;56;4;133;0;0;0;0;73;56;4;133;139;149;12;300;0;0;0;0;139;149;12;300;2020
05161;88;184;22;294;2;65;33;100;90;249;55;394;107;156;18;281;1;52;29;82;108;208;47;363;195;340;40;575;3;117;62;182;198;457;102;757;2020
05162;14;26;3;43;0;0;0;0;14;26;3;43;18;17;3;38;0;0;0;0;18;17;3;38;32;43;6;81;0;0;0;0;32;43;6;81;2020
05163;272;571;103;946;2;34;14;50;274;605;117;996;345;494;109;948;3;64;7;74;348;558;116;1022;617;1065;212;1894;5;98;21;124;622;1163;233;2018;2020
05164;4;3;0;7;0;0;0;0;4;3;0;7;3;5;0;8;0;1;0;1;3;6;0;9;7;8;0;15;0;1;0;1;7;9;0;16;2020
05165;50;142;19;211;0;4;2;6;50;146;21;217;61;117;22;200;0;10;3;13;61;127;25;213;111;259;41;411;0;14;5;19;111;273;46;430;2020
05166;34;44;6;84;0;5;0;5;34;49;6;89;48;28;8;84;0;4;0;4;48;32;8;88;82;72;14;168;0;9;0;9;82;81;14;177;2020
05167;33;95;9;137;0;6;0;6;33;101;9;143;43;51;6;100;0;13;0;13;43;64;6;113;76;146;15;237;0;19;0;19;76;165;15;256;2020
05168;466;1355;375;2196;6;284;151;441;472;1639;526;2637;525;1235;373;2133;11;264;101;376;536;1499;474;2509;991;2590;748;4329;17;548;252;817;1008;3138;1000;5146;2020
05169;51;69;7;127;0;2;1;3;51;71;8;130;53;45;2;100;0;1;0;1;53;46;2;101;104;114;9;227;0;3;1;4;104;117;10;231;2020
05170;14;11;0;25;0;0;0;0;14;11;0;25;13;11;0;24;0;2;0;2;13;13;0;26;27;22;0;49;0;2;0;2;27;24;0;51;2020
05171;18;16;1;35;0;0;0;0;18;16;1;35;21;11;0;32;0;0;0;0;21;11;0;32;39;27;1;67;0;0;0;0;39;27;1;67;2020
05172;23;45;6;74;0;46;2;48;23;91;8;122;20;27;4;51;0;27;2;29;20;54;6;80;43;72;10;125;0;73;4;77;43;145;14;202;2020
05173;15;25;2;42;0;4;0;4;15;29;2;46;13;16;1;30;0;0;0;0;13;16;1;30;28;41;3;72;0;4;0;4;28;45;3;76;2020
05174;15;20;3;38;0;1;0;1;15;21;3;39;12;16;2;30;0;0;0;0;12;16;2;30;27;36;5;68;0;1;0;1;27;37;5;69;2020
05175;31;50;3;84;0;2;1;3;31;52;4;87;33;28;2;63;0;5;3;8;33;33;5;71;64;78;5;147;0;7;4;11;64;85;9;158;2020
05176;46;79;15;140;0;5;2;7;46;84;17;147;42;61;15;118;0;4;4;8;42;65;19;126;88;140;30;258;0;9;6;15;88;149;36;273;2020
05177;26;44;3;73;0;3;0;3;26;47;3;76;29;29;4;62;0;0;0;0;29;29;4;62;55;73;7;135;0;3;0;3;55;76;7;138;2020
05178;59;117;18;194;0;10;0;10;59;127;18;204;65;101;17;183;0;2;0;2;65;103;17;185;124;218;35;377;0;12;0;12;124;230;35;389;2020
05179;41;61;8;110;0;2;1;3;41;63;9;113;44;57;12;113;0;1;0;1;44;58;12;114;85;118;20;223;0;3;1;4;85;121;21;227;2020
05180;19;16;0;35;0;1;0;1;19;17;0;36;16;9;0;25;0;1;0;1;16;10;0;26;35;25;0;60;0;2;0;2;35;27;0;62;2020
05181;10;18;0;28;0;0;0;0;10;18;0;28;9;6;0;15;0;0;0;0;9;6;0;15;19;24;0;43;0;0;0;0;19;24;0;43;2020
05182;164;204;27;395;1;10;8;19;165;214;35;414;189;147;24;360;1;11;1;13;190;158;25;373;353;351;51;755;2;21;9;32;355;372;60;787;2020
05183;31;33;1;65;0;2;2;4;31;35;3;69;32;26;0;58;0;4;2;6;32;30;2;64;63;59;1;123;0;6;4;10;63;65;5;133;2020
05184;45;93;10;148;0;10;1;11;45;103;11;159;44;52;7;103;0;10;3;13;44;62;10;116;89;145;17;251;0;20;4;24;89;165;21;275;2020
05185;20;34;4;58;0;1;0;1;20;35;4;59;19;24;2;45;1;0;0;1;20;24;2;46;39;58;6;103;1;1;0;2;40;59;6;105;2020
05186;274;486;94;854;1;17;2;20;275;503;96;874;323;480;93;896;1;27;4;32;324;507;97;928;597;966;187;1750;2;44;6;52;599;1010;193;1802;2020
05187;214;650;109;973;3;39;10;52;217;689;119;1025;278;580;137;995;4;42;4;50;282;622;141;1045;492;1230;246;1968;7;81;14;102;499;1311;260;2070;2020
05188;16;7;1;24;0;0;0;0;16;7;1;24;11;4;0;15;0;0;0;0;11;4;0;15;27;11;1;39;0;0;0;0;27;11;1;39;2020
05189;81;130;17;228;0;17;3;20;81;147;20;248;83;105;6;194;1;11;4;16;84;116;10;210;164;235;23;422;1;28;7;36;165;263;30;458;2020
05190;8;21;1;30;0;0;0;0;8;21;1;30;12;9;2;23;0;0;0;0;12;9;2;23;20;30;3;53;0;0;0;0;20;30;3;53;2020
05191;23;27;5;55;0;2;1;3;23;29;6;58;23;22;4;49;0;2;0;2;23;24;4;51;46;49;9;104;0;4;1;5;46;53;10;109;2020
05192;21;36;6;63;0;0;0;0;21;36;6;63;16;22;5;43;0;0;1;1;16;22;6;44;37;58;11;106;0;0;1;1;37;58;12;107;2020
05193;45;50;1;96;0;0;0;0;45;50;1;96;46;30;2;78;0;0;0;0;46;30;2;78;91;80;3;174;0;0;0;0;91;80;3;174;2020
05194;21;55;3;79;0;0;0;0;21;55;3;79;20;35;3;58;0;0;0;0;20;35;3;58;41;90;6;137;0;0;0;0;41;90;6;137;2020
05195;53;67;3;123;0;0;0;0;53;67;3;123;46;31;2;79;0;1;0;1;46;32;2;80;99;98;5;202;0;1;0;1;99;99;5;203;2020
05196;6;18;1;25;0;1;5;6;6;19;6;31;10;20;2;32;1;2;1;4;11;22;3;36;16;38;3;57;1;3;6;10;17;41;9;67;2020
05197;17;35;5;57;0;3;1;4;17;38;6;61;22;20;6;48;0;3;0;3;22;23;6;51;39;55;11;105;0;6;1;7;39;61;12;112;2020
05198;16;17;1;34;0;0;0;0;16;17;1;34;16;18;1;35;0;0;0;0;16;18;1;35;32;35;2;69;0;0;0;0;32;35;2;69;2020
05199;7;11;1;19;0;0;0;0;7;11;1;19;9;9;0;18;0;2;0;2;9;11;0;20;16;20;1;37;0;2;0;2;16;22;1;39;2020
05200;11;13;0;24;0;0;0;0;11;13;0;24;10;7;2;19;0;0;1;1;10;7;3;20;21;20;2;43;0;0;1;1;21;20;3;44;2020
05201;95;183;9;287;0;1;0;1;95;184;9;288;84;140;17;241;1;4;0;5;85;144;17;246;179;323;26;528;1;5;0;6;180;328;26;534;2020
05204;88;201;20;309;2;35;14;51;90;236;34;360;123;167;18;308;2;32;12;46;125;199;30;354;211;368;38;617;4;67;26;97;215;435;64;714;2020
05205;11;25;2;38;0;1;0;1;11;26;2;39;18;25;1;44;0;0;0;0;18;25;1;44;29;50;3;82;0;1;0;1;29;51;3;83;2020
05206;2;11;1;14;0;0;0;0;2;11;1;14;4;5;0;9;0;0;0;0;4;5;0;9;6;16;1;23;0;0;0;0;6;16;1;23;2020
05207;123;214;30;367;1;2;0;3;124;216;30;370;121;198;28;347;0;1;0;1;121;199;28;348;244;412;58;714;1;3;0;4;245;415;58;718;2020
05208;12;11;1;24;0;0;0;0;12;11;1;24;8;7;1;16;0;0;0;0;8;7;1;16;20;18;2;40;0;0;0;0;20;18;2;40;2020
05209;15;31;0;46;0;0;0;0;15;31;0;46;22;5;0;27;0;1;1;2;22;6;1;29;37;36;0;73;0;1;1;2;37;37;1;75;2020
05210;16;23;0;39;0;1;0;1;16;24;0;40;24;15;0;39;0;1;0;1;24;16;0;40;40;38;0;78;0;2;0;2;40;40;0;80;2020
05211;75;155;17;247;0;1;1;2;75;156;18;249;69;128;11;208;0;2;0;2;69;130;11;210;144;283;28;455;0;3;1;4;144;286;29;459;2020
05212;44;64;2;110;0;1;0;1;44;65;2;111;47;34;3;84;0;1;0;1;47;35;3;85;91;98;5;194;0;2;0;2;91;100;5;196;2020
05213;21;36;0;57;0;2;0;2;21;38;0;59;17;13;0;30;0;1;0;1;17;14;0;31;38;49;0;87;0;3;0;3;38;52;0;90;2020
05214;6;8;0;14;0;0;0;0;6;8;0;14;8;4;0;12;0;1;0;1;8;5;0;13;14;12;0;26;0;1;0;1;14;13;0;27;2020
05215;30;61;5;96;0;1;1;2;30;62;6;98;31;30;2;63;0;4;1;5;31;34;3;68;61;91;7;159;0;5;2;7;61;96;9;166;2020
05216;33;75;3;111;0;0;0;0;33;75;3;111;37;37;1;75;0;0;0;0;37;37;1;75;70;112;4;186;0;0;0;0;70;112;4;186;2020
05217;11;16;2;29;0;1;0;1;11;17;2;30;11;12;0;23;0;0;0;0;11;12;0;23;22;28;2;52;0;1;0;1;22;29;2;53;2020
05218;24;35;2;61;0;0;0;0;24;35;2;61;26;22;3;51;0;1;2;3;26;23;5;54;50;57;5;112;0;1;2;3;50;58;7;115;2020
05219;3;15;3;21;0;2;0;2;3;17;3;23;5;8;1;14;0;1;1;2;5;9;2;16;8;23;4;35;0;3;1;4;8;26;5;39;2020
05220;61;128;27;216;0;8;0;8;61;136;27;224;58;108;23;189;1;8;0;9;59;116;23;198;119;236;50;405;1;16;0;17;120;252;50;422;2020
05221;58;109;5;172;0;1;0;1;58;110;5;173;64;84;8;156;0;3;0;3;64;87;8;159;122;193;13;328;0;4;0;4;122;197;13;332;2020
05222;22;53;3;78;0;3;0;3;22;56;3;81;30;32;3;65;0;2;0;2;30;34;3;67;52;85;6;143;0;5;0;5;52;90;6;148;2020
05224;22;31;3;56;0;0;1;1;22;31;4;57;24;22;2;48;0;0;0;0;24;22;2;48;46;53;5;104;0;0;1;1;46;53;6;105;2020
05225;73;117;13;203;0;4;0;4;73;121;13;207;75;91;8;174;1;6;0;7;76;97;8;181;148;208;21;377;1;10;0;11;149;218;21;388;2020
05226;16;20;1;37;0;0;0;0;16;20;1;37;16;9;0;25;0;1;0;1;16;10;0;26;32;29;1;62;0;1;0;1;32;30;1;63;2020
05227;55;128;20;203;1;20;9;30;56;148;29;233;54;108;18;180;2;23;9;34;56;131;27;214;109;236;38;383;3;43;18;64;112;279;56;447;2020
05228;62;43;5;110;0;0;0;0;62;43;5;110;36;23;1;60;0;0;0;0;36;23;1;60;98;66;6;170;0;0;0;0;98;66;6;170;2020
05229;11;24;0;35;0;2;0;2;11;26;0;37;20;8;2;30;0;2;0;2;20;10;2;32;31;32;2;65;0;4;0;4;31;36;2;69;2020
05230;13;21;1;35;0;2;0;2;13;23;1;37;13;16;1;30;0;0;0;0;13;16;1;30;26;37;2;65;0;2;0;2;26;39;2;67;2020
05231;29;61;6;96;0;0;0;0;29;61;6;96;23;47;3;73;0;1;0;1;23;48;3;74;52;108;9;169;0;1;0;1;52;109;9;170;2020
05232;20;34;5;59;0;0;0;0;20;34;5;59;24;28;6;58;0;1;0;1;24;29;6;59;44;62;11;117;0;1;0;1;44;63;11;118;2020
05233;47;77;5;129;0;4;3;7;47;81;8;136;46;52;6;104;0;3;0;3;46;55;6;107;93;129;11;233;0;7;3;10;93;136;14;243;2020
05234;12;8;1;21;0;1;0;1;12;9;1;22;11;10;1;22;0;1;0;1;11;11;1;23;23;18;2;43;0;2;0;2;23;20;2;45;2020
05235;21;52;1;74;0;0;0;0;21;52;1;74;43;24;1;68;1;0;0;1;44;24;1;69;64;76;2;142;1;0;0;1;65;76;2;143;2020
05236;21;33;5;59;0;2;0;2;21;35;5;61;18;24;5;47;0;2;0;2;18;26;5;49;39;57;10;106;0;4;0;4;39;61;10;110;2020
05237;33;58;1;92;0;0;0;0;33;58;1;92;26;31;2;59;0;0;0;0;26;31;2;59;59;89;3;151;0;0;0;0;59;89;3;151;2020
05238;127;271;32;430;0;8;0;8;127;279;32;438;139;205;28;372;0;9;1;10;139;214;29;382;266;476;60;802;0;17;1;18;266;493;61;820;2020
05239;29;95;2;126;1;2;2;5;30;97;4;131;32;58;5;95;0;4;2;6;32;62;7;101;61;153;7;221;1;6;4;11;62;159;11;232;2020
05240;413;1277;359;2049;12;191;58;261;425;1468;417;2310;504;1224;304;2032;12;250;49;311;516;1474;353;2343;917;2501;663;4081;24;441;107;572;941;2942;770;4653;2020
05241;422;1182;247;1851;9;183;70;262;431;1365;317;2113;501;1035;233;1769;13;203;82;298;514;1238;315;2067;923;2217;480;3620;22;386;152;560;945;2603;632;4180;2020
05242;76;278;43;397;1;0;0;1;77;278;43;398;77;256;41;374;0;3;0;3;77;259;41;377;153;534;84;771;1;3;0;4;154;537;84;775;2020
05243;9;30;5;44;0;0;0;0;9;30;5;44;14;17;1;32;1;1;0;2;15;18;1;34;23;47;6;76;1;1;0;2;24;48;6;78;2020
05244;12;11;0;23;0;0;0;0;12;11;0;23;10;4;0;14;0;0;0;0;10;4;0;14;22;15;0;37;0;0;0;0;22;15;0;37;2020
05245;49;129;25;203;0;10;0;10;49;139;25;213;48;124;25;197;0;8;0;8;48;132;25;205;97;253;50;400;0;18;0;18;97;271;50;418;2020
05246;14;12;0;26;0;0;0;0;14;12;0;26;16;4;0;20;0;0;0;0;16;4;0;20;30;16;0;46;0;0;0;0;30;16;0;46;2020
05247;60;59;7;126;0;1;0;1;60;60;7;127;54;44;5;103;0;0;0;0;54;44;5;103;114;103;12;229;0;1;0;1;114;104;12;230;2020
05249;8;42;0;50;0;0;0;0;8;42;0;50;16;27;3;46;0;0;0;0;16;27;3;46;24;69;3;96;0;0;0;0;24;69;3;96;2020
05251;13;21;1;35;0;1;0;1;13;22;1;36;9;8;0;17;0;1;0;1;9;9;0;18;22;29;1;52;0;2;0;2;22;31;1;54;2020
05252;12;19;4;35;0;0;0;0;12;19;4;35;8;16;0;24;0;0;0;0;8;16;0;24;20;35;4;59;0;0;0;0;20;35;4;59;2020
05253;15;24;0;39;0;0;0;0;15;24;0;39;15;18;4;37;0;1;0;1;15;19;4;38;30;42;4;76;0;1;0;1;30;43;4;77;2020
05254;33;66;10;109;0;1;0;1;33;67;10;110;35;55;11;101;1;2;0;3;36;57;11;104;68;121;21;210;1;3;0;4;69;124;21;214;2020
05256;21;35;1;57;1;0;0;1;22;35;1;58;23;28;0;51;0;2;0;2;23;30;0;53;44;63;1;108;1;2;0;3;45;65;1;111;2020
05257;25;47;1;73;0;0;0;0;25;47;1;73;16;37;2;55;0;1;0;1;16;38;2;56;41;84;3;128;0;1;0;1;41;85;3;129;2020
05258;21;40;4;65;0;0;0;0;21;40;4;65;26;21;2;49;0;1;0;1;26;22;2;50;47;61;6;114;0;1;0;1;47;62;6;115;2020
05259;17;30;7;54;0;0;0;0;17;30;7;54;25;25;5;55;0;0;0;0;25;25;5;55;42;55;12;109;0;0;0;0;42;55;12;109;2020
05260;16;36;3;55;0;0;0;0;16;36;3;55;17;29;0;46;0;0;0;0;17;29;0;46;33;65;3;101;0;0;0;0;33;65;3;101;2020
05261;11;9;0;20;0;1;0;1;11;10;0;21;7;7;0;14;0;0;0;0;7;7;0;14;18;16;0;34;0;1;0;1;18;17;0;35;2020
05262;57;106;8;171;0;2;0;2;57;108;8;173;72;76;6;154;0;1;0;1;72;77;6;155;129;182;14;325;0;3;0;3;129;185;14;328;2020
05263;40;51;1;92;0;1;0;1;40;52;1;93;28;33;2;63;0;1;0;1;28;34;2;64;68;84;3;155;0;2;0;2;68;86;3;157;2020
05264;11;17;2;30;0;0;0;0;11;17;2;30;5;16;2;23;0;0;0;0;5;16;2;23;16;33;4;53;0;0;0;0;16;33;4;53;2020
05265;11;32;4;47;0;2;0;2;11;34;4;49;14;18;1;33;0;1;0;1;14;19;1;34;25;50;5;80;0;3;0;3;25;53;5;83;2020
05266;26;22;1;49;0;0;0;0;26;22;1;49;22;18;1;41;0;1;0;1;22;19;1;42;48;40;2;90;0;1;0;1;48;41;2;91;2020
05267;14;43;1;58;0;0;1;1;14;43;2;59;19;26;3;48;0;0;0;0;19;26;3;48;33;69;4;106;0;0;1;1;33;69;5;107;2020
05901;49;85;0;134;0;0;0;0;49;85;0;134;54;53;6;113;0;0;0;0;54;53;6;113;103;138;6;247;0;0;0;0;103;138;6;247;2020
05902;56;110;6;172;0;2;0;2;56;112;6;174;43;73;11;127;0;2;0;2;43;75;11;129;99;183;17;299;0;4;0;4;99;187;17;303;2020
05903;29;41;1;71;0;1;0;1;29;42;1;72;31;21;2;54;0;0;0;0;31;21;2;54;60;62;3;125;0;1;0;1;60;63;3;126;2020
05904;20;43;3;66;0;0;0;0;20;43;3;66;20;21;5;46;0;2;0;2;20;23;5;48;40;64;8;112;0;2;0;2;40;66;8;114;2020
05905;41;69;2;112;0;0;0;0;41;69;2;112;56;47;1;104;0;1;0;1;56;48;1;105;97;116;3;216;0;1;0;1;97;117;3;217;2020
06001;118;248;52;418;0;7;0;7;118;255;52;425;119;201;64;384;1;15;1;17;120;216;65;401;237;449;116;802;1;22;1;24;238;471;117;826;2020
06002;466;1687;379;2532;0;142;63;205;466;1829;442;2737;548;1672;346;2566;1;134;40;175;549;1806;386;2741;1014;3359;725;5098;1;276;103;380;1015;3635;828;5478;2020
06003;115;272;36;423;0;4;0;4;115;276;36;427;159;227;44;430;1;5;0;6;160;232;44;436;274;499;80;853;1;9;0;10;275;508;80;863;2020
06004;186;614;138;938;2;5;0;7;188;619;138;945;218;581;105;904;2;5;0;7;220;586;105;911;404;1195;243;1842;4;10;0;14;408;1205;243;1856;2020
06005;217;658;155;1030;3;27;6;36;220;685;161;1066;254;570;121;945;0;21;3;24;254;591;124;969;471;1228;276;1975;3;48;9;60;474;1276;285;2035;2020
06006;565;1684;342;2591;6;31;8;45;571;1715;350;2636;687;1588;340;2615;4;30;8;42;691;1618;348;2657;1252;3272;682;5206;10;61;16;87;1262;3333;698;5293;2020
06007;156;566;100;822;0;10;0;10;156;576;100;832;217;496;106;819;1;6;1;8;218;502;107;827;373;1062;206;1641;1;16;1;18;374;1078;207;1659;2020
06008;71;236;53;360;0;3;1;4;71;239;54;364;101;217;51;369;0;10;0;10;101;227;51;379;172;453;104;729;0;13;1;14;172;466;105;743;2020
06009;28;95;12;135;2;1;0;3;30;96;12;138;25;67;16;108;1;3;0;4;26;70;16;112;53;162;28;243;3;4;0;7;56;166;28;250;2020
06010;123;407;86;616;1;1;0;2;124;408;86;618;168;390;63;621;0;0;0;0;168;390;63;621;291;797;149;1237;1;1;0;2;292;798;149;1239;2020
06011;2413;10039;2730;15182;27;1182;393;1602;2440;11221;3123;16784;3033;9858;2590;15481;31;1182;377;1590;3064;11040;2967;17071;5446;19897;5320;30663;58;2364;770;3192;5504;22261;6090;33855;2020
06012;332;1331;331;1994;0;66;15;81;332;1397;346;2075;393;1225;318;1936;0;57;12;69;393;1282;330;2005;725;2556;649;3930;0;123;27;150;725;2679;676;4080;2020
06013;42;95;13;150;0;3;1;4;42;98;14;154;43;81;12;136;0;2;2;4;43;83;14;140;85;176;25;286;0;5;3;8;85;181;28;294;2020
06014;825;2458;495;3778;1;35;13;49;826;2493;508;3827;1006;2298;527;3831;2;83;4;89;1008;2381;531;3920;1831;4756;1022;7609;3;118;17;138;1834;4874;1039;7747;2020
06015;10526;47145;12901;70572;143;2139;316;2598;10669;49284;13217;73170;14672;48319;12026;75017;151;2341;305;2797;14823;50660;12331;77814;25198;95464;24927;145589;294;4480;621;5395;25492;99944;25548;150984;2020
06016;364;1140;247;1751;2;9;2;13;366;1149;249;1764;424;1059;218;1701;3;15;0;18;427;1074;218;1719;788;2199;465;3452;5;24;2;31;793;2223;467;3483;2020
06017;39;94;11;144;0;0;0;0;39;94;11;144;43;73;6;122;0;0;0;0;43;73;6;122;82;167;17;266;0;0;0;0;82;167;17;266;2020
06018;113;254;29;396;1;4;0;5;114;258;29;401;148;213;35;396;1;13;1;15;149;226;36;411;261;467;64;792;2;17;1;20;263;484;65;812;2020
06019;267;728;138;1133;0;8;4;12;267;736;142;1145;351;673;131;1155;1;28;2;31;352;701;133;1186;618;1401;269;2288;1;36;6;43;619;1437;275;2331;2020
06020;201;723;140;1064;2;2;0;4;203;725;140;1068;266;615;121;1002;0;10;1;11;266;625;122;1013;467;1338;261;2066;2;12;1;15;469;1350;262;2081;2020
06021;143;339;55;537;0;1;0;1;143;340;55;538;139;283;73;495;0;3;0;3;139;286;73;498;282;622;128;1032;0;4;0;4;282;626;128;1036;2020
06022;296;1017;180;1493;2;8;1;11;298;1025;181;1504;405;954;185;1544;0;17;1;18;405;971;186;1562;701;1971;365;3037;2;25;2;29;703;1996;367;3066;2020
06023;516;1563;272;2351;1;24;3;28;517;1587;275;2379;691;1422;270;2383;3;40;3;46;694;1462;273;2429;1207;2985;542;4734;4;64;6;74;1211;3049;548;4808;2020
06024;154;435;74;663;1;2;0;3;155;437;74;666;188;372;69;629;0;3;0;3;188;375;69;632;342;807;143;1292;1;5;0;6;343;812;143;1298;2020
06025;504;2053;429;2986;2;55;13;70;506;2108;442;3056;632;1985;423;3040;0;57;17;74;632;2042;440;3114;1136;4038;852;6026;2;112;30;144;1138;4150;882;6170;2020
06026;95;317;60;472;0;2;0;2;95;319;60;474;106;292;52;450;2;4;0;6;108;296;52;456;201;609;112;922;2;6;0;8;203;615;112;930;2020
06027;77;238;47;362;0;5;0;5;77;243;47;367;97;232;34;363;0;6;0;6;97;238;34;369;174;470;81;725;0;11;0;11;174;481;81;736;2020
06028;543;1515;299;2357;1;17;2;20;544;1532;301;2377;673;1427;308;2408;3;61;5;69;676;1488;313;2477;1216;2942;607;4765;4;78;7;89;1220;3020;614;4854;2020
06029;137;462;83;682;0;0;0;0;137;462;83;682;165;415;78;658;0;3;0;3;165;418;78;661;302;877;161;1340;0;3;0;3;302;880;161;1343;2020
06030;29;55;3;87;0;2;0;2;29;57;3;89;35;42;5;82;0;1;0;1;35;43;5;83;64;97;8;169;0;3;0;3;64;100;8;172;2020
06031;58;183;24;265;0;1;0;1;58;184;24;266;70;152;33;255;0;3;0;3;70;155;33;258;128;335;57;520;0;4;0;4;128;339;57;524;2020
06032;11;31;1;43;0;0;0;0;11;31;1;43;16;22;4;42;0;0;0;0;16;22;4;42;27;53;5;85;0;0;0;0;27;53;5;85;2020
06033;206;458;77;741;0;5;1;6;206;463;78;747;222;400;72;694;2;4;0;6;224;404;72;700;428;858;149;1435;2;9;1;12;430;867;150;1447;2020
06034;22;57;13;92;0;4;1;5;22;61;14;97;34;55;10;99;0;3;0;3;34;58;10;102;56;112;23;191;0;7;1;8;56;119;24;199;2020
06035;175;255;30;460;0;2;0;2;175;257;30;462;198;216;37;451;0;2;0;2;198;218;37;453;373;471;67;911;0;4;0;4;373;475;67;915;2020
06036;607;1837;326;2770;2;61;11;74;609;1898;337;2844;783;1739;331;2853;2;78;7;87;785;1817;338;2940;1390;3576;657;5623;4;139;18;161;1394;3715;675;5784;2020
06037;277;597;111;985;27;70;1;98;304;667;112;1083;319;500;94;913;21;43;1;65;340;543;95;978;596;1097;205;1898;48;113;2;163;644;1210;207;2061;2020
06038;94;315;57;466;0;1;0;1;94;316;57;467;110;277;41;428;0;2;0;2;110;279;41;430;204;592;98;894;0;3;0;3;204;595;98;897;2020
06039;183;718;150;1051;0;3;2;5;183;721;152;1056;256;681;164;1101;0;8;0;8;256;689;164;1109;439;1399;314;2152;0;11;2;13;439;1410;316;2165;2020
06040;113;379;54;546;0;24;10;34;113;403;64;580;147;355;69;571;1;26;13;40;148;381;82;611;260;734;123;1117;1;50;23;74;261;784;146;1191;2020
06041;51;187;44;282;0;0;0;0;51;187;44;282;49;177;41;267;0;2;0;2;49;179;41;269;100;364;85;549;0;2;0;2;100;366;85;551;2020
06042;111;373;84;568;0;1;0;1;111;374;84;569;140;370;94;604;0;0;0;0;140;370;94;604;251;743;178;1172;0;1;0;1;251;744;178;1173;2020
06043;84;268;43;395;0;6;3;9;84;274;46;404;85;236;46;367;0;3;1;4;85;239;47;371;169;504;89;762;0;9;4;13;169;513;93;775;2020
06044;2651;12010;3184;17845;11;427;125;563;2662;12437;3309;18408;3325;11835;3003;18163;28;584;101;713;3353;12419;3104;18876;5976;23845;6187;36008;39;1011;226;1276;6015;24856;6413;37284;2020
06045;74;152;33;259;0;19;7;26;74;171;40;285;69;153;29;251;1;12;3;16;70;165;32;267;143;305;62;510;1;31;10;42;144;336;72;552;2020
06046;157;473;88;718;1;2;0;3;158;475;88;721;173;470;91;734;1;4;0;5;174;474;91;739;330;943;179;1452;2;6;0;8;332;949;179;1460;2020
06047;110;320;71;501;0;2;1;3;110;322;72;504;132;283;74;489;0;4;1;5;132;287;75;494;242;603;145;990;0;6;2;8;242;609;147;998;2020
06048;115;291;43;449;0;0;0;0;115;291;43;449;149;259;46;454;0;3;0;3;149;262;46;457;264;550;89;903;0;3;0;3;264;553;89;906;2020
06049;132;345;49;526;0;9;1;10;132;354;50;536;184;315;64;563;2;12;2;16;186;327;66;579;316;660;113;1089;2;21;3;26;318;681;116;1115;2020
06050;464;1527;330;2321;2;33;8;43;466;1560;338;2364;585;1515;305;2405;2;58;7;67;587;1573;312;2472;1049;3042;635;4726;4;91;15;110;1053;3133;650;4836;2020
06051;222;540;104;866;1;19;5;25;223;559;109;891;285;480;121;886;0;29;5;34;285;509;126;920;507;1020;225;1752;1;48;10;59;508;1068;235;1811;2020
06052;387;1592;331;2310;1;11;2;14;388;1603;333;2324;518;1523;282;2323;4;32;4;40;522;1555;286;2363;905;3115;613;4633;5;43;6;54;910;3158;619;4687;2020
06053;90;219;39;348;0;1;1;2;90;220;40;350;110;178;36;324;0;7;0;7;110;185;36;331;200;397;75;672;0;8;1;9;200;405;76;681;2020
06054;612;2148;466;3226;1;68;30;99;613;2216;496;3325;748;2064;455;3267;2;95;25;122;750;2159;480;3389;1360;4212;921;6493;3;163;55;221;1363;4375;976;6714;2020
06055;214;765;123;1102;2;2;1;5;216;767;124;1107;282;739;111;1132;1;5;3;9;283;744;114;1141;496;1504;234;2234;3;7;4;14;499;1511;238;2248;2020
06056;66;174;25;265;0;3;0;3;66;177;25;268;91;122;20;233;0;7;1;8;91;129;21;241;157;296;45;498;0;10;1;11;157;306;46;509;2020
06057;112;157;23;292;0;0;0;0;112;157;23;292;127;125;18;270;1;2;0;3;128;127;18;273;239;282;41;562;1;2;0;3;240;284;41;565;2020
06058;224;776;163;1163;0;4;1;5;224;780;164;1168;277;743;159;1179;0;8;2;10;277;751;161;1189;501;1519;322;2342;0;12;3;15;501;1531;325;2357;2020
06059;239;630;106;975;1;8;0;9;240;638;106;984;284;584;105;973;0;20;0;20;284;604;105;993;523;1214;211;1948;1;28;0;29;524;1242;211;1977;2020
06060;614;2304;489;3407;2;36;12;50;616;2340;501;3457;761;2120;480;3361;3;60;7;70;764;2180;487;3431;1375;4424;969;6768;5;96;19;120;1380;4520;988;6888;2020
06061;126;419;61;606;2;2;0;4;128;421;61;610;183;364;62;609;0;0;0;0;183;364;62;609;309;783;123;1215;2;2;0;4;311;785;123;1219;2020
06062;86;230;32;348;1;2;0;3;87;232;32;351;99;143;30;272;1;2;0;3;100;145;30;275;185;373;62;620;2;4;0;6;187;377;62;626;2020
06063;388;1108;222;1718;0;26;6;32;388;1134;228;1750;474;1008;211;1693;1;40;5;46;475;1048;216;1739;862;2116;433;3411;1;66;11;78;863;2182;444;3489;2020
06064;127;311;43;481;0;1;2;3;127;312;45;484;150;259;36;445;2;5;0;7;152;264;36;452;277;570;79;926;2;6;2;10;279;576;81;936;2020
06065;48;100;25;173;0;0;0;0;48;100;25;173;53;90;19;162;0;2;0;2;53;92;19;164;101;190;44;335;0;2;0;2;101;192;44;337;2020
06066;224;647;103;974;0;1;0;1;224;648;103;975;286;571;89;946;0;4;0;4;286;575;89;950;510;1218;192;1920;0;5;0;5;510;1223;192;1925;2020
06067;229;745;129;1103;0;13;0;13;229;758;129;1116;279;676;131;1086;0;14;3;17;279;690;134;1103;508;1421;260;2189;0;27;3;30;508;1448;263;2219;2020
06068;54;142;30;226;0;1;0;1;54;143;30;227;63;147;37;247;0;1;0;1;63;148;37;248;117;289;67;473;0;2;0;2;117;291;67;475;2020
06069;379;1161;222;1762;1;7;2;10;380;1168;224;1772;433;1063;248;1744;1;18;2;21;434;1081;250;1765;812;2224;470;3506;2;25;4;31;814;2249;474;3537;2020
06070;814;3011;626;4451;3;59;8;70;817;3070;634;4521;948;2994;610;4552;1;111;11;123;949;3105;621;4675;1762;6005;1236;9003;4;170;19;193;1766;6175;1255;9196;2020
06071;34;87;19;140;0;1;0;1;34;88;19;141;49;75;10;134;0;3;1;4;49;78;11;138;83;162;29;274;0;4;1;5;83;166;30;279;2020
06072;270;890;240;1400;0;6;0;6;270;896;240;1406;300;802;238;1340;0;9;1;10;300;811;239;1350;570;1692;478;2740;0;15;1;16;570;1707;479;2756;2020
06073;91;277;59;427;0;0;1;1;91;277;60;428;95;250;52;397;0;4;0;4;95;254;52;401;186;527;111;824;0;4;1;5;186;531;112;829;2020
06074;470;1894;432;2796;3;49;8;60;473;1943;440;2856;619;1796;402;2817;5;56;9;70;624;1852;411;2887;1089;3690;834;5613;8;105;17;130;1097;3795;851;5743;2020
06075;87;163;13;263;0;4;2;6;87;167;15;269;99;124;28;251;1;2;0;3;100;126;28;254;186;287;41;514;1;6;2;9;187;293;43;523;2020
06076;114;297;55;466;0;6;1;7;114;303;56;473;135;283;65;483;0;1;0;1;135;284;65;484;249;580;120;949;0;7;1;8;249;587;121;957;2020
06077;67;111;12;190;1;2;1;4;68;113;13;194;67;72;11;150;0;12;0;12;67;84;11;162;134;183;23;340;1;14;1;16;135;197;24;356;2020
06078;67;192;24;283;1;1;0;2;68;193;24;285;77;161;15;253;0;5;0;5;77;166;15;258;144;353;39;536;1;6;0;7;145;359;39;543;2020
06079;59;272;48;379;0;2;1;3;59;274;49;382;81;240;57;378;0;4;0;4;81;244;57;382;140;512;105;757;0;6;1;7;140;518;106;764;2020
06080;193;773;170;1136;2;9;0;11;195;782;170;1147;244;723;144;1111;3;13;1;17;247;736;145;1128;437;1496;314;2247;5;22;1;28;442;1518;315;2275;2020
06081;172;363;77;612;0;2;0;2;172;365;77;614;168;339;47;554;0;6;2;8;168;345;49;562;340;702;124;1166;0;8;2;10;340;710;126;1176;2020
06082;53;169;45;267;0;5;0;5;53;174;45;272;48;144;29;221;1;2;2;5;49;146;31;226;101;313;74;488;1;7;2;10;102;320;76;498;2020
06083;4038;18872;5147;28057;33;750;160;943;4071;19622;5307;29000;5490;19201;4826;29517;43;821;167;1031;5533;20022;4993;30548;9528;38073;9973;57574;76;1571;327;1974;9604;39644;10300;59548;2020
06084;132;417;66;615;1;13;4;18;133;430;70;633;159;373;88;620;0;8;1;9;159;381;89;629;291;790;154;1235;1;21;5;27;292;811;159;1262;2020
06085;359;1404;334;2097;3;41;9;53;362;1445;343;2150;445;1289;266;2000;0;55;11;66;445;1344;277;2066;804;2693;600;4097;3;96;20;119;807;2789;620;4216;2020
06086;174;394;74;642;0;4;2;6;174;398;76;648;242;385;78;705;0;5;3;8;242;390;81;713;416;779;152;1347;0;9;5;14;416;788;157;1361;2020
06087;305;679;139;1123;0;20;5;25;305;699;144;1148;401;616;130;1147;1;26;4;31;402;642;134;1178;706;1295;269;2270;1;46;9;56;707;1341;278;2326;2020
06088;1326;4936;1202;7464;8;146;34;188;1334;5082;1236;7652;1650;4864;1146;7660;5;152;35;192;1655;5016;1181;7852;2976;9800;2348;15124;13;298;69;380;2989;10098;2417;15504;2020
06089;89;220;55;364;0;1;1;2;89;221;56;366;97;214;32;343;0;4;1;5;97;218;33;348;186;434;87;707;0;5;2;7;186;439;89;714;2020
06090;110;309;47;466;0;2;0;2;110;311;47;468;127;285;39;451;1;6;0;7;128;291;39;458;237;594;86;917;1;8;0;9;238;602;86;926;2020
06091;449;1430;262;2141;5;59;13;77;454;1489;275;2218;574;1271;260;2105;3;65;12;80;577;1336;272;2185;1023;2701;522;4246;8;124;25;157;1031;2825;547;4403;2020
06092;73;216;37;326;0;5;0;5;73;221;37;331;71;203;49;323;0;4;0;4;71;207;49;327;144;419;86;649;0;9;0;9;144;428;86;658;2020
06093;566;1615;343;2524;2;21;3;26;568;1636;346;2550;713;1474;299;2486;3;40;7;50;716;1514;306;2536;1279;3089;642;5010;5;61;10;76;1284;3150;652;5086;2020
06094;194;558;122;874;0;0;0;0;194;558;122;874;216;513;119;848;0;3;0;3;216;516;119;851;410;1071;241;1722;0;3;0;3;410;1074;241;1725;2020
06095;935;3854;969;5758;15;153;16;184;950;4007;985;5942;1183;3730;928;5841;10;103;16;129;1193;3833;944;5970;2118;7584;1897;11599;25;256;32;313;2143;7840;1929;11912;2020
06096;42;66;4;112;0;6;3;9;42;72;7;121;53;51;11;115;3;5;0;8;56;56;11;123;95;117;15;227;3;11;3;17;98;128;18;244;2020
06097;313;848;149;1310;4;39;10;53;317;887;159;1363;367;725;134;1226;2;41;9;52;369;766;143;1278;680;1573;283;2536;6;80;19;105;686;1653;302;2641;2020
06098;54;223;52;329;0;5;1;6;54;228;53;335;59;207;67;333;0;3;0;3;59;210;67;336;113;430;119;662;0;8;1;9;113;438;120;671;2020
06099;124;477;85;686;0;0;0;0;124;477;85;686;140;430;70;640;1;0;0;1;141;430;70;641;264;907;155;1326;1;0;0;1;265;907;155;1327;2020
06100;155;256;23;434;0;3;0;3;155;259;23;437;219;213;23;455;1;3;0;4;220;216;23;459;374;469;46;889;1;6;0;7;375;475;46;896;2020
06101;70;151;28;249;0;6;0;6;70;157;28;255;79;143;23;245;1;5;1;7;80;148;24;252;149;294;51;494;1;11;1;13;150;305;52;507;2020
06102;164;358;59;581;1;16;2;19;165;374;61;600;191;328;79;598;0;13;1;14;191;341;80;612;355;686;138;1179;1;29;3;33;356;715;141;1212;2020
06103;492;1893;491;2876;4;34;9;47;496;1927;500;2923;610;1863;387;2860;3;40;8;51;613;1903;395;2911;1102;3756;878;5736;7;74;17;98;1109;3830;895;5834;2020
06104;79;249;31;359;0;1;0;1;79;250;31;360;100;226;37;363;0;1;0;1;100;227;37;364;179;475;68;722;0;2;0;2;179;477;68;724;2020
06105;100;206;34;340;0;4;0;4;100;210;34;344;110;185;22;317;0;9;0;9;110;194;22;326;210;391;56;657;0;13;0;13;210;404;56;670;2020
06106;62;146;38;246;0;1;0;1;62;147;38;247;56;148;26;230;0;2;1;3;56;150;27;233;118;294;64;476;0;3;1;4;118;297;65;480;2020
06107;181;634;116;931;1;4;0;5;182;638;116;936;227;557;117;901;0;2;0;2;227;559;117;903;408;1191;233;1832;1;6;0;7;409;1197;233;1839;2020
06108;237;892;196;1325;3;19;3;25;240;911;199;1350;325;812;154;1291;3;29;3;35;328;841;157;1326;562;1704;350;2616;6;48;6;60;568;1752;356;2676;2020
06109;375;1584;300;2259;3;34;12;49;378;1618;312;2308;480;1465;280;2225;1;32;8;41;481;1497;288;2266;855;3049;580;4484;4;66;20;90;859;3115;600;4574;2020
06110;23;50;3;76;0;0;0;0;23;50;3;76;25;41;8;74;0;0;0;0;25;41;8;74;48;91;11;150;0;0;0;0;48;91;11;150;2020
06111;60;184;60;304;0;5;1;6;60;189;61;310;67;181;44;292;1;5;2;8;68;186;46;300;127;365;104;596;1;10;3;14;128;375;107;610;2020
06112;41;153;28;222;0;1;0;1;41;154;28;223;58;127;26;211;1;1;0;2;59;128;26;213;99;280;54;433;1;2;0;3;100;282;54;436;2020
06113;311;1017;203;1531;1;76;14;91;312;1093;217;1622;381;954;219;1554;4;56;20;80;385;1010;239;1634;692;1971;422;3085;5;132;34;171;697;2103;456;3256;2020
06114;23;37;5;65;0;0;0;0;23;37;5;65;25;36;6;67;0;0;0;0;25;36;6;67;48;73;11;132;0;0;0;0;48;73;11;132;2020
06115;140;482;76;698;2;6;5;13;142;488;81;711;184;427;110;721;0;21;2;23;184;448;112;744;324;909;186;1419;2;27;7;36;326;936;193;1455;2020
06116;198;569;88;855;0;5;1;6;198;574;89;861;242;507;100;849;0;11;0;11;242;518;100;860;440;1076;188;1704;0;16;1;17;440;1092;189;1721;2020
06117;132;550;98;780;1;5;0;6;133;555;98;786;214;491;109;814;2;5;0;7;216;496;109;821;346;1041;207;1594;3;10;0;13;349;1051;207;1607;2020
06118;38;49;8;95;0;0;0;0;38;49;8;95;30;39;0;69;0;1;0;1;30;40;0;70;68;88;8;164;0;1;0;1;68;89;8;165;2020
06119;89;264;67;420;0;8;3;11;89;272;70;431;82;255;60;397;1;8;1;10;83;263;61;407;171;519;127;817;1;16;4;21;172;535;131;838;2020
06120;361;1346;275;1982;0;21;3;24;361;1367;278;2006;444;1246;248;1938;0;25;6;31;444;1271;254;1969;805;2592;523;3920;0;46;9;55;805;2638;532;3975;2020
06121;364;1304;308;1976;2;76;20;98;366;1380;328;2074;450;1227;279;1956;1;75;18;94;451;1302;297;2050;814;2531;587;3932;3;151;38;192;817;2682;625;4124;2020
06122;666;2706;632;4004;4;53;12;69;670;2759;644;4073;796;2498;627;3921;3;72;6;81;799;2570;633;4002;1462;5204;1259;7925;7;125;18;150;1469;5329;1277;8075;2020
06123;504;1808;368;2680;2;29;3;34;506;1837;371;2714;628;1634;360;2622;7;31;3;41;635;1665;363;2663;1132;3442;728;5302;9;60;6;75;1141;3502;734;5377;2020
06124;213;619;90;922;0;3;0;3;213;622;90;925;279;548;92;919;0;6;1;7;279;554;93;926;492;1167;182;1841;0;9;1;10;492;1176;183;1851;2020
06125;255;586;90;931;2;6;4;12;257;592;94;943;323;498;83;904;3;9;2;14;326;507;85;918;578;1084;173;1835;5;15;6;26;583;1099;179;1861;2020
06126;236;833;171;1240;3;34;24;61;239;867;195;1301;302;779;162;1243;2;42;13;57;304;821;175;1300;538;1612;333;2483;5;76;37;118;543;1688;370;2601;2020
06127;382;1032;212;1626;1;55;15;71;383;1087;227;1697;469;969;203;1641;2;47;19;68;471;1016;222;1709;851;2001;415;3267;3;102;34;139;854;2103;449;3406;2020
06128;454;1747;406;2607;2;36;4;42;456;1783;410;2649;541;1696;377;2614;2;41;8;51;543;1737;385;2665;995;3443;783;5221;4;77;12;93;999;3520;795;5314;2020
06129;84;207;43;334;0;2;0;2;84;209;43;336;81;206;53;340;0;2;0;2;81;208;53;342;165;413;96;674;0;4;0;4;165;417;96;678;2020
06130;30;70;7;107;0;0;0;0;30;70;7;107;41;52;11;104;0;0;1;1;41;52;12;105;71;122;18;211;0;0;1;1;71;122;19;212;2020
06131;124;425;76;625;0;9;3;12;124;434;79;637;147;378;75;600;1;7;1;9;148;385;76;609;271;803;151;1225;1;16;4;21;272;819;155;1246;2020
06132;100;302;50;452;1;5;1;7;101;307;51;459;107;327;51;485;0;4;1;5;107;331;52;490;207;629;101;937;1;9;2;12;208;638;103;949;2020
06133;175;758;213;1146;0;19;3;22;175;777;216;1168;207;694;168;1069;3;16;1;20;210;710;169;1089;382;1452;381;2215;3;35;4;42;385;1487;385;2257;2020
06134;75;213;39;327;0;3;0;3;75;216;39;330;62;189;37;288;0;5;2;7;62;194;39;295;137;402;76;615;0;8;2;10;137;410;78;625;2020
06135;110;467;117;694;1;7;2;10;111;474;119;704;126;423;111;660;1;8;3;12;127;431;114;672;236;890;228;1354;2;15;5;22;238;905;233;1376;2020
06136;174;578;107;859;1;5;1;7;175;583;108;866;222;547;108;877;1;6;1;8;223;553;109;885;396;1125;215;1736;2;11;2;15;398;1136;217;1751;2020
06137;119;353;63;535;3;14;0;17;122;367;63;552;153;308;42;503;2;7;1;10;155;315;43;513;272;661;105;1038;5;21;1;27;277;682;106;1065;2020
06138;119;380;69;568;1;4;0;5;120;384;69;573;145;387;67;599;1;6;0;7;146;393;67;606;264;767;136;1167;2;10;0;12;266;777;136;1179;2020
06139;71;186;26;283;0;1;0;1;71;187;26;284;87;155;13;255;1;0;0;1;88;155;13;256;158;341;39;538;1;1;0;2;159;342;39;540;2020
06140;79;231;41;351;3;13;5;21;82;244;46;372;99;202;33;334;2;12;5;19;101;214;38;353;178;433;74;685;5;25;10;40;183;458;84;725;2020
06141;261;604;104;969;1;5;1;7;262;609;105;976;288;563;112;963;1;19;1;21;289;582;113;984;549;1167;216;1932;2;24;2;28;551;1191;218;1960;2020
06142;43;91;11;145;0;0;0;0;43;91;11;145;41;79;6;126;0;2;0;2;41;81;6;128;84;170;17;271;0;2;0;2;84;172;17;273;2020
06143;337;1390;337;2064;3;19;2;24;340;1409;339;2088;401;1339;304;2044;2;26;7;35;403;1365;311;2079;738;2729;641;4108;5;45;9;59;743;2774;650;4167;2020
06144;79;173;31;283;0;1;0;1;79;174;31;284;92;167;24;283;1;2;0;3;93;169;24;286;171;340;55;566;1;3;0;4;172;343;55;570;2020
06145;111;358;63;532;0;2;0;2;111;360;63;534;123;324;64;511;0;2;0;2;123;326;64;513;234;682;127;1043;0;4;0;4;234;686;127;1047;2020
06146;146;374;57;577;0;8;1;9;146;382;58;586;194;331;46;571;0;15;0;15;194;346;46;586;340;705;103;1148;0;23;1;24;340;728;104;1172;2020
06147;57;107;10;174;0;4;0;4;57;111;10;178;77;86;10;173;0;12;0;12;77;98;10;185;134;193;20;347;0;16;0;16;134;209;20;363;2020
06148;102;376;81;559;1;3;0;4;103;379;81;563;151;351;72;574;1;5;0;6;152;356;72;580;253;727;153;1133;2;8;0;10;255;735;153;1143;2020
06149;1109;3961;963;6033;2;139;56;197;1111;4100;1019;6230;1443;3821;967;6231;8;158;46;212;1451;3979;1013;6443;2552;7782;1930;12264;10;297;102;409;2562;8079;2032;12673;2020
06150;121;300;43;464;0;0;0;0;121;300;43;464;132;243;56;431;0;11;0;11;132;254;56;442;253;543;99;895;0;11;0;11;253;554;99;906;2020
06151;135;385;77;597;0;2;0;2;135;387;77;599;169;379;85;633;0;2;0;2;169;381;85;635;304;764;162;1230;0;4;0;4;304;768;162;1234;2020
06152;163;490;82;735;0;4;4;8;163;494;86;743;176;452;92;720;0;8;4;12;176;460;96;732;339;942;174;1455;0;12;8;20;339;954;182;1475;2020
06153;2065;7914;1982;11961;15;438;116;569;2080;8352;2098;12530;2671;7975;1933;12579;22;510;111;643;2693;8485;2044;13222;4736;15889;3915;24540;37;948;227;1212;4773;16837;4142;25752;2020
06154;301;1127;227;1655;0;22;1;23;301;1149;228;1678;410;1022;221;1653;0;30;3;33;410;1052;224;1686;711;2149;448;3308;0;52;4;56;711;2201;452;3364;2020
06155;200;791;116;1107;1;17;1;19;201;808;117;1126;221;641;108;970;0;9;1;10;221;650;109;980;421;1432;224;2077;1;26;2;29;422;1458;226;2106;2020
06156;154;455;78;687;0;5;3;8;154;460;81;695;170;401;79;650;0;7;1;8;170;408;80;658;324;856;157;1337;0;12;4;16;324;868;161;1353;2020
06157;64;134;9;207;1;5;1;7;65;139;10;214;87;105;8;200;0;9;0;9;87;114;8;209;151;239;17;407;1;14;1;16;152;253;18;423;2020
06158;1303;5216;1302;7821;13;217;44;274;1316;5433;1346;8095;1763;5323;1231;8317;12;346;40;398;1775;5669;1271;8715;3066;10539;2533;16138;25;563;84;672;3091;11102;2617;16810;2020
06159;227;938;198;1363;0;11;3;14;227;949;201;1377;312;870;204;1386;0;10;1;11;312;880;205;1397;539;1808;402;2749;0;21;4;25;539;1829;406;2774;2020
06160;370;1150;216;1736;4;37;10;51;374;1187;226;1787;472;1059;173;1704;7;38;9;54;479;1097;182;1758;842;2209;389;3440;11;75;19;105;853;2284;408;3545;2020
06161;48;96;10;154;1;1;0;2;49;97;10;156;71;72;9;152;0;2;0;2;71;74;9;154;119;168;19;306;1;3;0;4;120;171;19;310;2020
06162;296;1145;268;1709;0;6;1;7;296;1151;269;1716;396;1069;212;1677;1;7;1;9;397;1076;213;1686;692;2214;480;3386;1;13;2;16;693;2227;482;3402;2020
06901;236;860;198;1294;4;67;19;90;240;927;217;1384;284;787;179;1250;3;64;20;87;287;851;199;1337;520;1647;377;2544;7;131;39;177;527;1778;416;2721;2020
06902;208;633;150;991;0;14;1;15;208;647;151;1006;220;613;160;993;1;8;0;9;221;621;160;1002;428;1246;310;1984;1;22;1;24;429;1268;311;2008;2020
06903;209;805;168;1182;0;34;8;42;209;839;176;1224;262;786;177;1225;2;32;9;43;264;818;186;1268;471;1591;345;2407;2;66;17;85;473;1657;362;2492;2020
07001;344;1493;391;2228;40;352;97;489;384;1845;488;2717;444;1462;406;2312;41;441;106;588;485;1903;512;2900;788;2955;797;4540;81;793;203;1077;869;3748;1000;5617;2020
07002;676;2770;688;4134;113;488;63;664;789;3258;751;4798;771;2656;642;4069;107;434;59;600;878;3090;701;4669;1447;5426;1330;8203;220;922;122;1264;1667;6348;1452;9467;2020
07003;960;5427;1393;7780;190;2213;369;2772;1150;7640;1762;10552;1140;5220;1304;7664;191;2073;339;2603;1331;7293;1643;10267;2100;10647;2697;15444;381;4286;708;5375;2481;14933;3405;20819;2020
07004;482;1685;418;2585;45;268;43;356;527;1953;461;2941;523;1469;439;2431;48;317;56;421;571;1786;495;2852;1005;3154;857;5016;93;585;99;777;1098;3739;956;5793;2020
07005;621;2982;750;4353;170;1002;191;1363;791;3984;941;5716;731;2787;677;4195;202;1124;196;1522;933;3911;873;5717;1352;5769;1427;8548;372;2126;387;2885;1724;7895;1814;11433;2020
07006;576;2164;569;3309;66;534;101;701;642;2698;670;4010;736;2029;545;3310;72;507;85;664;808;2536;630;3974;1312;4193;1114;6619;138;1041;186;1365;1450;5234;1300;7984;2020
07007;65;167;25;257;6;15;1;22;71;182;26;279;62;124;26;212;2;27;3;32;64;151;29;244;127;291;51;469;8;42;4;54;135;333;55;523;2020
07008;552;2610;793;3955;30;313;82;425;582;2923;875;4380;667;2494;763;3924;39;350;63;452;706;2844;826;4376;1219;5104;1556;7879;69;663;145;877;1288;5767;1701;8756;2020
07009;91;299;83;473;15;60;19;94;106;359;102;567;115;249;63;427;14;71;8;93;129;320;71;520;206;548;146;900;29;131;27;187;235;679;173;1087;2020
07010;542;2048;530;3120;15;197;32;244;557;2245;562;3364;630;2028;540;3198;31;253;49;333;661;2281;589;3531;1172;4076;1070;6318;46;450;81;577;1218;4526;1151;6895;2020
07011;2742;12367;2747;17856;888;6040;1226;8154;3630;18407;3973;26010;2896;11750;2674;17320;1050;6217;1113;8380;3946;17967;3787;25700;5638;24117;5421;35176;1938;12257;2339;16534;7576;36374;7760;51710;2020
07012;234;739;158;1131;28;150;34;212;262;889;192;1343;292;665;143;1100;28;154;23;205;320;819;166;1305;526;1404;301;2231;56;304;57;417;582;1708;358;2648;2020
07013;821;2969;843;4633;61;739;198;998;882;3708;1041;5631;1003;2799;812;4614;85;781;172;1038;1088;3580;984;5652;1824;5768;1655;9247;146;1520;370;2036;1970;7288;2025;11283;2020
07014;641;3445;738;4824;132;1089;144;1365;773;4534;882;6189;779;3196;693;4668;127;1000;174;1301;906;4196;867;5969;1420;6641;1431;9492;259;2089;318;2666;1679;8730;1749;12158;2020
07015;2141;9235;2280;13656;135;1299;152;1586;2276;10534;2432;15242;2563;8976;2078;13617;150;1421;158;1729;2713;10397;2236;15346;4704;18211;4358;27273;285;2720;310;3315;4989;20931;4668;30588;2020
07016;281;1267;400;1948;11;98;10;119;292;1365;410;2067;325;1228;355;1908;13;121;16;150;338;1349;371;2058;606;2495;755;3856;24;219;26;269;630;2714;781;4125;2020
07017;103;379;92;574;12;62;11;85;115;441;103;659;120;337;96;553;13;91;13;117;133;428;109;670;223;716;188;1127;25;153;24;202;248;869;212;1329;2020
07018;41;154;23;218;13;72;6;91;54;226;29;309;45;136;30;211;14;80;16;110;59;216;46;321;86;290;53;429;27;152;22;201;113;442;75;630;2020
07019;29;74;8;111;0;16;1;17;29;90;9;128;20;39;6;65;2;12;1;15;22;51;7;80;49;113;14;176;2;28;2;32;51;141;16;208;2020
07020;356;1529;406;2291;22;182;31;235;378;1711;437;2526;444;1456;408;2308;29;206;44;279;473;1662;452;2587;800;2985;814;4599;51;388;75;514;851;3373;889;5113;2020
07021;32;94;11;137;11;21;6;38;43;115;17;175;42;67;11;120;4;24;4;32;46;91;15;152;74;161;22;257;15;45;10;70;89;206;32;327;2020
07022;1402;4560;1100;7062;118;1468;543;2129;1520;6028;1643;9191;1729;4247;1051;7027;124;1394;466;1984;1853;5641;1517;9011;3131;8807;2151;14089;242;2862;1009;4113;3373;11669;3160;18202;2020
07023;359;1607;370;2336;14;100;10;124;373;1707;380;2460;373;1560;374;2307;13;113;15;141;386;1673;389;2448;732;3167;744;4643;27;213;25;265;759;3380;769;4908;2020
07024;516;3294;626;4436;167;1439;186;1792;683;4733;812;6228;585;2905;563;4053;193;1251;179;1623;778;4156;742;5676;1101;6199;1189;8489;360;2690;365;3415;1461;8889;1554;11904;2020
07025;56;176;31;263;18;49;13;80;74;225;44;343;63;161;44;268;18;46;4;68;81;207;48;336;119;337;75;531;36;95;17;148;155;432;92;679;2020
07026;2608;13185;2994;18787;268;5817;894;6979;2876;19002;3888;25766;3205;12860;2757;18822;330;5381;829;6540;3535;18241;3586;25362;5813;26045;5751;37609;598;11198;1723;13519;6411;37243;7474;51128;2020
07027;1978;9178;2743;13899;104;2358;552;3014;2082;11536;3295;16913;2627;8810;2529;13966;171;2102;527;2800;2798;10912;3056;16766;4605;17988;5272;27865;275;4460;1079;5814;4880;22448;6351;33679;2020
07028;111;371;101;583;9;115;27;151;120;486;128;734;119;362;86;567;12;95;29;136;131;457;115;703;230;733;187;1150;21;210;56;287;251;943;243;1437;2020
07029;450;1826;468;2744;8;238;86;332;458;2064;554;3076;521;1735;443;2699;18;250;79;347;539;1985;522;3046;971;3561;911;5443;26;488;165;679;997;4049;1076;6122;2020
07030;183;631;169;983;10;116;34;160;193;747;203;1143;245;582;164;991;11;108;45;164;256;690;209;1155;428;1213;333;1974;21;224;79;324;449;1437;412;2298;2020
07031;2359;10532;2770;15661;265;2796;451;3512;2624;13328;3221;19173;2743;9932;2659;15334;296;2514;435;3245;3039;12446;3094;18579;5102;20464;5429;30995;561;5310;886;6757;5663;25774;6315;37752;2020
07032;2041;8353;2089;12483;158;1538;257;1953;2199;9891;2346;14436;2680;8539;2062;13281;192;1472;211;1875;2872;10011;2273;15156;4721;16892;4151;25764;350;3010;468;3828;5071;19902;4619;29592;2020
07033;2692;11824;3083;17599;199;3472;1044;4715;2891;15296;4127;22314;3560;11254;2889;17703;233;3268;1009;4510;3793;14522;3898;22213;6252;23078;5972;35302;432;6740;2053;9225;6684;29818;8025;44527;2020
07034;98;459;149;706;11;44;11;66;109;503;160;772;118;428;136;682;13;53;8;74;131;481;144;756;216;887;285;1388;24;97;19;140;240;984;304;1528;2020
07035;221;606;167;994;14;125;29;168;235;731;196;1162;242;552;143;937;17;110;19;146;259;662;162;1083;463;1158;310;1931;31;235;48;314;494;1393;358;2245;2020
07036;2593;12030;3358;17981;74;751;187;1012;2667;12781;3545;18993;2762;11748;3113;17623;117;850;141;1108;2879;12598;3254;18731;5355;23778;6471;35604;191;1601;328;2120;5546;25379;6799;37724;2020
07037;351;1539;314;2204;111;341;51;503;462;1880;365;2707;340;1409;342;2091;91;375;52;518;431;1784;394;2609;691;2948;656;4295;202;716;103;1021;893;3664;759;5316;2020
07038;257;758;197;1212;25;199;72;296;282;957;269;1508;333;725;181;1239;18;177;45;240;351;902;226;1479;590;1483;378;2451;43;376;117;536;633;1859;495;2987;2020
07039;574;1996;545;3115;33;457;158;648;607;2453;703;3763;725;1825;496;3046;32;423;130;585;757;2248;626;3631;1299;3821;1041;6161;65;880;288;1233;1364;4701;1329;7394;2020
07040;27327;114863;28293;170483;1264;30283;4624;36171;28591;145146;32917;206654;37181;116791;26716;180688;1897;28916;4432;35245;39078;145707;31148;215933;64508;231654;55009;351171;3161;59199;9056;71416;67669;290853;64065;422587;2020
07041;277;771;188;1236;12;160;51;223;289;931;239;1459;335;752;186;1273;10;147;53;210;345;899;239;1483;612;1523;374;2509;22;307;104;433;634;1830;478;2942;2020
07042;1186;4318;1041;6545;222;1243;273;1738;1408;5561;1314;8283;1507;4058;941;6506;233;1354;282;1869;1740;5412;1223;8375;2693;8376;1982;13051;455;2597;555;3607;3148;10973;2537;16658;2020
07043;465;1283;385;2133;42;495;182;719;507;1778;567;2852;555;1197;332;2084;47;428;165;640;602;1625;497;2724;1020;2480;717;4217;89;923;347;1359;1109;3403;1064;5576;2020
07044;959;3538;1101;5598;41;1003;328;1372;1000;4541;1429;6970;1211;3328;953;5492;54;905;343;1302;1265;4233;1296;6794;2170;6866;2054;11090;95;1908;671;2674;2265;8774;2725;13764;2020
07045;111;566;180;857;21;106;24;151;132;672;204;1008;144;555;161;860;34;121;21;176;178;676;182;1036;255;1121;341;1717;55;227;45;327;310;1348;386;2044;2020
07046;1457;7606;1596;10659;159;2908;479;3546;1616;10514;2075;14205;1613;6565;1472;9650;180;2487;511;3178;1793;9052;1983;12828;3070;14171;3068;20309;339;5395;990;6724;3409;19566;4058;27033;2020
07047;258;1001;241;1500;22;146;24;192;280;1147;265;1692;288;918;237;1443;29;177;29;235;317;1095;266;1678;546;1919;478;2943;51;323;53;427;597;2242;531;3370;2020
07048;1397;8341;1768;11506;146;2316;370;2832;1543;10657;2138;14338;1480;7450;1763;10693;139;2188;374;2701;1619;9638;2137;13394;2877;15791;3531;22199;285;4504;744;5533;3162;20295;4275;27732;2020
07049;204;517;152;873;8;137;41;186;212;654;193;1059;295;477;121;893;10;128;55;193;305;605;176;1086;499;994;273;1766;18;265;96;379;517;1259;369;2145;2020
07050;402;1442;324;2168;146;854;206;1206;548;2296;530;3374;427;1300;305;2032;111;868;191;1170;538;2168;496;3202;829;2742;629;4200;257;1722;397;2376;1086;4464;1026;6576;2020
07051;527;2249;575;3351;129;713;149;991;656;2962;724;4342;659;2184;599;3442;116;719;123;958;775;2903;722;4400;1186;4433;1174;6793;245;1432;272;1949;1431;5865;1446;8742;2020
07052;494;2008;508;3010;83;300;31;414;577;2308;539;3424;502;1960;434;2896;88;297;30;415;590;2257;464;3311;996;3968;942;5906;171;597;61;829;1167;4565;1003;6735;2020
07053;112;508;109;729;9;59;17;85;121;567;126;814;151;473;112;736;10;71;10;91;161;544;122;827;263;981;221;1465;19;130;27;176;282;1111;248;1641;2020
07054;1883;10223;2251;14357;468;4331;738;5537;2351;14554;2989;19894;2168;9587;2220;13975;504;4278;707;5489;2672;13865;2927;19464;4051;19810;4471;28332;972;8609;1445;11026;5023;28419;5916;39358;2020
07055;806;3458;850;5114;114;1171;196;1481;920;4629;1046;6595;932;3025;786;4743;130;1142;187;1459;1062;4167;973;6202;1738;6483;1636;9857;244;2313;383;2940;1982;8796;2019;12797;2020
07056;496;2229;668;3393;32;254;63;349;528;2483;731;3742;638;2118;596;3352;31;296;65;392;669;2414;661;3744;1134;4347;1264;6745;63;550;128;741;1197;4897;1392;7486;2020
07057;838;2997;642;4477;205;1292;262;1759;1043;4289;904;6236;992;2828;612;4432;211;1267;227;1705;1203;4095;839;6137;1830;5825;1254;8909;416;2559;489;3464;2246;8384;1743;12373;2020
07058;303;1129;299;1731;52;169;42;263;355;1298;341;1994;380;1105;286;1771;42;228;45;315;422;1333;331;2086;683;2234;585;3502;94;397;87;578;777;2631;672;4080;2020
07059;375;1223;251;1849;75;546;124;745;450;1769;375;2594;415;1114;259;1788;74;524;116;714;489;1638;375;2502;790;2337;510;3637;149;1070;240;1459;939;3407;750;5096;2020
07060;318;1074;296;1688;21;229;64;314;339;1303;360;2002;388;1023;298;1709;24;244;51;319;412;1267;349;2028;706;2097;594;3397;45;473;115;633;751;2570;709;4030;2020
07061;1086;3711;864;5661;129;861;152;1142;1215;4572;1016;6803;1361;3433;780;5574;173;915;169;1257;1534;4348;949;6831;2447;7144;1644;11235;302;1776;321;2399;2749;8920;1965;13634;2020
07062;679;3389;829;4897;78;752;152;982;757;4141;981;5879;829;3294;789;4912;95;802;129;1026;924;4096;918;5938;1508;6683;1618;9809;173;1554;281;2008;1681;8237;1899;11817;2020
07063;193;556;103;852;21;118;25;164;214;674;128;1016;200;507;107;814;19;139;21;179;219;646;128;993;393;1063;210;1666;40;257;46;343;433;1320;256;2009;2020
07064;507;2333;506;3346;80;344;48;472;587;2677;554;3818;604;2258;455;3317;84;310;43;437;688;2568;498;3754;1111;4591;961;6663;164;654;91;909;1275;5245;1052;7572;2020
07065;240;955;267;1462;15;225;69;309;255;1180;336;1771;321;870;252;1443;7;182;63;252;328;1052;315;1695;561;1825;519;2905;22;407;132;561;583;2232;651;3466;2020
07901;96;206;61;363;8;82;16;106;104;288;77;469;137;180;37;354;8;56;15;79;145;236;52;433;233;386;98;717;16;138;31;185;249;524;129;902;2020
07902;122;439;98;659;13;51;3;67;135;490;101;726;136;431;89;656;15;62;4;81;151;493;93;737;258;870;187;1315;28;113;7;148;286;983;194;1463;2020
08001;873;3850;1194;5917;14;332;62;408;887;4182;1256;6325;1021;3672;1087;5780;29;345;59;433;1050;4017;1146;6213;1894;7522;2281;11697;43;677;121;841;1937;8199;2402;12538;2020
08002;28;92;25;145;0;2;1;3;28;94;26;148;23;78;29;130;0;3;1;4;23;81;30;134;51;170;54;275;0;5;2;7;51;175;56;282;2020
08003;958;2572;776;4306;25;389;118;532;983;2961;894;4838;1074;2742;689;4505;32;420;109;561;1106;3162;798;5066;2032;5314;1465;8811;57;809;227;1093;2089;6123;1692;9904;2020
08004;19;91;18;128;0;8;1;9;19;99;19;137;28;73;14;115;0;9;0;9;28;82;14;124;47;164;32;243;0;17;1;18;47;181;33;261;2020
08005;595;2759;755;4109;28;190;31;249;623;2949;786;4358;651;2682;691;4024;28;208;28;264;679;2890;719;4288;1246;5441;1446;8133;56;398;59;513;1302;5839;1505;8646;2020
08006;1373;4280;1129;6782;38;811;130;979;1411;5091;1259;7761;2003;4343;1029;7375;49;645;111;805;2052;4988;1140;8180;3376;8623;2158;14157;87;1456;241;1784;3463;10079;2399;15941;2020
08007;718;2779;778;4275;16;249;51;316;734;3028;829;4591;850;2681;680;4211;23;254;42;319;873;2935;722;4530;1568;5460;1458;8486;39;503;93;635;1607;5963;1551;9121;2020
08008;18;75;12;105;1;7;0;8;19;82;12;113;20;65;18;103;1;2;0;3;21;67;18;106;38;140;30;208;2;9;0;11;40;149;30;219;2020
08009;976;3815;1074;5865;21;261;50;332;997;4076;1124;6197;1245;3760;1002;6007;20;267;45;332;1265;4027;1047;6339;2221;7575;2076;11872;41;528;95;664;2262;8103;2171;12536;2020
08010;464;1667;436;2567;7;278;59;344;471;1945;495;2911;584;1585;428;2597;6;191;57;254;590;1776;485;2851;1048;3252;864;5164;13;469;116;598;1061;3721;980;5762;2020
08011;215;662;183;1060;0;43;10;53;215;705;193;1113;245;653;158;1056;1;40;10;51;246;693;168;1107;460;1315;341;2116;1;83;20;104;461;1398;361;2220;2020
08012;203;660;157;1020;0;88;29;117;203;748;186;1137;294;600;152;1046;2;84;20;106;296;684;172;1152;497;1260;309;2066;2;172;49;223;499;1432;358;2289;2020
08013;155;521;114;790;6;98;5;109;161;619;119;899;175;454;108;737;2;45;14;61;177;499;122;798;330;975;222;1527;8;143;19;170;338;1118;241;1697;2020
08014;233;772;159;1164;1;46;10;57;234;818;169;1221;328;726;166;1220;3;57;11;71;331;783;177;1291;561;1498;325;2384;4;103;21;128;565;1601;346;2512;2020
08015;17979;58358;15683;92020;341;14459;3198;17998;18320;72817;18881;110018;23521;59148;14799;97468;507;12261;2912;15680;24028;71409;17711;113148;41500;117506;30482;189488;848;26720;6110;33678;42348;144226;36592;223166;2020
08016;264;643;126;1033;1;20;7;28;265;663;133;1061;324;598;109;1031;1;40;7;48;325;638;116;1079;588;1241;235;2064;2;60;14;76;590;1301;249;2140;2020
08017;276;1146;293;1715;8;155;43;206;284;1301;336;1921;356;1087;276;1719;12;147;41;200;368;1234;317;1919;632;2233;569;3434;20;302;84;406;652;2535;653;3840;2020
08018;295;974;187;1456;1;105;14;120;296;1079;201;1576;435;889;206;1530;1;75;10;86;436;964;216;1616;730;1863;393;2986;2;180;24;206;732;2043;417;3192;2020
08019;135721;383697;90558;609976;5102;154110;21520;180732;140823;537807;112078;790708;204054;405062;86003;695119;7109;151054;20192;178355;211163;556116;106195;873474;339775;788759;176561;1305095;12211;305164;41712;359087;351986;1093923;218273;1664182;2020
08020;466;2240;686;3392;10;203;45;258;476;2443;731;3650;506;2202;660;3368;23;210;49;282;529;2412;709;3650;972;4442;1346;6760;33;413;94;540;1005;4855;1440;7300;2020
08021;16;25;0;41;0;0;0;0;16;25;0;41;9;13;1;23;0;0;0;0;9;13;1;23;25;38;1;64;0;0;0;0;25;38;1;64;2020
08022;1543;4393;1082;7018;37;1000;260;1297;1580;5393;1342;8315;2107;4300;930;7337;40;843;225;1108;2147;5143;1155;8445;3650;8693;2012;14355;77;1843;485;2405;3727;10536;2497;16760;2020
08023;666;3071;829;4566;10;177;26;213;676;3248;855;4779;727;2837;809;4373;15;173;18;206;742;3010;827;4579;1393;5908;1638;8939;25;350;44;419;1418;6258;1682;9358;2020
08024;59;150;19;228;1;22;6;29;60;172;25;257;63;96;18;177;1;25;4;30;64;121;22;207;122;246;37;405;2;47;10;59;124;293;47;464;2020
08025;141;733;205;1079;2;41;6;49;143;774;211;1128;133;615;189;937;3;40;2;45;136;655;191;982;274;1348;394;2016;5;81;8;94;279;1429;402;2110;2020
08026;19;90;25;134;1;4;3;8;20;94;28;142;18;66;23;107;2;5;2;9;20;71;25;116;37;156;48;241;3;9;5;17;40;165;53;258;2020
08027;72;309;108;489;0;8;2;10;72;317;110;499;67;309;87;463;0;15;2;17;67;324;89;480;139;618;195;952;0;23;4;27;139;641;199;979;2020
08028;101;529;122;752;3;38;2;43;104;567;124;795;107;425;112;644;1;42;0;43;108;467;112;687;208;954;234;1396;4;80;2;86;212;1034;236;1482;2020
08029;406;1432;371;2209;8;137;27;172;414;1569;398;2381;408;1435;353;2196;13;141;16;170;421;1576;369;2366;814;2867;724;4405;21;278;43;342;835;3145;767;4747;2020
08030;515;2131;570;3216;31;328;92;451;546;2459;662;3667;541;2190;573;3304;26;339;96;461;567;2529;669;3765;1056;4321;1143;6520;57;667;188;912;1113;4988;1331;7432;2020
08031;335;857;241;1433;9;285;116;410;344;1142;357;1843;413;787;227;1427;5;278;103;386;418;1065;330;1813;748;1644;468;2860;14;563;219;796;762;2207;687;3656;2020
08032;234;780;192;1206;19;185;32;236;253;965;224;1442;349;791;179;1319;19;205;36;260;368;996;215;1579;583;1571;371;2525;38;390;68;496;621;1961;439;3021;2020
08033;1397;5198;1473;8068;26;698;81;805;1423;5896;1554;8873;1831;5192;1304;8327;22;485;105;612;1853;5677;1409;8939;3228;10390;2777;16395;48;1183;186;1417;3276;11573;2963;17812;2020
08034;85;347;83;515;1;12;2;15;86;359;85;530;94;319;77;490;0;23;2;25;94;342;79;515;179;666;160;1005;1;35;4;40;180;701;164;1045;2020
08035;1540;4779;1191;7510;108;1486;295;1889;1648;6265;1486;9399;2200;4767;1162;8129;162;1331;256;1749;2362;6098;1418;9878;3740;9546;2353;15639;270;2817;551;3638;4010;12363;2904;19277;2020
08036;19;62;9;90;0;2;0;2;19;64;9;92;34;49;11;94;1;1;0;2;35;50;11;96;53;111;20;184;1;3;0;4;54;114;20;188;2020
08037;216;799;196;1211;2;55;13;70;218;854;209;1281;235;740;202;1177;1;47;7;55;236;787;209;1232;451;1539;398;2388;3;102;20;125;454;1641;418;2513;2020
08038;145;632;175;952;2;77;22;101;147;709;197;1053;221;576;175;972;3;77;24;104;224;653;199;1076;366;1208;350;1924;5;154;46;205;371;1362;396;2129;2020
08039;41;186;37;264;2;16;1;19;43;202;38;283;40;148;39;227;1;27;3;31;41;175;42;258;81;334;76;491;3;43;4;50;84;377;80;541;2020
08040;1305;4162;1149;6616;33;541;104;678;1338;4703;1253;7294;1765;4136;1017;6918;59;515;79;653;1824;4651;1096;7571;3070;8298;2166;13534;92;1056;183;1331;3162;9354;2349;14865;2020
08041;1162;4312;1355;6829;29;1502;333;1864;1191;5814;1688;8693;1378;4143;1272;6793;48;1012;283;1343;1426;5155;1555;8136;2540;8455;2627;13622;77;2514;616;3207;2617;10969;3243;16829;2020
08042;256;1007;277;1540;3;58;10;71;259;1065;287;1611;268;948;266;1482;7;53;3;63;275;1001;269;1545;524;1955;543;3022;10;111;13;134;534;2066;556;3156;2020
08043;344;1509;387;2240;16;136;38;190;360;1645;425;2430;334;1344;350;2028;20;187;34;241;354;1531;384;2269;678;2853;737;4268;36;323;72;431;714;3176;809;4699;2020
08044;506;1593;406;2505;6;129;25;160;512;1722;431;2665;628;1509;384;2521;8;119;29;156;636;1628;413;2677;1134;3102;790;5026;14;248;54;316;1148;3350;844;5342;2020
08045;8;21;10;39;0;0;0;0;8;21;10;39;8;28;9;45;0;0;0;0;8;28;9;45;16;49;19;84;0;0;0;0;16;49;19;84;2020
08046;1247;5440;1696;8383;18;496;78;592;1265;5936;1774;8975;1644;5563;1670;8877;43;460;69;572;1687;6023;1739;9449;2891;11003;3366;17260;61;956;147;1164;2952;11959;3513;18424;2020
08047;537;1285;291;2113;4;130;19;153;541;1415;310;2266;713;1214;311;2238;4;107;24;135;717;1321;335;2373;1250;2499;602;4351;8;237;43;288;1258;2736;645;4639;2020
08048;82;214;58;354;1;50;6;57;83;264;64;411;87;203;54;344;1;23;6;30;88;226;60;374;169;417;112;698;2;73;12;87;171;490;124;785;2020
08049;194;460;119;773;1;25;4;30;195;485;123;803;229;424;107;760;1;23;1;25;230;447;108;785;423;884;226;1533;2;48;5;55;425;932;231;1588;2020
08050;21;58;19;98;0;1;0;1;21;59;19;99;15;45;16;76;0;1;0;1;15;46;16;77;36;103;35;174;0;2;0;2;36;105;35;176;2020
08051;1790;7570;2169;11529;19;464;77;560;1809;8034;2246;12089;2247;7590;1979;11816;44;467;72;583;2291;8057;2051;12399;4037;15160;4148;23345;63;931;149;1143;4100;16091;4297;24488;2020
08052;16;60;4;80;0;4;0;4;16;64;4;84;23;40;7;70;0;2;0;2;23;42;7;72;39;100;11;150;0;6;0;6;39;106;11;156;2020
08053;316;1193;268;1777;7;105;12;124;323;1298;280;1901;373;1044;286;1703;6;91;18;115;379;1135;304;1818;689;2237;554;3480;13;196;30;239;702;2433;584;3719;2020
08054;764;4000;1143;5907;14;310;76;400;778;4310;1219;6307;906;3820;1135;5861;22;299;50;371;928;4119;1185;6232;1670;7820;2278;11768;36;609;126;771;1706;8429;2404;12539;2020
08055;56;242;64;362;0;31;4;35;56;273;68;397;44;208;62;314;0;24;7;31;44;232;69;345;100;450;126;676;0;55;11;66;100;505;137;742;2020
08056;3952;17146;4776;25874;369;5660;1259;7288;4321;22806;6035;33162;5268;17473;4473;27214;517;5466;1101;7084;5785;22939;5574;34298;9220;34619;9249;53088;886;11126;2360;14372;10106;45745;11609;67460;2020
08057;9;24;4;37;0;0;0;0;9;24;4;37;2;26;2;30;0;0;0;0;2;26;2;30;11;50;6;67;0;0;0;0;11;50;6;67;2020
08058;215;741;176;1132;4;97;6;107;219;838;182;1239;247;640;170;1057;0;77;9;86;247;717;179;1143;462;1381;346;2189;4;174;15;193;466;1555;361;2382;2020
08059;38;144;39;221;0;7;0;7;38;151;39;228;54;121;37;212;0;7;0;7;54;128;37;219;92;265;76;433;0;14;0;14;92;279;76;447;2020
08060;25;58;6;89;0;2;0;2;25;60;6;91;26;35;8;69;0;2;0;2;26;37;8;71;51;93;14;158;0;4;0;4;51;97;14;162;2020
08061;188;658;202;1048;5;41;8;54;193;699;210;1102;205;603;178;986;1;27;3;31;206;630;181;1017;393;1261;380;2034;6;68;11;85;399;1329;391;2119;2020
08062;91;447;135;673;1;89;7;97;92;536;142;770;90;422;134;646;1;19;1;21;91;441;135;667;181;869;269;1319;2;108;8;118;183;977;277;1437;2020
08063;50;201;46;297;0;5;0;5;50;206;46;302;56;174;87;317;0;5;2;7;56;179;89;324;106;375;133;614;0;10;2;12;106;385;135;626;2020
08064;255;746;163;1164;2;101;8;111;257;847;171;1275;330;683;161;1174;5;79;15;99;335;762;176;1273;585;1429;324;2338;7;180;23;210;592;1609;347;2548;2020
08065;158;457;108;723;4;62;6;72;162;519;114;795;179;433;110;722;3;45;10;58;182;478;120;780;337;890;218;1445;7;107;16;130;344;997;234;1575;2020
08066;125;632;149;906;2;38;3;43;127;670;152;949;169;589;176;934;3;44;3;50;172;633;179;984;294;1221;325;1840;5;82;6;93;299;1303;331;1933;2020
08067;603;2282;607;3492;3;166;35;204;606;2448;642;3696;850;2183;575;3608;5;170;34;209;855;2353;609;3817;1453;4465;1182;7100;8;336;69;413;1461;4801;1251;7513;2020
08068;701;2807;800;4308;10;222;31;263;711;3029;831;4571;848;2648;706;4202;23;245;36;304;871;2893;742;4506;1549;5455;1506;8510;33;467;67;567;1582;5922;1573;9077;2020
08069;300;1519;464;2283;4;60;12;76;304;1579;476;2359;324;1363;386;2073;5;92;15;112;329;1455;401;2185;624;2882;850;4356;9;152;27;188;633;3034;877;4544;2020
08070;39;108;34;181;0;2;0;2;39;110;34;183;31;103;38;172;0;4;0;4;31;107;38;176;70;211;72;353;0;6;0;6;70;217;72;359;2020
08071;34;94;28;156;0;1;0;1;34;95;28;157;39;87;35;161;1;2;0;3;40;89;35;164;73;181;63;317;1;3;0;4;74;184;63;321;2020
08072;944;4593;1269;6806;30;545;73;648;974;5138;1342;7454;1160;4353;1180;6693;37;607;91;735;1197;4960;1271;7428;2104;8946;2449;13499;67;1152;164;1383;2171;10098;2613;14882;2020
08073;7363;23142;5842;36347;158;5846;1271;7275;7521;28988;7113;43622;10194;23425;5614;39233;256;5572;1253;7081;10450;28997;6867;46314;17557;46567;11456;75580;414;11418;2524;14356;17971;57985;13980;89936;2020
08074;1210;4546;1312;7068;51;687;138;876;1261;5233;1450;7944;1363;4354;1208;6925;70;711;120;901;1433;5065;1328;7826;2573;8900;2520;13993;121;1398;258;1777;2694;10298;2778;15770;2020
08075;347;1764;501;2612;17;234;18;269;364;1998;519;2881;392;1743;497;2632;16;110;13;139;408;1853;510;2771;739;3507;998;5244;33;344;31;408;772;3851;1029;5652;2020
08076;1659;6871;1752;10282;31;776;184;991;1690;7647;1936;11273;2015;6453;1675;10143;46;700;140;886;2061;7153;1815;11029;3674;13324;3427;20425;77;1476;324;1877;3751;14800;3751;22302;2020
08077;4569;11918;3116;19603;101;2252;505;2858;4670;14170;3621;22461;6069;12630;2884;21583;168;2453;485;3106;6237;15083;3369;24689;10638;24548;6000;41186;269;4705;990;5964;10907;29253;6990;47150;2020
08078;29;76;15;120;0;0;0;0;29;76;15;120;34;76;12;122;0;0;0;0;34;76;12;122;63;152;27;242;0;0;0;0;63;152;27;242;2020
08079;51;120;37;208;0;7;0;7;51;127;37;215;68;102;16;186;0;6;1;7;68;108;17;193;119;222;53;394;0;13;1;14;119;235;54;408;2020
08080;6;17;2;25;0;1;0;1;6;18;2;26;7;7;1;15;0;2;0;2;7;9;1;17;13;24;3;40;0;3;0;3;13;27;3;43;2020
08081;42;147;51;240;0;8;1;9;42;155;52;249;35;133;48;216;3;7;0;10;38;140;48;226;77;280;99;456;3;15;1;19;80;295;100;475;2020
08082;133;487;94;714;4;36;3;43;137;523;97;757;147;434;97;678;3;28;3;34;150;462;100;712;280;921;191;1392;7;64;6;77;287;985;197;1469;2020
08083;166;718;237;1121;2;19;8;29;168;737;245;1150;204;666;204;1074;0;31;10;41;204;697;214;1115;370;1384;441;2195;2;50;18;70;372;1434;459;2265;2020
08084;150;469;111;730;2;16;4;22;152;485;115;752;142;431;101;674;3;28;2;33;145;459;103;707;292;900;212;1404;5;44;6;55;297;944;218;1459;2020
08085;151;381;96;628;5;99;12;116;156;480;108;744;143;340;93;576;6;70;18;94;149;410;111;670;294;721;189;1204;11;169;30;210;305;890;219;1414;2020
08086;1273;5923;1883;9079;32;1027;193;1252;1305;6950;2076;10331;1474;5808;1803;9085;35;746;167;948;1509;6554;1970;10033;2747;11731;3686;18164;67;1773;360;2200;2814;13504;4046;20364;2020
08087;16;56;10;82;1;5;1;7;17;61;11;89;21;50;5;76;0;2;0;2;21;52;5;78;37;106;15;158;1;7;1;9;38;113;16;167;2020
08088;1187;4837;1430;7454;18;495;89;602;1205;5332;1519;8056;1611;5061;1273;7945;27;512;128;667;1638;5573;1401;8612;2798;9898;2703;15399;45;1007;217;1269;2843;10905;2920;16668;2020
08089;3544;13178;3681;20403;91;2057;471;2619;3635;15235;4152;23022;4577;13410;3434;21421;142;2048;424;2614;4719;15458;3858;24035;8121;26588;7115;41824;233;4105;895;5233;8354;30693;8010;47057;2020
08090;16;62;14;92;0;5;1;6;16;67;15;98;16;49;14;79;0;4;2;6;16;53;16;85;32;111;28;171;0;9;3;12;32;120;31;183;2020
08091;515;2287;663;3465;10;288;79;377;525;2575;742;3842;646;2154;609;3409;23;321;75;419;669;2475;684;3828;1161;4441;1272;6874;33;609;154;796;1194;5050;1426;7670;2020
08092;551;1250;341;2142;5;238;76;319;556;1488;417;2461;697;1232;289;2218;10;184;73;267;707;1416;362;2485;1248;2482;630;4360;15;422;149;586;1263;2904;779;4946;2020
08093;4;10;2;16;0;0;0;0;4;10;2;16;2;8;0;10;0;0;0;0;2;8;0;10;6;18;2;26;0;0;0;0;6;18;2;26;2020
08094;143;671;192;1006;3;65;23;91;146;736;215;1097;190;643;192;1025;3;71;12;86;193;714;204;1111;333;1314;384;2031;6;136;35;177;339;1450;419;2208;2020
08095;12;37;3;52;0;0;0;0;12;37;3;52;5;17;2;24;1;0;0;1;6;17;2;25;17;54;5;76;1;0;0;1;18;54;5;77;2020
08096;4663;16813;4377;25853;113;4200;725;5038;4776;21013;5102;30891;6309;17096;4176;27581;143;3182;622;3947;6452;20278;4798;31528;10972;33909;8553;53434;256;7382;1347;8985;11228;41291;9900;62419;2020
08097;93;478;165;736;2;50;6;58;95;528;171;794;121;436;159;716;2;27;9;38;123;463;168;754;214;914;324;1452;4;77;15;96;218;991;339;1548;2020
08098;269;1007;264;1540;4;100;15;119;273;1107;279;1659;302;948;255;1505;8;41;8;57;310;989;263;1562;571;1955;519;3045;12;141;23;176;583;2096;542;3221;2020
08099;112;294;49;455;2;29;6;37;114;323;55;492;122;246;55;423;0;22;4;26;122;268;59;449;234;540;104;878;2;51;10;63;236;591;114;941;2020
08100;212;899;257;1368;2;25;4;31;214;924;261;1399;240;816;219;1275;4;33;2;39;244;849;221;1314;452;1715;476;2643;6;58;6;70;458;1773;482;2713;2020
08101;21919;61459;15692;99070;647;25730;4842;31219;22566;87189;20534;130289;30269;63794;14901;108964;931;24699;4499;30129;31200;88493;19400;139093;52188;125253;30593;208034;1578;50429;9341;61348;53766;175682;39934;269382;2020
08102;3355;10825;3161;17341;81;2154;497;2732;3436;12979;3658;20073;4570;10721;2932;18223;110;1819;517;2446;4680;12540;3449;20669;7925;21546;6093;35564;191;3973;1014;5178;8116;25519;7107;40742;2020
08103;50;287;73;410;0;17;2;19;50;304;75;429;61;265;64;390;1;12;1;14;62;277;65;404;111;552;137;800;1;29;3;33;112;581;140;833;2020
08104;103;255;48;406;2;74;11;87;105;329;59;493;118;195;48;361;3;35;11;49;121;230;59;410;221;450;96;767;5;109;22;136;226;559;118;903;2020
08105;1096;3731;999;5826;23;703;139;865;1119;4434;1138;6691;1447;3660;1014;6121;30;616;129;775;1477;4276;1143;6896;2543;7391;2013;11947;53;1319;268;1640;2596;8710;2281;13587;2020
08106;792;2996;789;4577;17;332;65;414;809;3328;854;4991;977;2955;680;4612;26;345;44;415;1003;3300;724;5027;1769;5951;1469;9189;43;677;109;829;1812;6628;1578;10018;2020
08107;1242;5088;1340;7670;14;195;27;236;1256;5283;1367;7906;1295;4784;1231;7310;14;213;26;253;1309;4997;1257;7563;2537;9872;2571;14980;28;408;53;489;2565;10280;2624;15469;2020
08108;606;2072;545;3223;6;66;24;96;612;2138;569;3319;616;2000;471;3087;1;77;13;91;617;2077;484;3178;1222;4072;1016;6310;7;143;37;187;1229;4215;1053;6497;2020
08109;21;88;21;130;0;4;1;5;21;92;22;135;22;81;31;134;0;6;1;7;22;87;32;141;43;169;52;264;0;10;2;12;43;179;54;276;2020
08110;1617;5261;1275;8153;59;949;168;1176;1676;6210;1443;9329;2167;4971;1230;8368;72;846;157;1075;2239;5817;1387;9443;3784;10232;2505;16521;131;1795;325;2251;3915;12027;2830;18772;2020
08111;26;82;25;133;0;5;0;5;26;87;25;138;32;80;18;130;0;3;1;4;32;83;19;134;58;162;43;263;0;8;1;9;58;170;44;272;2020
08112;1488;4984;1368;7840;87;2019;566;2672;1575;7003;1934;10512;1976;4725;1324;8025;113;1705;557;2375;2089;6430;1881;10400;3464;9709;2692;15865;200;3724;1123;5047;3664;13433;3815;20912;2020
08113;6309;19117;5344;30770;184;5858;1523;7565;6493;24975;6867;38335;8757;19012;4964;32733;252;5491;1434;7177;9009;24503;6398;39910;15066;38129;10308;63503;436;11349;2957;14742;15502;49478;13265;78245;2020
08114;1972;7574;2248;11794;78;2338;445;2861;2050;9912;2693;14655;2562;7169;2079;11810;103;1757;447;2307;2665;8926;2526;14117;4534;14743;4327;23604;181;4095;892;5168;4715;18838;5219;28772;2020
08115;443;1494;349;2286;4;114;31;149;447;1608;380;2435;523;1403;324;2250;5;103;27;135;528;1506;351;2385;966;2897;673;4536;9;217;58;284;975;3114;731;4820;2020
08116;78;208;56;342;0;23;3;26;78;231;59;368;81;202;49;332;0;15;4;19;81;217;53;351;159;410;105;674;0;38;7;45;159;448;112;719;2020
08117;275;981;230;1486;2;54;7;63;277;1035;237;1549;324;970;223;1517;4;54;8;66;328;1024;231;1583;599;1951;453;3003;6;108;15;129;605;2059;468;3132;2020
08118;1886;6627;1686;10199;53;1075;197;1325;1939;7702;1883;11524;2679;6774;1585;11038;76;1000;193;1269;2755;7774;1778;12307;4565;13401;3271;21237;129;2075;390;2594;4694;15476;3661;23831;2020
08119;604;3044;819;4467;6;229;56;291;610;3273;875;4758;702;2837;811;4350;11;227;56;294;713;3064;867;4644;1306;5881;1630;8817;17;456;112;585;1323;6337;1742;9402;2020
08120;756;2919;951;4626;8;95;27;130;764;3014;978;4756;835;2864;871;4570;12;145;13;170;847;3009;884;4740;1591;5783;1822;9196;20;240;40;300;1611;6023;1862;9496;2020
08121;9399;33497;9318;52214;352;9806;2104;12262;9751;43303;11422;64476;12734;33680;8763;55177;405;7639;1964;10008;13139;41319;10727;65185;22133;67177;18081;107391;757;17445;4068;22270;22890;84622;22149;129661;2020
08122;217;670;191;1078;4;79;31;114;221;749;222;1192;264;633;189;1086;2;76;13;91;266;709;202;1177;481;1303;380;2164;6;155;44;205;487;1458;424;2369;2020
08123;1897;7690;2297;11884;24;608;123;755;1921;8298;2420;12639;2515;7819;2154;12488;40;666;107;813;2555;8485;2261;13301;4412;15509;4451;24372;64;1274;230;1568;4476;16783;4681;25940;2020
08124;3915;14512;3857;22284;69;2581;476;3126;3984;17093;4333;25410;4945;14737;3647;23329;118;2279;464;2861;5063;17016;4111;26190;8860;29249;7504;45613;187;4860;940;5987;9047;34109;8444;51600;2020
08125;2313;10450;2865;15628;47;1967;506;2520;2360;12417;3371;18148;3091;10352;2732;16175;117;1890;473;2480;3208;12242;3205;18655;5404;20802;5597;31803;164;3857;979;5000;5568;24659;6576;36803;2020
08126;828;3567;1068;5463;21;436;109;566;849;4003;1177;6029;1007;3655;958;5620;43;425;83;551;1050;4080;1041;6171;1835;7222;2026;11083;64;861;192;1117;1899;8083;2218;12200;2020
08127;269;901;216;1386;4;164;49;217;273;1065;265;1603;324;816;204;1344;7;142;43;192;331;958;247;1536;593;1717;420;2730;11;306;92;409;604;2023;512;3139;2020
08128;77;233;48;358;1;5;2;8;78;238;50;366;83;206;33;322;0;12;2;14;83;218;35;336;160;439;81;680;1;17;4;22;161;456;85;702;2020
08129;50;217;49;316;0;11;1;12;50;228;50;328;43;197;60;300;1;3;0;4;44;200;60;304;93;414;109;616;1;14;1;16;94;428;110;632;2020
08130;17;41;13;71;0;1;0;1;17;42;13;72;13;40;14;67;0;0;0;0;13;40;14;67;30;81;27;138;0;1;0;1;30;82;27;139;2020
08131;93;281;81;455;1;40;17;58;94;321;98;513;123;264;68;455;2;46;14;62;125;310;82;517;216;545;149;910;3;86;31;120;219;631;180;1030;2020
08132;59;118;37;214;1;11;6;18;60;129;43;232;65;118;37;220;0;13;4;17;65;131;41;237;124;236;74;434;1;24;10;35;125;260;84;469;2020
08133;26;38;10;74;0;7;0;7;26;45;10;81;23;40;3;66;0;4;0;4;23;44;3;70;49;78;13;140;0;11;0;11;49;89;13;151;2020
08134;95;337;71;503;3;44;9;56;98;381;80;559;120;318;83;521;5;48;9;62;125;366;92;583;215;655;154;1024;8;92;18;118;223;747;172;1142;2020
08135;734;2611;635;3980;21;269;50;340;755;2880;685;4320;947;2654;601;4202;20;233;56;309;967;2887;657;4511;1681;5265;1236;8182;41;502;106;649;1722;5767;1342;8831;2020
08136;1155;4836;1409;7400;23;795;172;990;1178;5631;1581;8390;1390;4632;1411;7433;24;636;161;821;1414;5268;1572;8254;2545;9468;2820;14833;47;1431;333;1811;2592;10899;3153;16644;2020
08137;34;115;32;181;0;6;0;6;34;121;32;187;41;91;25;157;0;7;0;7;41;98;25;164;75;206;57;338;0;13;0;13;75;219;57;351;2020
08138;491;1805;451;2747;5;457;72;534;496;2262;523;3281;614;1702;468;2784;15;248;55;318;629;1950;523;3102;1105;3507;919;5531;20;705;127;852;1125;4212;1046;6383;2020
08139;27;71;18;116;0;1;0;1;27;72;18;117;25;58;18;101;0;2;0;2;25;60;18;103;52;129;36;217;0;3;0;3;52;132;36;220;2020
08140;577;1835;397;2809;3;117;29;149;580;1952;426;2958;736;1753;427;2916;8;157;18;183;744;1910;445;3099;1313;3588;824;5725;11;274;47;332;1324;3862;871;6057;2020
08141;559;1740;420;2719;5;192;71;268;564;1932;491;2987;691;1634;429;2754;12;214;51;277;703;1848;480;3031;1250;3374;849;5473;17;406;122;545;1267;3780;971;6018;2020
08142;29;44;8;81;0;3;0;3;29;47;8;84;23;41;10;74;0;3;1;4;23;44;11;78;52;85;18;155;0;6;1;7;52;91;19;162;2020
08143;267;1149;355;1771;1;97;12;110;268;1246;367;1881;331;1064;315;1710;3;57;17;77;334;1121;332;1787;598;2213;670;3481;4;154;29;187;602;2367;699;3668;2020
08144;85;273;52;410;0;8;1;9;85;281;53;419;134;245;50;429;1;8;1;10;135;253;51;439;219;518;102;839;1;16;2;19;220;534;104;858;2020
08145;301;1158;322;1781;10;137;27;174;311;1295;349;1955;304;1055;308;1667;5;114;27;146;309;1169;335;1813;605;2213;630;3448;15;251;54;320;620;2464;684;3768;2020
08146;142;609;162;913;0;50;5;55;142;659;167;968;146;527;147;820;2;45;5;52;148;572;152;872;288;1136;309;1733;2;95;10;107;290;1231;319;1840;2020
08147;1690;7126;2139;10955;42;869;192;1103;1732;7995;2331;12058;2154;6822;1983;10959;50;887;190;1127;2204;7709;2173;12086;3844;13948;4122;21914;92;1756;382;2230;3936;15704;4504;24144;2020
08148;218;1058;320;1596;42;343;73;458;260;1401;393;2054;224;923;326;1473;27;303;78;408;251;1226;404;1881;442;1981;646;3069;69;646;151;866;511;2627;797;3935;2020
08149;142;347;72;561;0;24;1;25;142;371;73;586;158;347;80;585;1;29;1;31;159;376;81;616;300;694;152;1146;1;53;2;56;301;747;154;1202;2020
08150;27;109;20;156;0;8;0;8;27;117;20;164;23;103;26;152;0;5;1;6;23;108;27;158;50;212;46;308;0;13;1;14;50;225;47;322;2020
08151;76;151;40;267;0;15;0;15;76;166;40;282;84;148;26;258;0;9;0;9;84;157;26;267;160;299;66;525;0;24;0;24;160;323;66;549;2020
08152;11;51;15;77;0;2;0;2;11;53;15;79;12;45;14;71;1;0;0;1;13;45;14;72;23;96;29;148;1;2;0;3;24;98;29;151;2020
08153;52;244;73;369;1;16;1;18;53;260;74;387;57;236;68;361;1;8;1;10;58;244;69;371;109;480;141;730;2;24;2;28;111;504;143;758;2020
08154;78;279;73;430;3;27;3;33;81;306;76;463;80;274;79;433;3;19;0;22;83;293;79;455;158;553;152;863;6;46;3;55;164;599;155;918;2020
08155;580;3056;902;4538;19;217;40;276;599;3273;942;4814;712;2960;824;4496;29;233;41;303;741;3193;865;4799;1292;6016;1726;9034;48;450;81;579;1340;6466;1807;9613;2020
08156;1115;4557;1184;6856;17;363;53;433;1132;4920;1237;7289;1353;4532;1216;7101;29;411;62;502;1382;4943;1278;7603;2468;9089;2400;13957;46;774;115;935;2514;9863;2515;14892;2020
08157;781;3574;1094;5449;25;255;65;345;806;3829;1159;5794;1006;3478;960;5444;40;295;49;384;1046;3773;1009;5828;1787;7052;2054;10893;65;550;114;729;1852;7602;2168;11622;2020
08158;291;1266;361;1918;2;119;24;145;293;1385;385;2063;377;1243;342;1962;1;125;21;147;378;1368;363;2109;668;2509;703;3880;3;244;45;292;671;2753;748;4172;2020
08159;1312;5855;1658;8825;20;570;103;693;1332;6425;1761;9518;1643;5752;1557;8952;23;472;106;601;1666;6224;1663;9553;2955;11607;3215;17777;43;1042;209;1294;2998;12649;3424;19071;2020
08160;50;114;30;194;3;11;0;14;53;125;30;208;52;111;22;185;1;10;1;12;53;121;23;197;102;225;52;379;4;21;1;26;106;246;53;405;2020
08161;1194;5028;1350;7572;17;560;104;681;1211;5588;1454;8253;1467;4590;1261;7318;31;445;87;563;1498;5035;1348;7881;2661;9618;2611;14890;48;1005;191;1244;2709;10623;2802;16134;2020
08162;189;941;244;1374;2;113;29;144;191;1054;273;1518;226;842;253;1321;6;119;16;141;232;961;269;1462;415;1783;497;2695;8;232;45;285;423;2015;542;2980;2020
08163;2495;7362;1816;11673;134;1806;327;2267;2629;9168;2143;13940;3092;7181;1758;12031;164;1516;333;2013;3256;8697;2091;14044;5587;14543;3574;23704;298;3322;660;4280;5885;17865;4234;27984;2020
08164;100;383;97;580;1;42;15;58;101;425;112;638;114;353;109;576;1;40;20;61;115;393;129;637;214;736;206;1156;2;82;35;119;216;818;241;1275;2020
08165;204;662;201;1067;0;38;5;43;204;700;206;1110;223;611;191;1025;4;40;6;50;227;651;197;1075;427;1273;392;2092;4;78;11;93;431;1351;403;2185;2020
08166;163;307;40;510;0;16;5;21;163;323;45;531;227;258;37;522;2;33;5;40;229;291;42;562;390;565;77;1032;2;49;10;61;392;614;87;1093;2020
08167;432;2709;868;4009;5;252;54;311;437;2961;922;4320;497;2590;861;3948;7;186;43;236;504;2776;904;4184;929;5299;1729;7957;12;438;97;547;941;5737;1826;8504;2020
08168;52;153;32;237;0;34;12;46;52;187;44;283;45;140;15;200;3;30;12;45;48;170;27;245;97;293;47;437;3;64;24;91;100;357;71;528;2020
08169;5398;18470;4964;28832;76;2593;450;3119;5474;21063;5414;31951;7040;18591;4800;30431;159;2380;464;3003;7199;20971;5264;33434;12438;37061;9764;59263;235;4973;914;6122;12673;42034;10678;65385;2020
08170;50;183;48;281;0;5;0;5;50;188;48;286;72;138;34;244;0;7;0;7;72;145;34;251;122;321;82;525;0;12;0;12;122;333;82;537;2020
08171;273;761;161;1195;2;90;18;110;275;851;179;1305;322;715;156;1193;2;80;24;106;324;795;180;1299;595;1476;317;2388;4;170;42;216;599;1646;359;2604;2020
08172;2306;7663;2000;11969;76;1551;317;1944;2382;9214;2317;13913;3252;7752;1870;12874;105;1348;291;1744;3357;9100;2161;14618;5558;15415;3870;24843;181;2899;608;3688;5739;18314;4478;28531;2020
08174;38;159;42;239;1;9;0;10;39;168;42;249;50;154;59;263;0;7;5;12;50;161;64;275;88;313;101;502;1;16;5;22;89;329;106;524;2020
08175;465;1196;262;1923;6;179;27;212;471;1375;289;2135;616;1137;240;1993;7;124;36;167;623;1261;276;2160;1081;2333;502;3916;13;303;63;379;1094;2636;565;4295;2020
08176;28;59;22;109;0;7;2;9;28;66;24;118;24;49;13;86;1;4;1;6;25;53;14;92;52;108;35;195;1;11;3;15;53;119;38;210;2020
08177;9;9;5;23;0;2;1;3;9;11;6;26;6;11;3;20;0;3;0;3;6;14;3;23;15;20;8;43;0;5;1;6;15;25;9;49;2020
08178;62;178;30;270;0;2;1;3;62;180;31;273;55;156;38;249;1;8;3;12;56;164;41;261;117;334;68;519;1;10;4;15;118;344;72;534;2020
08179;66;285;56;407;1;9;0;10;67;294;56;417;60;240;79;379;1;11;1;13;61;251;80;392;126;525;135;786;2;20;1;23;128;545;136;809;2020
08180;2527;11063;3291;16881;68;1976;471;2515;2595;13039;3762;19396;3292;11077;3098;17467;112;1761;443;2316;3404;12838;3541;19783;5819;22140;6389;34348;180;3737;914;4831;5999;25877;7303;39179;2020
08181;753;3419;942;5114;12;190;40;242;765;3609;982;5356;918;3287;936;5141;11;209;37;257;929;3496;973;5398;1671;6706;1878;10255;23;399;77;499;1694;7105;1955;10754;2020
08182;318;1225;343;1886;1;101;19;121;319;1326;362;2007;370;1107;295;1772;4;105;19;128;374;1212;314;1900;688;2332;638;3658;5;206;38;249;693;2538;676;3907;2020
08183;478;1804;509;2791;7;366;71;444;485;2170;580;3235;635;1761;478;2874;15;289;77;381;650;2050;555;3255;1113;3565;987;5665;22;655;148;825;1135;4220;1135;6490;2020
08184;5258;22444;6254;33956;132;3901;900;4933;5390;26345;7154;38889;6751;22015;5909;34675;205;3943;879;5027;6956;25958;6788;39702;12009;44459;12163;68631;337;7844;1779;9960;12346;52303;13942;78591;2020
08185;34;80;19;133;0;1;0;1;34;81;19;134;27;62;13;102;0;3;0;3;27;65;13;105;61;142;32;235;0;4;0;4;61;146;32;239;2020
08187;16629;58567;15956;91152;296;11072;2868;14236;16925;69639;18824;105388;23076;58901;15035;97012;480;10984;2656;14120;23556;69885;17691;111132;39705;117468;30991;188164;776;22056;5524;28356;40481;139524;36515;216520;2020
08188;11;47;17;75;0;2;0;2;11;49;17;77;14;43;10;67;0;1;0;1;14;44;10;68;25;90;27;142;0;3;0;3;25;93;27;145;2020
08189;21;44;17;82;0;1;0;1;21;45;17;83;24;34;9;67;0;1;0;1;24;35;9;68;45;78;26;149;0;2;0;2;45;80;26;151;2020
08190;53;99;5;157;0;2;0;2;53;101;5;159;40;67;10;117;0;1;1;2;40;68;11;119;93;166;15;274;0;3;1;4;93;169;16;278;2020
08191;748;1838;443;3029;6;182;43;231;754;2020;486;3260;973;1825;452;3250;8;173;44;225;981;1998;496;3475;1721;3663;895;6279;14;355;87;456;1735;4018;982;6735;2020
08192;625;2234;762;3621;8;131;29;168;633;2365;791;3789;743;2241;645;3629;7;146;33;186;750;2387;678;3815;1368;4475;1407;7250;15;277;62;354;1383;4752;1469;7604;2020
08193;93;437;127;657;2;48;5;55;95;485;132;712;98;388;113;599;2;24;5;31;100;412;118;630;191;825;240;1256;4;72;10;86;195;897;250;1342;2020
08194;2585;9981;2873;15439;72;2363;495;2930;2657;12344;3368;18369;3721;9928;2686;16335;97;2215;431;2743;3818;12143;3117;19078;6306;19909;5559;31774;169;4578;926;5673;6475;24487;6485;37447;2020
08195;11;30;3;44;0;0;0;0;11;30;3;44;11;26;7;44;0;1;0;1;11;27;7;45;22;56;10;88;0;1;0;1;22;57;10;89;2020
08196;1740;8069;2428;12237;36;1124;247;1407;1776;9193;2675;13644;2372;7899;2352;12623;57;1029;216;1302;2429;8928;2568;13925;4112;15968;4780;24860;93;2153;463;2709;4205;18121;5243;27569;2020
08197;848;3175;906;4929;44;454;86;584;892;3629;992;5513;988;3206;785;4979;69;470;102;641;1057;3676;887;5620;1836;6381;1691;9908;113;924;188;1225;1949;7305;1879;11133;2020
08198;437;1923;541;2901;13;133;19;165;450;2056;560;3066;510;1949;516;2975;11;131;25;167;521;2080;541;3142;947;3872;1057;5876;24;264;44;332;971;4136;1101;6208;2020
08199;87;257;69;413;1;49;12;62;88;306;81;475;87;228;47;362;2;35;10;47;89;263;57;409;174;485;116;775;3;84;22;109;177;569;138;884;2020
08200;6772;23790;6304;36866;133;3477;759;4369;6905;27267;7063;41235;9165;23932;5918;39015;185;3336;729;4250;9350;27268;6647;43265;15937;47722;12222;75881;318;6813;1488;8619;16255;54535;13710;84500;2020
08201;93;157;20;270;0;20;3;23;93;177;23;293;105;122;35;262;1;20;4;25;106;142;39;287;198;279;55;532;1;40;7;48;199;319;62;580;2020
08202;1357;5164;1467;7988;24;849;171;1044;1381;6013;1638;9032;1790;4945;1391;8126;47;765;166;978;1837;5710;1557;9104;3147;10109;2858;16114;71;1614;337;2022;3218;11723;3195;18136;2020
08203;249;1074;306;1629;16;127;19;162;265;1201;325;1791;241;965;309;1515;16;103;13;132;257;1068;322;1647;490;2039;615;3144;32;230;32;294;522;2269;647;3438;2020
08204;272;1335;425;2032;6;48;11;65;278;1383;436;2097;285;1321;384;1990;3;58;12;73;288;1379;396;2063;557;2656;809;4022;9;106;23;138;566;2762;832;4160;2020
08205;5557;25278;8631;39466;264;4321;1165;5750;5821;29599;9796;45216;7061;26235;8021;41317;362;5000;1082;6444;7423;31235;9103;47761;12618;51513;16652;80783;626;9321;2247;12194;13244;60834;18899;92977;2020
08206;87;281;78;446;1;36;8;45;88;317;86;491;103;287;91;481;1;23;13;37;104;310;104;518;190;568;169;927;2;59;21;82;192;627;190;1009;2020
08207;190;852;275;1317;5;79;11;95;195;931;286;1412;206;871;247;1324;5;100;23;128;211;971;270;1452;396;1723;522;2641;10;179;34;223;406;1902;556;2864;2020
08208;549;2464;633;3646;12;158;46;216;561;2622;679;3862;665;2325;604;3594;15;193;32;240;680;2518;636;3834;1214;4789;1237;7240;27;351;78;456;1241;5140;1315;7696;2020
08209;839;2687;691;4217;5;159;27;191;844;2846;718;4408;1012;2631;621;4264;7;148;26;181;1019;2779;647;4445;1851;5318;1312;8481;12;307;53;372;1863;5625;1365;8853;2020
08210;435;1946;509;2890;8;279;55;342;443;2225;564;3232;594;1818;451;2863;8;222;38;268;602;2040;489;3131;1029;3764;960;5753;16;501;93;610;1045;4265;1053;6363;2020
08211;3752;12982;3599;20333;44;1475;252;1771;3796;14457;3851;22104;4910;13222;3438;21570;77;1463;253;1793;4987;14685;3691;23363;8662;26204;7037;41903;121;2938;505;3564;8783;29142;7542;45467;2020
08212;73;182;43;298;0;16;5;21;73;198;48;319;81;157;37;275;0;9;2;11;81;166;39;286;154;339;80;573;0;25;7;32;154;364;87;605;2020
08213;632;2719;764;4115;8;184;41;233;640;2903;805;4348;783;2663;746;4192;12;235;50;297;795;2898;796;4489;1415;5382;1510;8307;20;419;91;530;1435;5801;1601;8837;2020
08214;791;2738;690;4219;9;188;48;245;800;2926;738;4464;947;2697;682;4326;17;215;50;282;964;2912;732;4608;1738;5435;1372;8545;26;403;98;527;1764;5838;1470;9072;2020
08215;277;1008;278;1563;4;160;38;202;281;1168;316;1765;397;984;236;1617;3;131;24;158;400;1115;260;1775;674;1992;514;3180;7;291;62;360;681;2283;576;3540;2020
08216;8;8;2;18;0;0;0;0;8;8;2;18;4;5;2;11;0;1;0;1;4;6;2;12;12;13;4;29;0;1;0;1;12;14;4;30;2020
08217;2585;9914;2827;15326;48;1064;254;1366;2633;10978;3081;16692;3322;10145;2608;16075;78;1186;236;1500;3400;11331;2844;17575;5907;20059;5435;31401;126;2250;490;2866;6033;22309;5925;34267;2020
08218;939;3155;870;4964;9;434;114;557;948;3589;984;5521;1159;3013;800;4972;9;398;98;505;1168;3411;898;5477;2098;6168;1670;9936;18;832;212;1062;2116;7000;1882;10998;2020
08219;1758;5957;1754;9469;45;559;113;717;1803;6516;1867;10186;2239;6165;1637;10041;78;632;98;808;2317;6797;1735;10849;3997;12122;3391;19510;123;1191;211;1525;4120;13313;3602;21035;2020
08220;248;979;264;1491;1;49;18;68;249;1028;282;1559;299;956;263;1518;1;53;9;63;300;1009;272;1581;547;1935;527;3009;2;102;27;131;549;2037;554;3140;2020
08221;1450;4876;1600;7926;56;788;181;1025;1506;5664;1781;8951;1932;5138;1536;8606;87;846;180;1113;2019;5984;1716;9719;3382;10014;3136;16532;143;1634;361;2138;3525;11648;3497;18670;2020
08222;186;766;206;1158;6;59;11;76;192;825;217;1234;188;729;198;1115;4;65;10;79;192;794;208;1194;374;1495;404;2273;10;124;21;155;384;1619;425;2428;2020
08223;251;737;175;1163;3;45;5;53;254;782;180;1216;284;671;175;1130;8;57;6;71;292;728;181;1201;535;1408;350;2293;11;102;11;124;546;1510;361;2417;2020
08224;70;391;72;533;4;56;16;76;74;447;88;609;108;336;81;525;1;37;12;50;109;373;93;575;178;727;153;1058;5;93;28;126;183;820;181;1184;2020
08225;16;33;8;57;0;0;0;0;16;33;8;57;16;31;10;57;0;0;0;0;16;31;10;57;32;64;18;114;0;0;0;0;32;64;18;114;2020
08226;110;382;123;615;0;17;2;19;110;399;125;634;125;336;118;579;0;13;2;15;125;349;120;594;235;718;241;1194;0;30;4;34;235;748;245;1228;2020
08227;275;929;250;1454;5;123;23;151;280;1052;273;1605;314;941;262;1517;8;103;28;139;322;1044;290;1656;589;1870;512;2971;13;226;51;290;602;2096;563;3261;2020
08228;31;119;26;176;0;2;0;2;31;121;26;178;41;106;17;164;0;0;0;0;41;106;17;164;72;225;43;340;0;2;0;2;72;227;43;342;2020
08229;85;177;41;303;1;8;1;10;86;185;42;313;106;148;30;284;1;10;0;11;107;158;30;295;191;325;71;587;2;18;1;21;193;343;72;608;2020
08230;878;2990;844;4712;22;364;103;489;900;3354;947;5201;980;2974;768;4722;30;373;115;518;1010;3347;883;5240;1858;5964;1612;9434;52;737;218;1007;1910;6701;1830;10441;2020
08231;2039;8720;2331;13090;142;1811;413;2366;2181;10531;2744;15456;2441;8578;2281;13300;199;1752;404;2355;2640;10330;2685;15655;4480;17298;4612;26390;341;3563;817;4721;4821;20861;5429;31111;2020
08232;221;672;221;1114;6;54;17;77;227;726;238;1191;292;640;186;1118;1;60;10;71;293;700;196;1189;513;1312;407;2232;7;114;27;148;520;1426;434;2380;2020
08233;237;711;201;1149;5;108;14;127;242;819;215;1276;286;656;144;1086;6;87;15;108;292;743;159;1194;523;1367;345;2235;11;195;29;235;534;1562;374;2470;2020
08234;313;1470;380;2163;9;92;15;116;322;1562;395;2279;361;1394;390;2145;8;97;15;120;369;1491;405;2265;674;2864;770;4308;17;189;30;236;691;3053;800;4544;2020
08235;526;1420;402;2348;21;283;38;342;547;1703;440;2690;598;1438;394;2430;24;255;29;308;622;1693;423;2738;1124;2858;796;4778;45;538;67;650;1169;3396;863;5428;2020
08236;187;632;161;980;3;155;54;212;190;787;215;1192;228;578;147;953;0;127;45;172;228;705;192;1125;415;1210;308;1933;3;282;99;384;418;1492;407;2317;2020
08237;239;560;134;933;4;87;17;108;243;647;151;1041;316;566;133;1015;5;67;26;98;321;633;159;1113;555;1126;267;1948;9;154;43;206;564;1280;310;2154;2020
08238;1330;6159;1905;9394;28;392;87;507;1358;6551;1992;9901;1550;6340;1849;9739;37;433;85;555;1587;6773;1934;10294;2880;12499;3754;19133;65;825;172;1062;2945;13324;3926;20195;2020
08239;41;229;59;329;1;14;2;17;42;243;61;346;34;177;67;278;1;6;0;7;35;183;67;285;75;406;126;607;2;20;2;24;77;426;128;631;2020
08240;964;3748;1071;5783;22;405;118;545;986;4153;1189;6328;1215;3736;974;5925;16;446;126;588;1231;4182;1100;6513;2179;7484;2045;11708;38;851;244;1133;2217;8335;2289;12841;2020
08241;8;34;0;42;0;1;3;4;8;35;3;46;8;19;2;29;0;1;0;1;8;20;2;30;16;53;2;71;0;2;3;5;16;55;5;76;2020
08242;26;78;17;121;0;6;0;6;26;84;17;127;38;81;10;129;1;9;0;10;39;90;10;139;64;159;27;250;1;15;0;16;65;174;27;266;2020
08243;19;67;13;99;0;1;0;1;19;68;13;100;15;53;13;81;0;1;0;1;15;54;13;82;34;120;26;180;0;2;0;2;34;122;26;182;2020
08244;514;2589;790;3893;8;119;17;144;522;2708;807;4037;647;2565;840;4052;4;146;29;179;651;2711;869;4231;1161;5154;1630;7945;12;265;46;323;1173;5419;1676;8268;2020
08245;9722;28062;7535;45319;221;11436;2551;14208;9943;39498;10086;59527;13273;27839;7143;48255;333;9995;2333;12661;13606;37834;9476;60916;22995;55901;14678;93574;554;21431;4884;26869;23549;77332;19562;120443;2020
08246;207;655;172;1034;1;107;19;127;208;762;191;1161;217;644;140;1001;0;94;22;116;217;738;162;1117;424;1299;312;2035;1;201;41;243;425;1500;353;2278;2020
08247;96;425;141;662;1;28;9;38;97;453;150;700;119;386;137;642;0;31;10;41;119;417;147;683;215;811;278;1304;1;59;19;79;216;870;297;1383;2020
08248;588;2355;658;3601;8;101;19;128;596;2456;677;3729;678;2248;626;3552;4;128;13;145;682;2376;639;3697;1266;4603;1284;7153;12;229;32;273;1278;4832;1316;7426;2020
08249;24;110;26;160;2;14;4;20;26;124;30;180;33;119;25;177;0;8;2;10;33;127;27;187;57;229;51;337;2;22;6;30;59;251;57;367;2020
08250;778;2892;868;4538;13;443;154;610;791;3335;1022;5148;986;2734;794;4514;26;414;123;563;1012;3148;917;5077;1764;5626;1662;9052;39;857;277;1173;1803;6483;1939;10225;2020
08251;503;2146;686;3335;11;448;125;584;514;2594;811;3919;592;2021;642;3255;20;366;116;502;612;2387;758;3757;1095;4167;1328;6590;31;814;241;1086;1126;4981;1569;7676;2020
08252;2505;9947;2730;15182;33;942;238;1213;2538;10889;2968;16395;3156;9779;2681;15616;56;1013;254;1323;3212;10792;2935;16939;5661;19726;5411;30798;89;1955;492;2536;5750;21681;5903;33334;2020
08253;18;54;10;82;0;2;0;2;18;56;10;84;24;39;12;75;0;2;0;2;24;41;12;77;42;93;22;157;0;4;0;4;42;97;22;161;2020
08254;243;660;137;1040;1;49;8;58;244;709;145;1098;271;617;139;1027;3;47;11;61;274;664;150;1088;514;1277;276;2067;4;96;19;119;518;1373;295;2186;2020
08255;11;57;19;87;0;2;0;2;11;59;19;89;15;54;25;94;0;1;0;1;15;55;25;95;26;111;44;181;0;3;0;3;26;114;44;184;2020
08256;62;294;79;435;0;10;1;11;62;304;80;446;83;270;81;434;0;9;1;10;83;279;82;444;145;564;160;869;0;19;2;21;145;583;162;890;2020
08257;15;40;7;62;0;2;0;2;15;42;7;64;16;29;8;53;0;2;0;2;16;31;8;55;31;69;15;115;0;4;0;4;31;73;15;119;2020
08258;114;299;80;493;1;19;5;25;115;318;85;518;137;279;69;485;0;21;0;21;137;300;69;506;251;578;149;978;1;40;5;46;252;618;154;1024;2020
08259;693;2873;791;4357;23;414;76;513;716;3287;867;4870;865;2792;717;4374;24;309;53;386;889;3101;770;4760;1558;5665;1508;8731;47;723;129;899;1605;6388;1637;9630;2020
08260;1761;7665;2274;11700;32;1107;244;1383;1793;8772;2518;13083;2150;7437;2042;11629;54;994;239;1287;2204;8431;2281;12916;3911;15102;4316;23329;86;2101;483;2670;3997;17203;4799;25999;2020
08261;253;983;297;1533;20;184;38;242;273;1167;335;1775;276;942;271;1489;37;199;48;284;313;1141;319;1773;529;1925;568;3022;57;383;86;526;586;2308;654;3548;2020
08262;768;2679;755;4202;16;537;137;690;784;3216;892;4892;1062;2592;647;4301;17;431;126;574;1079;3023;773;4875;1830;5271;1402;8503;33;968;263;1264;1863;6239;1665;9767;2020
08263;2034;8636;2216;12886;44;949;165;1158;2078;9585;2381;14044;2623;8417;2128;13168;63;821;172;1056;2686;9238;2300;14224;4657;17053;4344;26054;107;1770;337;2214;4764;18823;4681;28268;2020
08264;514;1856;545;2915;40;233;57;330;554;2089;602;3245;577;1803;467;2847;21;280;59;360;598;2083;526;3207;1091;3659;1012;5762;61;513;116;690;1152;4172;1128;6452;2020
08265;160;628;179;967;1;47;8;56;161;675;187;1023;208;623;146;977;4;48;6;58;212;671;152;1035;368;1251;325;1944;5;95;14;114;373;1346;339;2058;2020
08266;4929;16619;4085;25633;73;2176;402;2651;5002;18795;4487;28284;6184;16592;3778;26554;128;2511;378;3017;6312;19103;4156;29571;11113;33211;7863;52187;201;4687;780;5668;11314;37898;8643;57855;2020
08267;621;2896;864;4381;7;249;44;300;628;3145;908;4681;714;2785;778;4277;9;223;45;277;723;3008;823;4554;1335;5681;1642;8658;16;472;89;577;1351;6153;1731;9235;2020
08268;134;347;66;547;0;19;2;21;134;366;68;568;194;302;61;557;2;22;1;25;196;324;62;582;328;649;127;1104;2;41;3;46;330;690;130;1150;2020
08269;286;1121;297;1704;3;82;17;102;289;1203;314;1806;330;1036;260;1626;5;95;12;112;335;1131;272;1738;616;2157;557;3330;8;177;29;214;624;2334;586;3544;2020
08270;2148;7272;1833;11253;335;2738;485;3558;2483;10010;2318;14811;2765;7156;1628;11549;298;2414;481;3193;3063;9570;2109;14742;4913;14428;3461;22802;633;5152;966;6751;5546;19580;4427;29553;2020
08271;7;22;1;30;0;4;0;4;7;26;1;34;9;29;6;44;0;0;0;0;9;29;6;44;16;51;7;74;0;4;0;4;16;55;7;78;2020
08272;24;68;26;118;0;3;0;3;24;71;26;121;21;54;11;86;1;3;1;5;22;57;12;91;45;122;37;204;1;6;1;8;46;128;38;212;2020
08273;287;978;256;1521;5;73;20;98;292;1051;276;1619;306;870;220;1396;7;69;13;89;313;939;233;1485;593;1848;476;2917;12;142;33;187;605;1990;509;3104;2020
08274;569;1719;372;2660;2;181;51;234;571;1900;423;2894;798;1631;373;2802;3;217;32;252;801;1848;405;3054;1367;3350;745;5462;5;398;83;486;1372;3748;828;5948;2020
08275;32;98;29;159;1;6;0;7;33;104;29;166;34;89;30;153;1;2;0;3;35;91;30;156;66;187;59;312;2;8;0;10;68;195;59;322;2020
08276;23;96;25;144;0;15;2;17;23;111;27;161;25;94;19;138;0;18;1;19;25;112;20;157;48;190;44;282;0;33;3;36;48;223;47;318;2020
08277;25;71;21;117;0;1;0;1;25;72;21;118;18;57;16;91;0;0;0;0;18;57;16;91;43;128;37;208;0;1;0;1;43;129;37;209;2020
08278;562;1946;556;3064;8;201;53;262;570;2147;609;3326;688;1866;489;3043;15;213;43;271;703;2079;532;3314;1250;3812;1045;6107;23;414;96;533;1273;4226;1141;6640;2020
08279;15565;61698;17299;94562;380;11761;3245;15386;15945;73459;20544;109948;21300;61139;16391;98830;550;11251;3048;14849;21850;72390;19439;113679;36865;122837;33690;193392;930;23012;6293;30235;37795;145849;39983;223627;2020
08280;18;29;3;50;0;2;0;2;18;31;3;52;16;29;4;49;2;2;0;4;18;31;4;53;34;58;7;99;2;4;0;6;36;62;7;105;2020
08281;582;1814;507;2903;15;187;48;250;597;2001;555;3153;739;1859;409;3007;21;198;48;267;760;2057;457;3274;1321;3673;916;5910;36;385;96;517;1357;4058;1012;6427;2020
08282;674;2688;762;4124;15;147;19;181;689;2835;781;4305;798;2807;782;4387;17;196;40;253;815;3003;822;4640;1472;5495;1544;8511;32;343;59;434;1504;5838;1603;8945;2020
08283;649;2498;645;3792;7;286;71;364;656;2784;716;4156;820;2364;641;3825;14;311;50;375;834;2675;691;4200;1469;4862;1286;7617;21;597;121;739;1490;5459;1407;8356;2020
08284;1347;5137;1515;7999;40;697;134;871;1387;5834;1649;8870;1571;4894;1377;7842;50;621;136;807;1621;5515;1513;8649;2918;10031;2892;15841;90;1318;270;1678;3008;11349;3162;17519;2020
08285;1216;3887;1024;6127;17;831;196;1044;1233;4718;1220;7171;1580;3801;1000;6381;34;628;186;848;1614;4429;1186;7229;2796;7688;2024;12508;51;1459;382;1892;2847;9147;2406;14400;2020
08286;291;1261;331;1883;2;40;10;52;293;1301;341;1935;313;1143;292;1748;4;52;2;58;317;1195;294;1806;604;2404;623;3631;6;92;12;110;610;2496;635;3741;2020
08287;132;419;128;679;1;37;4;42;133;456;132;721;135;405;122;662;0;28;11;39;135;433;133;701;267;824;250;1341;1;65;15;81;268;889;265;1422;2020
08288;204;715;162;1081;7;156;37;200;211;871;199;1281;219;591;144;954;8;118;37;163;227;709;181;1117;423;1306;306;2035;15;274;74;363;438;1580;380;2398;2020
08289;350;1965;554;2869;7;123;22;152;357;2088;576;3021;425;1896;566;2887;9;137;19;165;434;2033;585;3052;775;3861;1120;5756;16;260;41;317;791;4121;1161;6073;2020
08290;132;664;227;1023;1;23;6;30;133;687;233;1053;163;636;213;1012;0;22;2;24;163;658;215;1036;295;1300;440;2035;1;45;8;54;296;1345;448;2089;2020
08291;402;2238;718;3358;6;116;20;142;408;2354;738;3500;430;2124;627;3181;9;128;14;151;439;2252;641;3332;832;4362;1345;6539;15;244;34;293;847;4606;1379;6832;2020
08292;127;414;118;659;1;36;7;44;128;450;125;703;148;392;83;623;1;29;1;31;149;421;84;654;275;806;201;1282;2;65;8;75;277;871;209;1357;2020
08293;42;92;5;139;0;1;0;1;42;93;5;140;35;62;10;107;0;2;0;2;35;64;10;109;77;154;15;246;0;3;0;3;77;157;15;249;2020
08294;171;942;309;1422;3;75;13;91;174;1017;322;1513;183;896;294;1373;6;83;13;102;189;979;307;1475;354;1838;603;2795;9;158;26;193;363;1996;629;2988;2020
08295;1211;4685;1337;7233;23;367;68;458;1234;5052;1405;7691;1354;4442;1306;7102;41;415;63;519;1395;4857;1369;7621;2565;9127;2643;14335;64;782;131;977;2629;9909;2774;15312;2020
08296;154;837;260;1251;3;56;12;71;157;893;272;1322;159;783;218;1160;5;61;10;76;164;844;228;1236;313;1620;478;2411;8;117;22;147;321;1737;500;2558;2020
08297;30;44;17;91;0;4;0;4;30;48;17;95;24;39;15;78;0;2;0;2;24;41;15;80;54;83;32;169;0;6;0;6;54;89;32;175;2020
08298;2831;10360;3118;16309;145;6250;1394;7789;2976;16610;4512;24098;4167;10402;2836;17405;194;4584;1349;6127;4361;14986;4185;23532;6998;20762;5954;33714;339;10834;2743;13916;7337;31596;8697;47630;2020
08299;70;129;19;218;0;1;2;3;70;130;21;221;74;109;12;195;0;3;0;3;74;112;12;198;144;238;31;413;0;4;2;6;144;242;33;419;2020
08300;531;2474;654;3659;8;82;11;101;539;2556;665;3760;576;2499;624;3699;6;70;10;86;582;2569;634;3785;1107;4973;1278;7358;14;152;21;187;1121;5125;1299;7545;2020
08301;4782;19972;5762;30516;96;2159;460;2715;4878;22131;6222;33231;6114;19711;5370;31195;145;2180;446;2771;6259;21891;5816;33966;10896;39683;11132;61711;241;4339;906;5486;11137;44022;12038;67197;2020
08302;947;3861;1066;5874;9;320;89;418;956;4181;1155;6292;1148;3658;1077;5883;13;331;77;421;1161;3989;1154;6304;2095;7519;2143;11757;22;651;166;839;2117;8170;2309;12596;2020
08303;42;80;23;145;1;2;0;3;43;82;23;148;43;100;16;159;0;5;0;5;43;105;16;164;85;180;39;304;1;7;0;8;86;187;39;312;2020
08304;109;325;100;534;0;31;5;36;109;356;105;570;123;293;85;501;2;23;6;31;125;316;91;532;232;618;185;1035;2;54;11;67;234;672;196;1102;2020
08305;2956;10536;3165;16657;77;2155;627;2859;3033;12691;3792;19516;4041;10776;2971;17788;102;2178;570;2850;4143;12954;3541;20638;6997;21312;6136;34445;179;4333;1197;5709;7176;25645;7333;40154;2020
08306;50;226;62;338;0;37;9;46;50;263;71;384;72;209;54;335;1;26;7;34;73;235;61;369;122;435;116;673;1;63;16;80;123;498;132;753;2020
08307;5459;18542;4831;28832;167;3167;586;3920;5626;21709;5417;32752;7280;19372;4627;31279;236;2943;523;3702;7516;22315;5150;34981;12739;37914;9458;60111;403;6110;1109;7622;13142;44024;10567;67733;2020
08308;22;53;13;88;0;0;0;0;22;53;13;88;25;42;16;83;0;1;0;1;25;43;16;84;47;95;29;171;0;1;0;1;47;96;29;172;2020
08901;40;79;10;129;1;2;0;3;41;81;10;132;48;72;15;135;2;2;0;4;50;74;15;139;88;151;25;264;3;4;0;7;91;155;25;271;2020
08902;312;1739;602;2653;9;103;16;128;321;1842;618;2781;354;1705;548;2607;12;84;19;115;366;1789;567;2722;666;3444;1150;5260;21;187;35;243;687;3631;1185;5503;2020
08903;27;85;15;127;0;0;0;0;27;85;15;127;28;64;10;102;0;0;0;0;28;64;10;102;55;149;25;229;0;0;0;0;55;149;25;229;2020
08904;1158;3985;1049;6192;12;308;56;376;1170;4293;1105;6568;1644;3795;994;6433;22;330;62;414;1666;4125;1056;6847;2802;7780;2043;12625;34;638;118;790;2836;8418;2161;13415;2020
08905;224;945;222;1391;1;70;13;84;225;1015;235;1475;264;920;228;1412;7;85;13;105;271;1005;241;1517;488;1865;450;2803;8;155;26;189;496;2020;476;2992;2020
09001;6;14;0;20;0;0;0;0;6;14;0;20;4;6;0;10;0;1;0;1;4;7;0;11;10;20;0;30;0;1;0;1;10;21;0;31;2020
09003;25;61;6;92;0;6;1;7;25;67;7;99;36;56;7;99;0;4;1;5;36;60;8;104;61;117;13;191;0;10;2;12;61;127;15;203;2020
09006;9;23;2;34;0;0;0;0;9;23;2;34;16;6;0;22;0;0;0;0;16;6;0;22;25;29;2;56;0;0;0;0;25;29;2;56;2020
09007;13;23;0;36;0;2;0;2;13;25;0;38;8;10;1;19;0;0;0;0;8;10;1;19;21;33;1;55;0;2;0;2;21;35;1;57;2020
09009;16;82;15;113;0;0;0;0;16;82;15;113;11;58;26;95;0;2;0;2;11;60;26;97;27;140;41;208;0;2;0;2;27;142;41;210;2020
09010;8;15;0;23;0;0;0;0;8;15;0;23;6;3;0;9;0;0;0;0;6;3;0;9;14;18;0;32;0;0;0;0;14;18;0;32;2020
09011;14;29;0;43;0;0;0;0;14;29;0;43;8;18;1;27;0;0;0;0;8;18;1;27;22;47;1;70;0;0;0;0;22;47;1;70;2020
09012;15;42;3;60;0;0;0;0;15;42;3;60;13;26;4;43;0;1;0;1;13;27;4;44;28;68;7;103;0;1;0;1;28;69;7;104;2020
09013;7;17;1;25;0;2;0;2;7;19;1;27;6;11;1;18;0;1;0;1;6;12;1;19;13;28;2;43;0;3;0;3;13;31;2;46;2020
09014;32;75;0;107;0;0;0;0;32;75;0;107;31;43;3;77;0;0;0;0;31;43;3;77;63;118;3;184;0;0;0;0;63;118;3;184;2020
09016;11;35;8;54;0;2;0;2;11;37;8;56;11;28;12;51;0;6;0;6;11;34;12;57;22;63;20;105;0;8;0;8;22;71;20;113;2020
09017;25;25;2;52;0;24;11;35;25;49;13;87;22;18;4;44;0;14;10;24;22;32;14;68;47;43;6;96;0;38;21;59;47;81;27;155;2020
09018;3218;8845;2297;14360;34;1347;323;1704;3252;10192;2620;16064;3926;9051;2180;15157;70;1565;331;1966;3996;10616;2511;17123;7144;17896;4477;29517;104;2912;654;3670;7248;20808;5131;33187;2020
09019;40;51;6;97;0;3;2;5;40;54;8;102;19;33;5;57;0;3;0;3;19;36;5;60;59;84;11;154;0;6;2;8;59;90;13;162;2020
09020;54;78;8;140;1;25;5;31;55;103;13;171;44;62;7;113;1;17;4;22;45;79;11;135;98;140;15;253;2;42;9;53;100;182;24;306;2020
09021;11;17;2;30;0;1;0;1;11;18;2;31;7;12;4;23;0;0;0;0;7;12;4;23;18;29;6;53;0;1;0;1;18;30;6;54;2020
09022;17;20;1;38;0;7;1;8;17;27;2;46;12;9;0;21;0;5;5;10;12;14;5;31;29;29;1;59;0;12;6;18;29;41;7;77;2020
09023;63;585;259;907;0;16;4;20;63;601;263;927;56;526;248;830;1;14;3;18;57;540;251;848;119;1111;507;1737;1;30;7;38;120;1141;514;1775;2020
09024;26;62;9;97;0;3;2;5;26;65;11;102;28;32;6;66;0;5;1;6;28;37;7;72;54;94;15;163;0;8;3;11;54;102;18;174;2020
09025;20;35;5;60;0;2;2;4;20;37;7;64;22;25;7;54;1;1;1;3;23;26;8;57;42;60;12;114;1;3;3;7;43;63;15;121;2020
09026;68;160;13;241;1;1;0;2;69;161;13;243;56;92;13;161;1;2;0;3;57;94;13;164;124;252;26;402;2;3;0;5;126;255;26;407;2020
09027;6;22;0;28;0;0;0;0;6;22;0;28;7;12;0;19;0;0;0;0;7;12;0;19;13;34;0;47;0;0;0;0;13;34;0;47;2020
09029;26;61;7;94;0;1;1;2;26;62;8;96;26;40;2;68;0;2;0;2;26;42;2;70;52;101;9;162;0;3;1;4;52;104;10;166;2020
09030;30;42;4;76;0;3;2;5;30;45;6;81;23;24;3;50;0;2;0;2;23;26;3;52;53;66;7;126;0;5;2;7;53;71;9;133;2020
09032;25;31;1;57;0;1;0;1;25;32;1;58;19;26;2;47;0;1;0;1;19;27;2;48;44;57;3;104;0;2;0;2;44;59;3;106;2020
09033;15;27;0;42;0;1;0;1;15;28;0;43;13;20;1;34;0;2;0;2;13;22;1;36;28;47;1;76;0;3;0;3;28;50;1;79;2020
09034;65;93;5;163;1;5;6;12;66;98;11;175;69;62;4;135;1;7;1;9;70;69;5;144;134;155;9;298;2;12;7;21;136;167;16;319;2020
09035;63;110;14;187;0;4;4;8;63;114;18;195;48;66;13;127;0;5;6;11;48;71;19;138;111;176;27;314;0;9;10;19;111;185;37;333;2020
09036;5;16;0;21;0;0;0;0;5;16;0;21;4;10;0;14;0;0;0;0;4;10;0;14;9;26;0;35;0;0;0;0;9;26;0;35;2020
09037;23;44;0;67;0;2;0;2;23;46;0;69;21;18;0;39;0;1;0;1;21;19;0;40;44;62;0;106;0;3;0;3;44;65;0;109;2020
09038;20;43;2;65;2;10;3;15;22;53;5;80;25;22;2;49;1;10;0;11;26;32;2;60;45;65;4;114;3;20;3;26;48;85;7;140;2020
09039;10;25;1;36;0;2;0;2;10;27;1;38;11;6;3;20;0;5;0;5;11;11;3;25;21;31;4;56;0;7;0;7;21;38;4;63;2020
09041;6;7;4;17;0;0;0;0;6;7;4;17;6;5;3;14;0;0;0;0;6;5;3;14;12;12;7;31;0;0;0;0;12;12;7;31;2020
09043;43;57;3;103;0;3;0;3;43;60;3;106;36;33;2;71;0;1;1;2;36;34;3;73;79;90;5;174;0;4;1;5;79;94;6;179;2020
09044;11;19;0;30;0;0;0;0;11;19;0;30;8;16;0;24;0;1;0;1;8;17;0;25;19;35;0;54;0;1;0;1;19;36;0;55;2020
09045;37;119;4;160;2;4;0;6;39;123;4;166;46;74;5;125;0;4;0;4;46;78;5;129;83;193;9;285;2;8;0;10;85;201;9;295;2020
09046;7;8;0;15;0;0;0;0;7;8;0;15;6;2;0;8;0;0;0;0;6;2;0;8;13;10;0;23;0;0;0;0;13;10;0;23;2020
09047;9;22;0;31;0;0;0;0;9;22;0;31;7;14;2;23;0;1;2;3;7;15;4;26;16;36;2;54;0;1;2;3;16;37;4;57;2020
09048;231;483;70;784;2;101;26;129;233;584;96;913;237;438;62;737;8;95;27;130;245;533;89;867;468;921;132;1521;10;196;53;259;478;1117;185;1780;2020
09050;10;22;3;35;0;0;0;0;10;22;3;35;13;12;0;25;0;0;0;0;13;12;0;25;23;34;3;60;0;0;0;0;23;34;3;60;2020
09051;35;54;3;92;0;2;1;3;35;56;4;95;37;39;7;83;0;4;1;5;37;43;8;88;72;93;10;175;0;6;2;8;72;99;12;183;2020
09052;8;14;0;22;0;0;0;0;8;14;0;22;5;2;0;7;0;0;0;0;5;2;0;7;13;16;0;29;0;0;0;0;13;16;0;29;2020
09054;13;42;4;59;0;1;0;1;13;43;4;60;18;16;0;34;0;2;1;3;18;18;1;37;31;58;4;93;0;3;1;4;31;61;5;97;2020
09055;12;15;3;30;0;1;0;1;12;16;3;31;10;8;3;21;0;2;0;2;10;10;3;23;22;23;6;51;0;3;0;3;22;26;6;54;2020
09056;565;1847;437;2849;25;357;62;444;590;2204;499;3293;661;1836;382;2879;15;336;59;410;676;2172;441;3289;1226;3683;819;5728;40;693;121;854;1266;4376;940;6582;2020
09057;32;64;22;118;1;2;0;3;33;66;22;121;15;41;10;66;0;0;0;0;15;41;10;66;47;105;32;184;1;2;0;3;48;107;32;187;2020
09058;37;191;64;292;1;11;2;14;38;202;66;306;20;163;60;243;0;11;3;14;20;174;63;257;57;354;124;535;1;22;5;28;58;376;129;563;2020
09059;16737;48359;12330;77426;158;5331;1080;6569;16895;53690;13410;83995;22892;51092;11689;85673;215;5507;1028;6750;23107;56599;12717;92423;39629;99451;24019;163099;373;10838;2108;13319;40002;110289;26127;176418;2020
09060;24;41;2;67;0;4;0;4;24;45;2;71;36;22;3;61;0;1;0;1;36;23;3;62;60;63;5;128;0;5;0;5;60;68;5;133;2020
09061;32;52;0;84;1;7;0;8;33;59;0;92;29;33;2;64;0;4;0;4;29;37;2;68;61;85;2;148;1;11;0;12;62;96;2;160;2020
09062;11;6;0;17;0;0;0;0;11;6;0;17;14;9;0;23;0;0;0;0;14;9;0;23;25;15;0;40;0;0;0;0;25;15;0;40;2020
09063;29;100;9;138;0;3;0;3;29;103;9;141;23;59;8;90;1;4;2;7;24;63;10;97;52;159;17;228;1;7;2;10;53;166;19;238;2020
09064;59;105;6;170;5;27;8;40;64;132;14;210;72;72;10;154;8;40;8;56;80;112;18;210;131;177;16;324;13;67;16;96;144;244;32;420;2020
09065;30;46;8;84;1;15;1;17;31;61;9;101;28;31;7;66;0;10;2;12;28;41;9;78;58;77;15;150;1;25;3;29;59;102;18;179;2020
09066;17;23;1;41;0;0;0;0;17;23;1;41;7;9;0;16;0;0;0;0;7;9;0;16;24;32;1;57;0;0;0;0;24;32;1;57;2020
09067;83;125;18;226;0;2;0;2;83;127;18;228;92;96;12;200;0;4;1;5;92;100;13;205;175;221;30;426;0;6;1;7;175;227;31;433;2020
09068;6;8;1;15;0;0;0;0;6;8;1;15;6;4;0;10;0;0;0;0;6;4;0;10;12;12;1;25;0;0;0;0;12;12;1;25;2020
09070;7;14;0;21;0;0;0;0;7;14;0;21;5;4;0;9;0;0;0;0;5;4;0;9;12;18;0;30;0;0;0;0;12;18;0;30;2020
09071;6;15;0;21;0;0;0;0;6;15;0;21;7;10;1;18;0;1;0;1;7;11;1;19;13;25;1;39;0;1;0;1;13;26;1;40;2020
09072;43;138;27;208;1;8;4;13;44;146;31;221;30;130;28;188;2;9;4;15;32;139;32;203;73;268;55;396;3;17;8;28;76;285;63;424;2020
09073;67;493;165;725;1;23;7;31;68;516;172;756;58;398;133;589;1;20;3;24;59;418;136;613;125;891;298;1314;2;43;10;55;127;934;308;1369;2020
09074;71;396;105;572;1;16;4;21;72;412;109;593;62;348;111;521;1;17;4;22;63;365;115;543;133;744;216;1093;2;33;8;43;135;777;224;1136;2020
09075;20;38;7;65;0;3;0;3;20;41;7;68;9;35;3;47;0;0;0;0;9;35;3;47;29;73;10;112;0;3;0;3;29;76;10;115;2020
09076;9;9;1;19;0;0;0;0;9;9;1;19;3;3;0;6;0;0;0;0;3;3;0;6;12;12;1;25;0;0;0;0;12;12;1;25;2020
09077;6;8;0;14;0;0;0;0;6;8;0;14;6;8;2;16;0;0;0;0;6;8;2;16;12;16;2;30;0;0;0;0;12;16;2;30;2020
09078;8;10;0;18;0;0;0;0;8;10;0;18;9;6;0;15;0;0;0;0;9;6;0;15;17;16;0;33;0;0;0;0;17;16;0;33;2020
09079;11;18;1;30;0;0;0;0;11;18;1;30;11;7;2;20;0;0;0;0;11;7;2;20;22;25;3;50;0;0;0;0;22;25;3;50;2020
09082;9;12;0;21;0;0;0;0;9;12;0;21;8;7;0;15;0;0;0;0;8;7;0;15;17;19;0;36;0;0;0;0;17;19;0;36;2020
09083;4;9;0;13;0;0;0;0;4;9;0;13;6;6;0;12;0;0;0;0;6;6;0;12;10;15;0;25;0;0;0;0;10;15;0;25;2020
09084;58;56;4;118;0;1;0;1;58;57;4;119;27;23;6;56;0;1;0;1;27;24;6;57;85;79;10;174;0;2;0;2;85;81;10;176;2020
09085;69;193;48;310;1;28;12;41;70;221;60;351;79;147;37;263;1;26;9;36;80;173;46;299;148;340;85;573;2;54;21;77;150;394;106;650;2020
09086;95;289;57;441;1;5;2;8;96;294;59;449;64;214;51;329;1;13;1;15;65;227;52;344;159;503;108;770;2;18;3;23;161;521;111;793;2020
09088;13;23;0;36;0;0;0;0;13;23;0;36;9;14;1;24;0;0;0;0;9;14;1;24;22;37;1;60;0;0;0;0;22;37;1;60;2020
09090;12;14;1;27;0;0;0;0;12;14;1;27;6;17;0;23;0;0;0;0;6;17;0;23;18;31;1;50;0;0;0;0;18;31;1;50;2020
09091;141;224;21;386;1;21;5;27;142;245;26;413;145;175;23;343;2;20;4;26;147;195;27;369;286;399;44;729;3;41;9;53;289;440;53;782;2020
09093;30;57;12;99;0;1;0;1;30;58;12;100;18;53;10;81;0;2;0;2;18;55;10;83;48;110;22;180;0;3;0;3;48;113;22;183;2020
09094;11;20;3;34;0;0;0;0;11;20;3;34;7;11;0;18;0;0;0;0;7;11;0;18;18;31;3;52;0;0;0;0;18;31;3;52;2020
09095;26;25;4;55;0;0;0;0;26;25;4;55;36;19;5;60;0;0;0;0;36;19;5;60;62;44;9;115;0;0;0;0;62;44;9;115;2020
09098;92;166;14;272;0;17;0;17;92;183;14;289;100;109;11;220;0;29;3;32;100;138;14;252;192;275;25;492;0;46;3;49;192;321;28;541;2020
09100;12;22;1;35;0;1;1;2;12;23;2;37;10;7;1;18;0;0;0;0;10;7;1;18;22;29;2;53;0;1;1;2;22;30;3;55;2020
09101;19;29;2;50;0;2;0;2;19;31;2;52;17;8;1;26;0;2;0;2;17;10;1;28;36;37;3;76;0;4;0;4;36;41;3;80;2020
09102;9;12;0;21;0;0;0;0;9;12;0;21;5;5;0;10;0;0;0;0;5;5;0;10;14;17;0;31;0;0;0;0;14;17;0;31;2020
09103;41;69;6;116;0;3;0;3;41;72;6;119;46;37;1;84;0;4;3;7;46;41;4;91;87;106;7;200;0;7;3;10;87;113;10;210;2020
09104;9;14;0;23;0;0;0;0;9;14;0;23;11;8;3;22;0;2;0;2;11;10;3;24;20;22;3;45;0;2;0;2;20;24;3;47;2020
09105;11;41;3;55;0;1;0;1;11;42;3;56;21;18;1;40;0;1;0;1;21;19;1;41;32;59;4;95;0;2;0;2;32;61;4;97;2020
09108;46;205;48;299;0;18;2;20;46;223;50;319;35;153;35;223;1;20;7;28;36;173;42;251;81;358;83;522;1;38;9;48;82;396;92;570;2020
09109;95;523;114;732;0;16;5;21;95;539;119;753;92;378;115;585;1;20;4;25;93;398;119;610;187;901;229;1317;1;36;9;46;188;937;238;1363;2020
09110;24;26;2;52;0;0;0;0;24;26;2;52;18;9;0;27;0;1;0;1;18;10;0;28;42;35;2;79;0;1;0;1;42;36;2;80;2020
09112;26;37;3;66;0;1;0;1;26;38;3;67;21;17;2;40;0;0;0;0;21;17;2;40;47;54;5;106;0;1;0;1;47;55;5;107;2020
09113;79;168;23;270;1;12;5;18;80;180;28;288;89;123;25;237;0;14;2;16;89;137;27;253;168;291;48;507;1;26;7;34;169;317;55;541;2020
09114;14;32;3;49;1;5;1;7;15;37;4;56;18;16;2;36;0;6;1;7;18;22;3;43;32;48;5;85;1;11;2;14;33;59;7;99;2020
09115;18;33;2;53;0;1;0;1;18;34;2;54;17;21;1;39;1;1;0;2;18;22;1;41;35;54;3;92;1;2;0;3;36;56;3;95;2020
09117;20;17;1;38;0;21;2;23;20;38;3;61;20;11;0;31;1;25;2;28;21;36;2;59;40;28;1;69;1;46;4;51;41;74;5;120;2020
09119;9;8;0;17;0;0;0;0;9;8;0;17;15;9;0;24;0;0;0;0;15;9;0;24;24;17;0;41;0;0;0;0;24;17;0;41;2020
09120;8;13;1;22;0;0;0;0;8;13;1;22;10;10;2;22;0;0;0;0;10;10;2;22;18;23;3;44;0;0;0;0;18;23;3;44;2020
09122;16;36;1;53;0;2;3;5;16;38;4;58;16;14;1;31;0;2;0;2;16;16;1;33;32;50;2;84;0;4;3;7;32;54;5;91;2020
09123;6;17;0;23;0;2;0;2;6;19;0;25;7;10;0;17;0;0;0;0;7;10;0;17;13;27;0;40;0;2;0;2;13;29;0;42;2020
09124;258;472;107;837;1;9;3;13;259;481;110;850;259;432;92;783;2;14;2;18;261;446;94;801;517;904;199;1620;3;23;5;31;520;927;204;1651;2020
09125;112;220;12;344;0;11;0;11;112;231;12;355;106;115;10;231;0;9;1;10;106;124;11;241;218;335;22;575;0;20;1;21;218;355;23;596;2020
09127;15;16;0;31;0;2;1;3;15;18;1;34;11;9;2;22;0;1;0;1;11;10;2;23;26;25;2;53;0;3;1;4;26;28;3;57;2020
09128;17;28;3;48;0;2;0;2;17;30;3;50;14;12;8;34;0;1;1;2;14;13;9;36;31;40;11;82;0;3;1;4;31;43;12;86;2020
09129;22;33;2;57;0;1;0;1;22;34;2;58;16;17;3;36;0;0;0;0;16;17;3;36;38;50;5;93;0;1;0;1;38;51;5;94;2020
09130;21;22;1;44;0;1;0;1;21;23;1;45;15;7;0;22;0;1;0;1;15;8;0;23;36;29;1;66;0;2;0;2;36;31;1;68;2020
09131;55;200;72;327;0;12;7;19;55;212;79;346;52;193;57;302;0;21;8;29;52;214;65;331;107;393;129;629;0;33;15;48;107;426;144;677;2020
09132;33;72;4;109;0;3;0;3;33;75;4;112;35;29;2;66;0;5;1;6;35;34;3;72;68;101;6;175;0;8;1;9;68;109;7;184;2020
09133;4;22;0;26;0;0;0;0;4;22;0;26;6;8;4;18;0;0;0;0;6;8;4;18;10;30;4;44;0;0;0;0;10;30;4;44;2020
09134;30;88;10;128;0;1;0;1;30;89;10;129;35;68;9;112;0;5;1;6;35;73;10;118;65;156;19;240;0;6;1;7;65;162;20;247;2020
09135;10;14;0;24;0;2;1;3;10;16;1;27;11;6;1;18;1;1;0;2;12;7;1;20;21;20;1;42;1;3;1;5;22;23;2;47;2020
09136;45;55;5;105;0;13;3;16;45;68;8;121;36;42;8;86;1;8;1;10;37;50;9;96;81;97;13;191;1;21;4;26;82;118;17;217;2020
09137;32;68;19;119;0;9;2;11;32;77;21;130;31;58;16;105;0;15;2;17;31;73;18;122;63;126;35;224;0;24;4;28;63;150;39;252;2020
09138;23;22;3;48;0;1;2;3;23;23;5;51;18;15;2;35;0;4;2;6;18;19;4;41;41;37;5;83;0;5;4;9;41;42;9;92;2020
09139;22;45;1;68;0;0;0;0;22;45;1;68;17;13;1;31;0;1;0;1;17;14;1;32;39;58;2;99;0;1;0;1;39;59;2;100;2020
09140;33;39;2;74;0;6;0;6;33;45;2;80;18;24;4;46;1;3;1;5;19;27;5;51;51;63;6;120;1;9;1;11;52;72;7;131;2020
09141;90;246;54;390;2;11;2;15;92;257;56;405;85;209;69;363;1;14;2;17;86;223;71;380;175;455;123;753;3;25;4;32;178;480;127;785;2020
09143;6;11;1;18;0;0;0;0;6;11;1;18;3;8;0;11;0;1;0;1;3;9;0;12;9;19;1;29;0;1;0;1;9;20;1;30;2020
09144;12;17;0;29;0;0;0;0;12;17;0;29;12;3;1;16;0;0;0;0;12;3;1;16;24;20;1;45;0;0;0;0;24;20;1;45;2020
09148;10;33;4;47;0;6;1;7;10;39;5;54;12;22;8;42;0;10;6;16;12;32;14;58;22;55;12;89;0;16;7;23;22;71;19;112;2020
09149;11;17;5;33;1;2;0;3;12;19;5;36;3;7;0;10;2;1;0;3;5;8;0;13;14;24;5;43;3;3;0;6;17;27;5;49;2020
09151;81;180;31;292;2;16;3;21;83;196;34;313;60;133;35;228;1;16;3;20;61;149;38;248;141;313;66;520;3;32;6;41;144;345;72;561;2020
09152;46;90;17;153;0;38;4;42;46;128;21;195;42;63;13;118;1;35;10;46;43;98;23;164;88;153;30;271;1;73;14;88;89;226;44;359;2020
09154;30;48;6;84;1;3;0;4;31;51;6;88;27;20;6;53;1;2;0;3;28;22;6;56;57;68;12;137;2;5;0;7;59;73;12;144;2020
09155;11;6;0;17;0;2;0;2;11;8;0;19;6;3;0;9;0;2;0;2;6;5;0;11;17;9;0;26;0;4;0;4;17;13;0;30;2020
09159;11;26;3;40;0;4;2;6;11;30;5;46;10;14;0;24;0;3;1;4;10;17;1;28;21;40;3;64;0;7;3;10;21;47;6;74;2020
09160;25;29;5;59;0;0;0;0;25;29;5;59;13;13;2;28;0;0;0;0;13;13;2;28;38;42;7;87;0;0;0;0;38;42;7;87;2020
09162;21;49;7;77;1;0;0;1;22;49;7;78;15;44;6;65;0;2;0;2;15;46;6;67;36;93;13;142;1;2;0;3;37;95;13;145;2020
09163;133;192;14;339;2;15;7;24;135;207;21;363;137;110;11;258;2;23;4;29;139;133;15;287;270;302;25;597;4;38;11;53;274;340;36;650;2020
09164;46;50;1;97;0;8;0;8;46;58;1;105;26;26;1;53;0;12;5;17;26;38;6;70;72;76;2;150;0;20;5;25;72;96;7;175;2020
09166;22;29;2;53;0;0;0;0;22;29;2;53;18;24;1;43;0;0;0;0;18;24;1;43;40;53;3;96;0;0;0;0;40;53;3;96;2020
09167;11;18;1;30;0;3;0;3;11;21;1;33;12;11;0;23;0;3;0;3;12;14;0;26;23;29;1;53;0;6;0;6;23;35;1;59;2020
09168;59;91;14;164;0;15;8;23;59;106;22;187;51;62;12;125;0;14;9;23;51;76;21;148;110;153;26;289;0;29;17;46;110;182;43;335;2020
09169;22;43;5;70;0;0;0;0;22;43;5;70;16;16;1;33;0;2;0;2;16;18;1;35;38;59;6;103;0;2;0;2;38;61;6;105;2020
09170;40;71;7;118;1;2;0;3;41;73;7;121;38;62;12;112;0;1;0;1;38;63;12;113;78;133;19;230;1;3;0;4;79;136;19;234;2020
09172;36;43;10;89;0;1;0;1;36;44;10;90;29;38;2;69;0;2;0;2;29;40;2;71;65;81;12;158;0;3;0;3;65;84;12;161;2020
09173;22;47;1;70;1;0;0;1;23;47;1;71;20;34;0;54;0;0;0;0;20;34;0;54;42;81;1;124;1;0;0;1;43;81;1;125;2020
09174;147;274;35;456;0;27;6;33;147;301;41;489;146;203;34;383;0;24;5;29;146;227;39;412;293;477;69;839;0;51;11;62;293;528;80;901;2020
09175;34;45;0;79;0;0;0;0;34;45;0;79;21;18;0;39;0;0;0;0;21;18;0;39;55;63;0;118;0;0;0;0;55;63;0;118;2020
09176;11;29;3;43;0;0;0;0;11;29;3;43;7;10;2;19;0;0;0;0;7;10;2;19;18;39;5;62;0;0;0;0;18;39;5;62;2020
09177;159;472;102;733;1;19;1;21;160;491;103;754;141;370;114;625;2;22;2;26;143;392;116;651;300;842;216;1358;3;41;3;47;303;883;219;1405;2020
09178;7;19;0;26;0;0;0;0;7;19;0;26;11;2;0;13;0;0;0;0;11;2;0;13;18;21;0;39;0;0;0;0;18;21;0;39;2020
09179;5;16;1;22;0;0;0;0;5;16;1;22;5;12;0;17;0;0;0;0;5;12;0;17;10;28;1;39;0;0;0;0;10;28;1;39;2020
09180;24;51;2;77;0;1;1;2;24;52;3;79;29;24;6;59;0;3;2;5;29;27;8;64;53;75;8;136;0;4;3;7;53;79;11;143;2020
09181;48;90;8;146;0;1;0;1;48;91;8;147;56;78;6;140;0;0;0;0;56;78;6;140;104;168;14;286;0;1;0;1;104;169;14;287;2020
09182;20;25;0;45;0;1;1;2;20;26;1;47;17;14;0;31;0;2;0;2;17;16;0;33;37;39;0;76;0;3;1;4;37;42;1;80;2020
09183;16;12;0;28;0;0;0;0;16;12;0;28;11;3;0;14;0;0;0;0;11;3;0;14;27;15;0;42;0;0;0;0;27;15;0;42;2020
09184;2;5;0;7;0;2;0;2;2;7;0;9;0;0;0;0;0;1;0;1;0;1;0;1;2;5;0;7;0;3;0;3;2;8;0;10;2020
09189;24;44;3;71;0;0;0;0;24;44;3;71;27;26;3;56;0;1;0;1;27;27;3;57;51;70;6;127;0;1;0;1;51;71;6;128;2020
09190;12;34;1;47;0;2;0;2;12;36;1;49;9;27;2;38;0;0;0;0;9;27;2;38;21;61;3;85;0;2;0;2;21;63;3;87;2020
09191;8;11;0;19;0;0;0;0;8;11;0;19;9;3;0;12;0;0;0;0;9;3;0;12;17;14;0;31;0;0;0;0;17;14;0;31;2020
09192;16;16;0;32;0;0;0;0;16;16;0;32;10;15;0;25;0;0;0;0;10;15;0;25;26;31;0;57;0;0;0;0;26;31;0;57;2020
09194;259;746;144;1149;4;101;21;126;263;847;165;1275;319;679;133;1131;5;102;24;131;324;781;157;1262;578;1425;277;2280;9;203;45;257;587;1628;322;2537;2020
09195;6;28;2;36;0;1;0;1;6;29;2;37;11;8;0;19;1;0;0;1;12;8;0;20;17;36;2;55;1;1;0;2;18;37;2;57;2020
09196;28;55;3;86;1;2;0;3;29;57;3;89;24;27;2;53;0;3;2;5;24;30;4;58;52;82;5;139;1;5;2;8;53;87;7;147;2020
09197;23;70;8;101;1;13;1;15;24;83;9;116;21;28;3;52;1;4;1;6;22;32;4;58;44;98;11;153;2;17;2;21;46;115;13;174;2020
09198;14;39;1;54;0;0;0;0;14;39;1;54;24;22;0;46;0;0;0;0;24;22;0;46;38;61;1;100;0;0;0;0;38;61;1;100;2020
09199;20;39;0;59;0;5;1;6;20;44;1;65;8;25;3;36;0;3;0;3;8;28;3;39;28;64;3;95;0;8;1;9;28;72;4;104;2020
09200;10;18;0;28;0;0;0;0;10;18;0;28;10;7;0;17;0;0;0;0;10;7;0;17;20;25;0;45;0;0;0;0;20;25;0;45;2020
09201;11;9;0;20;0;0;0;0;11;9;0;20;2;5;0;7;0;0;0;0;2;5;0;7;13;14;0;27;0;0;0;0;13;14;0;27;2020
09202;8;5;0;13;0;0;0;0;8;5;0;13;4;3;0;7;0;0;0;0;4;3;0;7;12;8;0;20;0;0;0;0;12;8;0;20;2020
09206;16;15;1;32;0;0;0;0;16;15;1;32;11;11;1;23;0;0;0;0;11;11;1;23;27;26;2;55;0;0;0;0;27;26;2;55;2020
09208;32;66;2;100;1;4;0;5;33;70;2;105;39;37;4;80;1;3;4;8;40;40;8;88;71;103;6;180;2;7;4;13;73;110;10;193;2020
09209;594;1660;359;2613;7;244;43;294;601;1904;402;2907;672;1547;341;2560;7;220;40;267;679;1767;381;2827;1266;3207;700;5173;14;464;83;561;1280;3671;783;5734;2020
09211;230;521;47;798;1;38;4;43;231;559;51;841;264;351;45;660;0;38;9;47;264;389;54;707;494;872;92;1458;1;76;13;90;495;948;105;1548;2020
09213;55;94;6;155;0;6;1;7;55;100;7;162;55;57;8;120;0;8;1;9;55;65;9;129;110;151;14;275;0;14;2;16;110;165;16;291;2020
09214;124;246;37;407;1;6;4;11;125;252;41;418;108;149;18;275;0;13;1;14;108;162;19;289;232;395;55;682;1;19;5;25;233;414;60;707;2020
09215;79;119;18;216;1;7;1;9;80;126;19;225;66;83;13;162;0;9;0;9;66;92;13;171;145;202;31;378;1;16;1;18;146;218;32;396;2020
09216;64;136;11;211;1;6;0;7;65;142;11;218;67;106;18;191;1;2;0;3;68;108;18;194;131;242;29;402;2;8;0;10;133;250;29;412;2020
09217;74;135;9;218;2;3;0;5;76;138;9;223;62;77;13;152;0;4;1;5;62;81;14;157;136;212;22;370;2;7;1;10;138;219;23;380;2020
09218;69;124;23;216;2;15;2;19;71;139;25;235;69;94;18;181;1;14;3;18;70;108;21;199;138;218;41;397;3;29;5;37;141;247;46;434;2020
09219;3404;9933;2281;15618;64;1568;359;1991;3468;11501;2640;17609;4370;9828;2149;16347;48;1405;351;1804;4418;11233;2500;18151;7774;19761;4430;31965;112;2973;710;3795;7886;22734;5140;35760;2020
09220;17;28;0;45;0;0;0;0;17;28;0;45;17;8;0;25;0;0;0;0;17;8;0;25;34;36;0;70;0;0;0;0;34;36;0;70;2020
09221;48;246;65;359;2;26;0;28;50;272;65;387;42;176;69;287;1;29;6;36;43;205;75;323;90;422;134;646;3;55;6;64;93;477;140;710;2020
09223;12;15;0;27;0;0;0;0;12;15;0;27;4;11;0;15;0;1;0;1;4;12;0;16;16;26;0;42;0;1;0;1;16;27;0;43;2020
09224;24;60;2;86;0;2;1;3;24;62;3;89;26;41;6;73;0;3;0;3;26;44;6;76;50;101;8;159;0;5;1;6;50;106;9;165;2020
09225;22;26;0;48;0;0;0;0;22;26;0;48;23;7;3;33;0;0;0;0;23;7;3;33;45;33;3;81;0;0;0;0;45;33;3;81;2020
09226;16;18;0;34;0;0;0;0;16;18;0;34;14;8;0;22;0;0;0;0;14;8;0;22;30;26;0;56;0;0;0;0;30;26;0;56;2020
09227;18;47;2;67;0;10;1;11;18;57;3;78;21;25;4;50;1;12;1;14;22;37;5;64;39;72;6;117;1;22;2;25;40;94;8;142;2020
09228;32;52;8;92;0;2;0;2;32;54;8;94;33;38;6;77;0;0;0;0;33;38;6;77;65;90;14;169;0;2;0;2;65;92;14;171;2020
09229;37;53;14;104;1;8;2;11;38;61;16;115;36;49;6;91;1;9;4;14;37;58;10;105;73;102;20;195;2;17;6;25;75;119;26;220;2020
09230;7;9;0;16;0;0;0;0;7;9;0;16;15;2;0;17;0;0;0;0;15;2;0;17;22;11;0;33;0;0;0;0;22;11;0;33;2020
09231;19;23;0;42;0;0;0;0;19;23;0;42;11;4;0;15;0;0;0;0;11;4;0;15;30;27;0;57;0;0;0;0;30;27;0;57;2020
09232;27;54;2;83;0;3;1;4;27;57;3;87;36;23;1;60;1;4;1;6;37;27;2;66;63;77;3;143;1;7;2;10;64;84;5;153;2020
09235;38;44;7;89;0;19;2;21;38;63;9;110;33;27;8;68;1;10;2;13;34;37;10;81;71;71;15;157;1;29;4;34;72;100;19;191;2020
09236;11;9;0;20;0;0;0;0;11;9;0;20;9;8;0;17;0;0;0;0;9;8;0;17;20;17;0;37;0;0;0;0;20;17;0;37;2020
09238;218;269;31;518;0;6;2;8;218;275;33;526;265;175;24;464;1;12;0;13;266;187;24;477;483;444;55;982;1;18;2;21;484;462;57;1003;2020
09239;7;20;1;28;0;3;0;3;7;23;1;31;8;13;1;22;0;1;0;1;8;14;1;23;15;33;2;50;0;4;0;4;15;37;2;54;2020
09241;28;113;29;170;0;13;6;19;28;126;35;189;19;88;24;131;1;15;3;19;20;103;27;150;47;201;53;301;1;28;9;38;48;229;62;339;2020
09242;23;18;1;42;1;5;0;6;24;23;1;48;19;10;0;29;1;2;0;3;20;12;0;32;42;28;1;71;2;7;0;9;44;35;1;80;2020
09243;11;34;3;48;0;1;0;1;11;35;3;49;14;14;1;29;0;1;0;1;14;15;1;30;25;48;4;77;0;2;0;2;25;50;4;79;2020
09244;6;14;0;20;0;1;0;1;6;15;0;21;15;8;0;23;0;2;0;2;15;10;0;25;21;22;0;43;0;3;0;3;21;25;0;46;2020
09246;98;206;31;335;0;17;5;22;98;223;36;357;129;163;28;320;0;20;4;24;129;183;32;344;227;369;59;655;0;37;9;46;227;406;68;701;2020
09247;4;7;1;12;0;0;0;0;4;7;1;12;3;6;2;11;0;1;0;1;3;7;2;12;7;13;3;23;0;1;0;1;7;14;3;24;2020
09248;18;32;0;50;0;0;0;0;18;32;0;50;14;19;2;35;0;0;0;0;14;19;2;35;32;51;2;85;0;0;0;0;32;51;2;85;2020
09249;10;17;1;28;0;0;0;0;10;17;1;28;9;12;1;22;0;0;0;0;9;12;1;22;19;29;2;50;0;0;0;0;19;29;2;50;2020
09250;50;95;9;154;1;5;1;7;51;100;10;161;59;63;8;130;0;6;1;7;59;69;9;137;109;158;17;284;1;11;2;14;110;169;19;298;2020
09251;64;135;20;219;0;5;5;10;64;140;25;229;70;97;20;187;0;11;2;13;70;108;22;200;134;232;40;406;0;16;7;23;134;248;47;429;2020
09253;14;49;6;69;0;2;0;2;14;51;6;71;15;28;4;47;0;0;0;0;15;28;4;47;29;77;10;116;0;2;0;2;29;79;10;118;2020
09255;25;25;0;50;0;0;0;0;25;25;0;50;19;12;1;32;0;1;0;1;19;13;1;33;44;37;1;82;0;1;0;1;44;38;1;83;2020
09256;69;101;15;185;3;85;12;100;72;186;27;285;63;84;22;169;2;35;9;46;65;119;31;215;132;185;37;354;5;120;21;146;137;305;58;500;2020
09257;17;33;1;51;0;2;0;2;17;35;1;53;11;23;1;35;0;1;0;1;11;24;1;36;28;56;2;86;0;3;0;3;28;59;2;89;2020
09258;31;55;5;91;0;0;0;0;31;55;5;91;46;29;3;78;0;0;0;0;46;29;3;78;77;84;8;169;0;0;0;0;77;84;8;169;2020
09259;39;101;2;142;0;3;2;5;39;104;4;147;39;57;3;99;0;2;0;2;39;59;3;101;78;158;5;241;0;5;2;7;78;163;7;248;2020
09261;71;149;33;253;0;6;0;6;71;155;33;259;99;121;23;243;2;12;0;14;101;133;23;257;170;270;56;496;2;18;0;20;172;288;56;516;2020
09262;31;60;3;94;0;1;1;2;31;61;4;96;34;32;5;71;0;4;1;5;34;36;6;76;65;92;8;165;0;5;2;7;65;97;10;172;2020
09265;10;17;3;30;0;1;0;1;10;18;3;31;9;8;0;17;0;0;0;0;9;8;0;17;19;25;3;47;0;1;0;1;19;26;3;48;2020
09266;23;39;0;62;0;1;0;1;23;40;0;63;13;21;0;34;0;1;0;1;13;22;0;35;36;60;0;96;0;2;0;2;36;62;0;98;2020
09267;26;42;2;70;0;0;0;0;26;42;2;70;27;20;4;51;0;0;0;0;27;20;4;51;53;62;6;121;0;0;0;0;53;62;6;121;2020
09268;21;32;0;53;0;1;0;1;21;33;0;54;20;15;1;36;0;2;0;2;20;17;1;38;41;47;1;89;0;3;0;3;41;50;1;92;2020
09269;6;12;0;18;0;1;0;1;6;13;0;19;4;7;2;13;2;3;0;5;6;10;2;18;10;19;2;31;2;4;0;6;12;23;2;37;2020
09270;28;64;1;93;0;1;1;2;28;65;2;95;33;34;3;70;1;2;0;3;34;36;3;73;61;98;4;163;1;3;1;5;62;101;5;168;2020
09272;43;91;9;143;1;4;0;5;44;95;9;148;52;59;2;113;2;11;0;13;54;70;2;126;95;150;11;256;3;15;0;18;98;165;11;274;2020
09273;7;25;1;33;0;0;0;0;7;25;1;33;6;12;1;19;0;0;0;0;6;12;1;19;13;37;2;52;0;0;0;0;13;37;2;52;2020
09274;167;353;46;566;0;8;2;10;167;361;48;576;224;299;39;562;2;11;0;13;226;310;39;575;391;652;85;1128;2;19;2;23;393;671;87;1151;2020
09275;40;64;1;105;0;4;1;5;40;68;2;110;33;36;1;70;0;4;0;4;33;40;1;74;73;100;2;175;0;8;1;9;73;108;3;184;2020
09276;27;187;44;258;1;12;3;16;28;199;47;274;19;159;37;215;2;11;0;13;21;170;37;228;46;346;81;473;3;23;3;29;49;369;84;502;2020
09277;33;41;0;74;0;1;0;1;33;42;0;75;17;14;0;31;0;2;1;3;17;16;1;34;50;55;0;105;0;3;1;4;50;58;1;109;2020
09279;35;68;12;115;0;33;2;35;35;101;14;150;35;32;5;72;1;22;5;28;36;54;10;100;70;100;17;187;1;55;7;63;71;155;24;250;2020
09280;4;9;0;13;0;0;0;0;4;9;0;13;6;4;0;10;0;0;0;0;6;4;0;10;10;13;0;23;0;0;0;0;10;13;0;23;2020
09281;26;45;6;77;0;5;0;5;26;50;6;82;25;39;5;69;0;5;0;5;25;44;5;74;51;84;11;146;0;10;0;10;51;94;11;156;2020
09283;14;7;1;22;0;0;0;0;14;7;1;22;12;9;1;22;0;0;0;0;12;9;1;22;26;16;2;44;0;0;0;0;26;16;2;44;2020
09287;15;100;25;140;0;6;0;6;15;106;25;146;12;73;20;105;0;10;0;10;12;83;20;115;27;173;45;245;0;16;0;16;27;189;45;261;2020
09288;17;31;3;51;0;8;0;8;17;39;3;59;16;22;3;41;1;7;2;10;17;29;5;51;33;53;6;92;1;15;2;18;34;68;8;110;2020
09289;279;451;57;787;0;54;8;62;279;505;65;849;290;329;62;681;5;56;12;73;295;385;74;754;569;780;119;1468;5;110;20;135;574;890;139;1603;2020
09292;12;32;0;44;0;0;0;0;12;32;0;44;12;18;0;30;0;0;0;0;12;18;0;30;24;50;0;74;0;0;0;0;24;50;0;74;2020
09294;14;44;6;64;1;0;0;1;15;44;6;65;14;27;2;43;1;1;0;2;15;28;2;45;28;71;8;107;2;1;0;3;30;72;8;110;2020
09295;5;21;2;28;0;0;0;0;5;21;2;28;11;14;1;26;0;0;0;0;11;14;1;26;16;35;3;54;0;0;0;0;16;35;3;54;2020
09297;51;133;19;203;1;9;1;11;52;142;20;214;36;86;17;139;2;7;0;9;38;93;17;148;87;219;36;342;3;16;1;20;90;235;37;362;2020
09298;15;30;0;45;0;3;0;3;15;33;0;48;14;13;1;28;0;3;0;3;14;16;1;31;29;43;1;73;0;6;0;6;29;49;1;79;2020
09301;57;299;67;423;0;12;2;14;57;311;69;437;59;246;65;370;0;11;2;13;59;257;67;383;116;545;132;793;0;23;4;27;116;568;136;820;2020
09302;30;32;1;63;0;0;0;0;30;32;1;63;22;14;1;37;0;2;0;2;22;16;1;39;52;46;2;100;0;2;0;2;52;48;2;102;2020
09303;19;26;3;48;0;0;0;0;19;26;3;48;13;16;1;30;0;2;0;2;13;18;1;32;32;42;4;78;0;2;0;2;32;44;4;80;2020
09304;37;65;9;111;0;2;1;3;37;67;10;114;40;60;13;113;0;2;0;2;40;62;13;115;77;125;22;224;0;4;1;5;77;129;23;229;2020
09306;21;35;1;57;0;2;1;3;21;37;2;60;19;25;0;44;0;2;0;2;19;27;0;46;40;60;1;101;0;4;1;5;40;64;2;106;2020
09307;24;42;1;67;0;1;0;1;24;43;1;68;10;23;2;35;0;0;0;0;10;23;2;35;34;65;3;102;0;1;0;1;34;66;3;103;2020
09308;14;20;2;36;0;0;0;0;14;20;2;36;14;12;3;29;0;1;0;1;14;13;3;30;28;32;5;65;0;1;0;1;28;33;5;66;2020
09309;43;105;14;162;0;13;1;14;43;118;15;176;57;82;10;149;0;7;2;9;57;89;12;158;100;187;24;311;0;20;3;23;100;207;27;334;2020
09310;4;6;0;10;0;0;0;0;4;6;0;10;1;4;0;5;0;0;0;0;1;4;0;5;5;10;0;15;0;0;0;0;5;10;0;15;2020
09311;17;21;0;38;0;0;0;0;17;21;0;38;6;15;3;24;0;0;0;0;6;15;3;24;23;36;3;62;0;0;0;0;23;36;3;62;2020
09312;11;41;5;57;0;0;0;0;11;41;5;57;19;17;5;41;0;2;0;2;19;19;5;43;30;58;10;98;0;2;0;2;30;60;10;100;2020
09314;29;30;2;61;0;1;0;1;29;31;2;62;15;19;1;35;0;1;2;3;15;20;3;38;44;49;3;96;0;2;2;4;44;51;5;100;2020
09315;24;183;42;249;2;15;4;21;26;198;46;270;20;158;57;235;2;14;2;18;22;172;59;253;44;341;99;484;4;29;6;39;48;370;105;523;2020
09316;22;39;1;62;0;1;0;1;22;40;1;63;17;21;2;40;0;0;1;1;17;21;3;41;39;60;3;102;0;1;1;2;39;61;4;104;2020
09317;5;3;0;8;0;0;0;0;5;3;0;8;6;7;0;13;0;0;0;0;6;7;0;13;11;10;0;21;0;0;0;0;11;10;0;21;2020
09318;20;14;2;36;0;0;0;0;20;14;2;36;14;5;0;19;0;0;0;0;14;5;0;19;34;19;2;55;0;0;0;0;34;19;2;55;2020
09321;238;568;119;925;6;134;26;166;244;702;145;1091;299;484;132;915;1;136;24;161;300;620;156;1076;537;1052;251;1840;7;270;50;327;544;1322;301;2167;2020
09323;13;28;2;43;0;2;0;2;13;30;2;45;9;8;0;17;0;1;0;1;9;9;0;18;22;36;2;60;0;3;0;3;22;39;2;63;2020
09325;46;56;1;103;0;1;0;1;46;57;1;104;48;21;1;70;0;0;0;0;48;21;1;70;94;77;2;173;0;1;0;1;94;78;2;174;2020
09326;14;84;11;109;0;5;0;5;14;89;11;114;15;50;11;76;0;1;0;1;15;51;11;77;29;134;22;185;0;6;0;6;29;140;22;191;2020
09327;7;7;1;15;0;1;0;1;7;8;1;16;4;8;2;14;0;0;0;0;4;8;2;14;11;15;3;29;0;1;0;1;11;16;3;30;2020
09328;17;17;0;34;0;0;0;0;17;17;0;34;18;16;0;34;0;1;0;1;18;17;0;35;35;33;0;68;0;1;0;1;35;34;0;69;2020
09329;10;52;8;70;0;4;0;4;10;56;8;74;16;31;6;53;0;3;1;4;16;34;7;57;26;83;14;123;0;7;1;8;26;90;15;131;2020
09330;232;534;107;873;4;121;24;149;236;655;131;1022;266;467;100;833;7;108;17;132;273;575;117;965;498;1001;207;1706;11;229;41;281;509;1230;248;1987;2020
09332;15;67;12;94;0;7;1;8;15;74;13;102;16;44;14;74;0;4;0;4;16;48;14;78;31;111;26;168;0;11;1;12;31;122;27;180;2020
09334;12;27;1;40;0;1;0;1;12;28;1;41;4;8;0;12;0;1;0;1;4;9;0;13;16;35;1;52;0;2;0;2;16;37;1;54;2020
09335;15;39;0;54;1;0;0;1;16;39;0;55;11;18;0;29;0;1;0;1;11;19;0;30;26;57;0;83;1;1;0;2;27;58;0;85;2020
09337;17;49;4;70;1;10;1;12;18;59;5;82;15;31;8;54;1;9;3;13;16;40;11;67;32;80;12;124;2;19;4;25;34;99;16;149;2020
09338;22;108;26;156;0;7;0;7;22;115;26;163;17;87;16;120;0;3;1;4;17;90;17;124;39;195;42;276;0;10;1;11;39;205;43;287;2020
09339;32;43;2;77;0;13;0;13;32;56;2;90;37;14;2;53;0;7;0;7;37;21;2;60;69;57;4;130;0;20;0;20;69;77;4;150;2020
09340;19;31;0;50;0;0;0;0;19;31;0;50;9;13;0;22;0;0;0;0;9;13;0;22;28;44;0;72;0;0;0;0;28;44;0;72;2020
09343;21;38;1;60;0;1;0;1;21;39;1;61;12;22;2;36;0;1;0;1;12;23;2;37;33;60;3;96;0;2;0;2;33;62;3;98;2020
09345;28;42;5;75;0;11;0;11;28;53;5;86;17;28;0;45;0;9;0;9;17;37;0;54;45;70;5;120;0;20;0;20;45;90;5;140;2020
09346;21;39;6;66;0;0;0;0;21;39;6;66;13;18;1;32;0;1;0;1;13;19;1;33;34;57;7;98;0;1;0;1;34;58;7;99;2020
09347;20;49;5;74;1;3;0;4;21;52;5;78;25;40;6;71;0;3;1;4;25;43;7;75;45;89;11;145;1;6;1;8;46;95;12;153;2020
09348;19;56;0;75;1;2;0;3;20;58;0;78;22;34;3;59;0;2;0;2;22;36;3;61;41;90;3;134;1;4;0;5;42;94;3;139;2020
09350;77;154;17;248;0;26;7;33;77;180;24;281;82;113;13;208;1;22;5;28;83;135;18;236;159;267;30;456;1;48;12;61;160;315;42;517;2020
09351;17;27;1;45;0;0;0;0;17;27;1;45;7;11;0;18;0;0;0;0;7;11;0;18;24;38;1;63;0;0;0;0;24;38;1;63;2020
09352;28;37;0;65;0;2;0;2;28;39;0;67;18;15;0;33;0;1;0;1;18;16;0;34;46;52;0;98;0;3;0;3;46;55;0;101;2020
09353;16;30;3;49;2;5;0;7;18;35;3;56;15;16;2;33;1;2;0;3;16;18;2;36;31;46;5;82;3;7;0;10;34;53;5;92;2020
09354;10;12;4;26;0;0;0;0;10;12;4;26;7;3;1;11;0;0;0;0;7;3;1;11;17;15;5;37;0;0;0;0;17;15;5;37;2020
09355;21;21;1;43;0;2;0;2;21;23;1;45;18;16;0;34;0;0;0;0;18;16;0;34;39;37;1;77;0;2;0;2;39;39;1;79;2020
09356;8;20;0;28;0;1;0;1;8;21;0;29;5;12;1;18;0;0;0;0;5;12;1;18;13;32;1;46;0;1;0;1;13;33;1;47;2020
09358;70;86;6;162;0;5;1;6;70;91;7;168;43;47;4;94;0;11;0;11;43;58;4;105;113;133;10;256;0;16;1;17;113;149;11;273;2020
09360;5;16;0;21;0;0;0;0;5;16;0;21;3;3;0;6;0;0;0;0;3;3;0;6;8;19;0;27;0;0;0;0;8;19;0;27;2020
09361;27;36;0;63;0;0;0;0;27;36;0;63;29;17;2;48;0;0;0;0;29;17;2;48;56;53;2;111;0;0;0;0;56;53;2;111;2020
09362;26;87;15;128;0;3;0;3;26;90;15;131;26;68;19;113;0;4;0;4;26;72;19;117;52;155;34;241;0;7;0;7;52;162;34;248;2020
09363;174;348;24;546;0;3;3;6;174;351;27;552;189;193;20;402;2;5;1;8;191;198;21;410;363;541;44;948;2;8;4;14;365;549;48;962;2020
09365;8;10;0;18;0;1;0;1;8;11;0;19;4;2;1;7;0;1;0;1;4;3;1;8;12;12;1;25;0;2;0;2;12;14;1;27;2020
09366;19;24;0;43;0;0;0;0;19;24;0;43;19;13;1;33;0;1;0;1;19;14;1;34;38;37;1;76;0;1;0;1;38;38;1;77;2020
09368;11;5;0;16;0;2;2;4;11;7;2;20;7;4;0;11;0;1;1;2;7;5;1;13;18;9;0;27;0;3;3;6;18;12;3;33;2020
09369;68;147;23;238;1;8;2;11;69;155;25;249;73;127;16;216;1;6;3;10;74;133;19;226;141;274;39;454;2;14;5;21;143;288;44;475;2020
09372;16;99;32;147;0;1;1;2;16;100;33;149;16;84;20;120;0;3;1;4;16;87;21;124;32;183;52;267;0;4;2;6;32;187;54;273;2020
09373;87;149;7;243;0;3;3;6;87;152;10;249;81;81;10;172;0;8;3;11;81;89;13;183;168;230;17;415;0;11;6;17;168;241;23;432;2020
09374;12;51;9;72;0;0;1;1;12;51;10;73;11;27;4;42;0;1;0;1;11;28;4;43;23;78;13;114;0;1;1;2;23;79;14;116;2020
09375;3;21;0;24;0;0;0;0;3;21;0;24;6;13;1;20;0;0;0;0;6;13;1;20;9;34;1;44;0;0;0;0;9;34;1;44;2020
09377;89;247;73;409;0;7;0;7;89;254;73;416;88;220;45;353;0;12;2;14;88;232;47;367;177;467;118;762;0;19;2;21;177;486;120;783;2020
09378;2;15;1;18;0;1;0;1;2;16;1;19;3;12;0;15;0;0;0;0;3;12;0;15;5;27;1;33;0;1;0;1;5;28;1;34;2020
09380;20;14;0;34;0;4;0;4;20;18;0;38;14;20;1;35;0;4;0;4;14;24;1;39;34;34;1;69;0;8;0;8;34;42;1;77;2020
09381;11;6;0;17;0;2;0;2;11;8;0;19;11;3;0;14;0;1;0;1;11;4;0;15;22;9;0;31;0;3;0;3;22;12;0;34;2020
09382;7;10;0;17;0;0;0;0;7;10;0;17;2;3;0;5;0;0;0;0;2;3;0;5;9;13;0;22;0;0;0;0;9;13;0;22;2020
09384;46;114;11;171;0;9;3;12;46;123;14;183;53;80;9;142;0;7;2;9;53;87;11;151;99;194;20;313;0;16;5;21;99;210;25;334;2020
09386;11;23;5;39;0;0;0;0;11;23;5;39;6;19;6;31;0;1;1;2;6;20;7;33;17;42;11;70;0;1;1;2;17;43;12;72;2020
09387;22;45;5;72;0;1;1;2;22;46;6;74;21;17;3;41;0;3;3;6;21;20;6;47;43;62;8;113;0;4;4;8;43;66;12;121;2020
09388;3;15;0;18;0;0;0;0;3;15;0;18;1;12;0;13;0;0;0;0;1;12;0;13;4;27;0;31;0;0;0;0;4;27;0;31;2020
09389;15;23;1;39;0;2;0;2;15;25;1;41;18;9;0;27;0;2;0;2;18;11;0;29;33;32;1;66;0;4;0;4;33;36;1;70;2020
09390;99;201;11;311;0;11;0;11;99;212;11;322;102;156;12;270;1;9;2;12;103;165;14;282;201;357;23;581;1;20;2;23;202;377;25;604;2020
09391;75;114;9;198;1;25;5;31;76;139;14;229;72;77;16;165;1;31;7;39;73;108;23;204;147;191;25;363;2;56;12;70;149;247;37;433;2020
09392;8;19;0;27;0;1;0;1;8;20;0;28;10;11;3;24;0;0;0;0;10;11;3;24;18;30;3;51;0;1;0;1;18;31;3;52;2020
09394;106;237;23;366;1;16;3;20;107;253;26;386;154;176;26;356;1;22;6;29;155;198;32;385;260;413;49;722;2;38;9;49;262;451;58;771;2020
09395;34;43;2;79;0;3;0;3;34;46;2;82;22;21;5;48;0;3;3;6;22;24;8;54;56;64;7;127;0;6;3;9;56;70;10;136;2020
09396;33;51;3;87;0;6;0;6;33;57;3;93;36;33;4;73;0;3;0;3;36;36;4;76;69;84;7;160;0;9;0;9;69;93;7;169;2020
09398;14;33;0;47;0;0;0;0;14;33;0;47;10;13;2;25;0;0;0;0;10;13;2;25;24;46;2;72;0;0;0;0;24;46;2;72;2020
09400;53;115;17;185;1;5;1;7;54;120;18;192;52;82;13;147;1;5;0;6;53;87;13;153;105;197;30;332;2;10;1;13;107;207;31;345;2020
09403;20;40;0;60;1;0;0;1;21;40;0;61;17;22;2;41;0;2;0;2;17;24;2;43;37;62;2;101;1;2;0;3;38;64;2;104;2020
09405;30;40;3;73;0;4;0;4;30;44;3;77;29;25;3;57;0;0;0;0;29;25;3;57;59;65;6;130;0;4;0;4;59;69;6;134;2020
09406;17;120;24;161;3;9;2;14;20;129;26;175;26;74;16;116;1;5;0;6;27;79;16;122;43;194;40;277;4;14;2;20;47;208;42;297;2020
09407;2;9;1;12;0;0;0;0;2;9;1;12;6;7;0;13;0;0;0;0;6;7;0;13;8;16;1;25;0;0;0;0;8;16;1;25;2020
09408;13;14;0;27;0;0;0;0;13;14;0;27;7;6;0;13;0;0;0;0;7;6;0;13;20;20;0;40;0;0;0;0;20;20;0;40;2020
09409;17;39;6;62;3;0;0;3;20;39;6;65;24;29;2;55;0;2;0;2;24;31;2;57;41;68;8;117;3;2;0;5;44;70;8;122;2020
09410;374;1179;259;1812;2;101;26;129;376;1280;285;1941;483;1011;241;1735;4;105;20;129;487;1116;261;1864;857;2190;500;3547;6;206;46;258;863;2396;546;3805;2020
09411;30;61;3;94;0;2;2;4;30;63;5;98;25;36;1;62;0;4;1;5;25;40;2;67;55;97;4;156;0;6;3;9;55;103;7;165;2020
09412;143;277;35;455;0;36;8;44;143;313;43;499;154;178;38;370;2;32;6;40;156;210;44;410;297;455;73;825;2;68;14;84;299;523;87;909;2020
09413;70;142;14;226;0;10;2;12;70;152;16;238;80;104;18;202;1;11;4;16;81;115;22;218;150;246;32;428;1;21;6;28;151;267;38;456;2020
09414;44;60;2;106;0;5;0;5;44;65;2;111;34;36;3;73;0;2;0;2;34;38;3;75;78;96;5;179;0;7;0;7;78;103;5;186;2020
09415;45;111;12;168;1;12;1;14;46;123;13;182;56;64;14;134;1;12;1;14;57;76;15;148;101;175;26;302;2;24;2;28;103;199;28;330;2020
09416;7;23;0;30;1;0;0;1;8;23;0;31;6;15;1;22;0;0;0;0;6;15;1;22;13;38;1;52;1;0;0;1;14;38;1;53;2020
09417;12;12;0;24;0;0;0;0;12;12;0;24;9;8;1;18;0;0;0;0;9;8;1;18;21;20;1;42;0;0;0;0;21;20;1;42;2020
09418;13;24;0;37;0;2;0;2;13;26;0;39;10;26;1;37;0;1;2;3;10;27;3;40;23;50;1;74;0;3;2;5;23;53;3;79;2020
09419;19;25;0;44;1;2;0;3;20;27;0;47;7;14;0;21;0;2;1;3;7;16;1;24;26;39;0;65;1;4;1;6;27;43;1;71;2020
09421;52;82;9;143;0;3;1;4;52;85;10;147;41;56;2;99;0;3;1;4;41;59;3;103;93;138;11;242;0;6;2;8;93;144;13;250;2020
09422;7;10;1;18;0;0;0;0;7;10;1;18;6;7;0;13;0;0;0;0;6;7;0;13;13;17;1;31;0;0;0;0;13;17;1;31;2020
09423;5;12;0;17;0;0;0;0;5;12;0;17;4;6;0;10;0;0;0;0;4;6;0;10;9;18;0;27;0;0;0;0;9;18;0;27;2020
09424;9;11;1;21;0;2;0;2;9;13;1;23;6;5;2;13;0;3;0;3;6;8;2;16;15;16;3;34;0;5;0;5;15;21;3;39;2020
09425;93;175;7;275;0;6;2;8;93;181;9;283;97;121;10;228;0;4;1;5;97;125;11;233;190;296;17;503;0;10;3;13;190;306;20;516;2020
09427;278;492;32;802;0;22;7;29;278;514;39;831;267;319;40;626;2;32;9;43;269;351;49;669;545;811;72;1428;2;54;16;72;547;865;88;1500;2020
09428;28;28;1;57;0;0;0;0;28;28;1;57;23;17;3;43;0;0;0;0;23;17;3;43;51;45;4;100;0;0;0;0;51;45;4;100;2020
09429;14;27;0;41;1;1;0;2;15;28;0;43;8;6;0;14;0;1;0;1;8;7;0;15;22;33;0;55;1;2;0;3;23;35;0;58;2020
09430;8;7;0;15;0;1;0;1;8;8;0;16;6;4;0;10;0;1;0;1;6;5;0;11;14;11;0;25;0;2;0;2;14;13;0;27;2020
09431;29;37;3;69;0;0;0;0;29;37;3;69;19;23;1;43;1;0;0;1;20;23;1;44;48;60;4;112;1;0;0;1;49;60;4;113;2020
09432;35;64;3;102;0;1;0;1;35;65;3;103;34;33;5;72;0;1;0;1;34;34;5;73;69;97;8;174;0;2;0;2;69;99;8;176;2020
09433;16;21;1;38;0;0;0;0;16;21;1;38;10;11;1;22;0;1;0;1;10;12;1;23;26;32;2;60;0;1;0;1;26;33;2;61;2020
09434;83;600;222;905;1;58;14;73;84;658;236;978;85;563;184;832;1;38;10;49;86;601;194;881;168;1163;406;1737;2;96;24;122;170;1259;430;1859;2020
09437;57;84;6;147;0;4;1;5;57;88;7;152;55;70;4;129;0;5;1;6;55;75;5;135;112;154;10;276;0;9;2;11;112;163;12;287;2020
09438;59;239;48;346;0;25;3;28;59;264;51;374;61;205;39;305;0;21;5;26;61;226;44;331;120;444;87;651;0;46;8;54;120;490;95;705;2020
09439;70;527;130;727;1;36;8;45;71;563;138;772;60;413;141;614;2;29;6;37;62;442;147;651;130;940;271;1341;3;65;14;82;133;1005;285;1423;2020
09440;23;25;0;48;1;3;3;7;24;28;3;55;19;9;0;28;0;2;0;2;19;11;0;30;42;34;0;76;1;5;3;9;43;39;3;85;2020
09441;17;35;2;54;0;0;0;0;17;35;2;54;13;28;2;43;0;0;0;0;13;28;2;43;30;63;4;97;0;0;0;0;30;63;4;97;2020
09442;66;137;15;218;0;11;1;12;66;148;16;230;62;104;12;178;0;10;2;12;62;114;14;190;128;241;27;396;0;21;3;24;128;262;30;420;2020
09443;26;48;2;76;0;1;0;1;26;49;2;77;30;46;1;77;0;11;0;11;30;57;1;88;56;94;3;153;0;12;0;12;56;106;3;165;2020
09444;13;18;1;32;0;0;0;0;13;18;1;32;15;14;0;29;0;0;0;0;15;14;0;29;28;32;1;61;0;0;0;0;28;32;1;61;2020
09445;14;18;0;32;0;0;0;0;14;18;0;32;7;5;0;12;0;0;0;0;7;5;0;12;21;23;0;44;0;0;0;0;21;23;0;44;2020
09446;3;5;0;8;0;0;0;0;3;5;0;8;1;2;0;3;0;0;0;0;1;2;0;3;4;7;0;11;0;0;0;0;4;7;0;11;2020
09447;8;18;1;27;0;0;0;0;8;18;1;27;9;8;0;17;0;0;0;0;9;8;0;17;17;26;1;44;0;0;0;0;17;26;1;44;2020
09448;40;83;1;124;0;6;1;7;40;89;2;131;47;33;4;84;0;2;0;2;47;35;4;86;87;116;5;208;0;8;1;9;87;124;6;217;2020
09449;20;35;7;62;0;2;0;2;20;37;7;64;18;18;5;41;0;7;2;9;18;25;7;50;38;53;12;103;0;9;2;11;38;62;14;114;2020
09450;10;6;0;16;0;0;0;0;10;6;0;16;4;4;1;9;0;1;0;1;4;5;1;10;14;10;1;25;0;1;0;1;14;11;1;26;2020
09451;43;84;5;132;0;10;1;11;43;94;6;143;46;68;9;123;0;6;1;7;46;74;10;130;89;152;14;255;0;16;2;18;89;168;16;273;2020
09454;6;20;1;27;0;0;0;0;6;20;1;27;7;7;0;14;0;0;0;0;7;7;0;14;13;27;1;41;0;0;0;0;13;27;1;41;2020
09455;8;18;1;27;0;0;0;0;8;18;1;27;5;13;1;19;0;0;0;0;5;13;1;19;13;31;2;46;0;0;0;0;13;31;2;46;2020
09456;22;50;3;75;0;6;2;8;22;56;5;83;26;33;7;66;1;10;0;11;27;43;7;77;48;83;10;141;1;16;2;19;49;99;12;160;2020
09458;39;239;73;351;0;6;1;7;39;245;74;358;27;190;66;283;1;3;0;4;28;193;66;287;66;429;139;634;1;9;1;11;67;438;140;645;2020
09460;38;55;7;100;0;1;0;1;38;56;7;101;37;36;4;77;1;1;0;2;38;37;4;79;75;91;11;177;1;2;0;3;76;93;11;180;2020
09463;47;109;2;158;0;5;1;6;47;114;3;164;37;54;5;96;0;3;1;4;37;57;6;100;84;163;7;254;0;8;2;10;84;171;9;264;2020
09464;8;11;0;19;0;1;0;1;8;12;0;20;9;4;3;16;0;1;0;1;9;5;3;17;17;15;3;35;0;2;0;2;17;17;3;37;2020
09466;32;35;0;67;0;0;0;0;32;35;0;67;30;12;2;44;0;1;0;1;30;13;2;45;62;47;2;111;0;1;0;1;62;48;2;112;2020
09467;16;27;1;44;0;7;0;7;16;34;1;51;8;7;2;17;0;5;1;6;8;12;3;23;24;34;3;61;0;12;1;13;24;46;4;74;2020
09471;14;68;17;99;0;6;0;6;14;74;17;105;22;49;17;88;0;1;1;2;22;50;18;90;36;117;34;187;0;7;1;8;36;124;35;195;2020
09472;9;21;0;30;1;0;0;1;10;21;0;31;10;11;1;22;0;0;0;0;10;11;1;22;19;32;1;52;1;0;0;1;20;32;1;53;2020
09473;14;37;0;51;0;0;0;0;14;37;0;51;16;22;0;38;0;0;0;0;16;22;0;38;30;59;0;89;0;0;0;0;30;59;0;89;2020
09476;16;31;0;47;0;0;0;0;16;31;0;47;11;14;0;25;0;0;0;0;11;14;0;25;27;45;0;72;0;0;0;0;27;45;0;72;2020
09478;8;24;0;32;0;0;0;0;8;24;0;32;6;5;1;12;0;0;0;0;6;5;1;12;14;29;1;44;0;0;0;0;14;29;1;44;2020
09480;25;31;2;58;0;1;0;1;25;32;2;59;30;23;0;53;0;0;0;0;30;23;0;53;55;54;2;111;0;1;0;1;55;55;2;112;2020
09482;12;9;0;21;0;0;0;0;12;9;0;21;9;4;0;13;0;0;0;0;9;4;0;13;21;13;0;34;0;0;0;0;21;13;0;34;2020
09483;28;71;6;105;0;1;0;1;28;72;6;106;33;55;13;101;0;2;1;3;33;57;14;104;61;126;19;206;0;3;1;4;61;129;20;210;2020
09485;12;19;0;31;0;0;0;0;12;19;0;31;13;9;0;22;0;0;0;0;13;9;0;22;25;28;0;53;0;0;0;0;25;28;0;53;2020
09901;68;103;5;176;0;15;1;16;68;118;6;192;82;75;3;160;0;8;0;8;82;83;3;168;150;178;8;336;0;23;1;24;150;201;9;360;2020
09902;84;173;14;271;0;4;1;5;84;177;15;276;64;126;12;202;1;4;0;5;65;130;12;207;148;299;26;473;1;8;1;10;149;307;27;483;2020
09903;442;1161;222;1825;12;171;57;240;454;1332;279;2065;533;1001;205;1739;9;170;28;207;542;1171;233;1946;975;2162;427;3564;21;341;85;447;996;2503;512;4011;2020
09904;66;212;20;298;1;4;0;5;67;216;20;303;72;111;19;202;0;4;0;4;72;115;19;206;138;323;39;500;1;8;0;9;139;331;39;509;2020
09905;61;164;7;232;0;7;0;7;61;171;7;239;51;105;14;170;1;9;2;12;52;114;16;182;112;269;21;402;1;16;2;19;113;285;23;421;2020
09906;174;505;77;756;2;31;5;38;176;536;82;794;164;351;80;595;0;26;3;29;164;377;83;624;338;856;157;1351;2;57;8;67;340;913;165;1418;2020
09907;111;718;256;1085;2;53;9;64;113;771;265;1149;100;655;222;977;5;39;9;53;105;694;231;1030;211;1373;478;2062;7;92;18;117;218;1465;496;2179;2020
09908;76;175;11;262;0;11;3;14;76;186;14;276;63;111;21;195;0;10;0;10;63;121;21;205;139;286;32;457;0;21;3;24;139;307;35;481;2020
10001;49;107;25;181;0;1;1;2;49;108;26;183;44;86;20;150;0;2;1;3;44;88;21;153;93;193;45;331;0;3;2;5;93;196;47;336;2020
10002;53;129;15;197;0;3;0;3;53;132;15;200;68;111;19;198;1;5;0;6;69;116;19;204;121;240;34;395;1;8;0;9;122;248;34;404;2020
10003;101;150;19;270;0;3;1;4;101;153;20;274;104;144;27;275;3;4;1;8;107;148;28;283;205;294;46;545;3;7;2;12;208;301;48;557;2020
10004;85;269;52;406;0;2;0;2;85;271;52;408;116;222;54;392;0;2;0;2;116;224;54;394;201;491;106;798;0;4;0;4;201;495;106;802;2020
10005;77;187;40;304;0;2;0;2;77;189;40;306;98;162;31;291;0;3;0;3;98;165;31;294;175;349;71;595;0;5;0;5;175;354;71;600;2020
10006;202;440;62;704;0;3;4;7;202;443;66;711;227;377;61;665;0;4;1;5;227;381;62;670;429;817;123;1369;0;7;5;12;429;824;128;1381;2020
10007;91;226;22;339;0;12;0;12;91;238;22;351;120;175;13;308;0;8;2;10;120;183;15;318;211;401;35;647;0;20;2;22;211;421;37;669;2020
10008;181;450;57;688;1;9;3;13;182;459;60;701;234;405;64;703;1;6;0;7;235;411;64;710;415;855;121;1391;2;15;3;20;417;870;124;1411;2020
10009;44;82;14;140;0;4;0;4;44;86;14;144;57;67;13;137;0;1;0;1;57;68;13;138;101;149;27;277;0;5;0;5;101;154;27;282;2020
10010;277;866;156;1299;1;25;4;30;278;891;160;1329;333;726;126;1185;2;35;3;40;335;761;129;1225;610;1592;282;2484;3;60;7;70;613;1652;289;2554;2020
10011;79;183;21;283;1;3;1;5;80;186;22;288;95;149;19;263;3;4;3;10;98;153;22;273;174;332;40;546;4;7;4;15;178;339;44;561;2020
10012;75;190;17;282;0;2;0;2;75;192;17;284;110;182;20;312;1;5;0;6;111;187;20;318;185;372;37;594;1;7;0;8;186;379;37;602;2020
10013;36;102;16;154;0;4;3;7;36;106;19;161;52;73;8;133;0;4;0;4;52;77;8;137;88;175;24;287;0;8;3;11;88;183;27;298;2020
10014;232;665;98;995;1;6;1;8;233;671;99;1003;305;613;100;1018;3;15;3;21;308;628;103;1039;537;1278;198;2013;4;21;4;29;541;1299;202;2042;2020
10015;98;204;40;342;1;10;2;13;99;214;42;355;134;181;40;355;4;12;1;17;138;193;41;372;232;385;80;697;5;22;3;30;237;407;83;727;2020
10016;42;135;16;193;0;2;2;4;42;137;18;197;44;108;19;171;0;2;1;3;44;110;20;174;86;243;35;364;0;4;3;7;86;247;38;371;2020
10017;131;260;20;411;0;6;3;9;131;266;23;420;159;208;21;388;0;8;0;8;159;216;21;396;290;468;41;799;0;14;3;17;290;482;44;816;2020
10018;227;578;94;899;0;1;0;1;227;579;94;900;258;543;76;877;0;0;0;0;258;543;76;877;485;1121;170;1776;0;1;0;1;485;1122;170;1777;2020
10019;140;601;98;839;2;29;11;42;142;630;109;881;157;524;120;801;3;35;6;44;160;559;126;845;297;1125;218;1640;5;64;17;86;302;1189;235;1726;2020
10020;205;567;105;877;3;4;0;7;208;571;105;884;251;555;105;911;4;12;0;16;255;567;105;927;456;1122;210;1788;7;16;0;23;463;1138;210;1811;2020
10021;599;1893;331;2823;1;28;5;34;600;1921;336;2857;759;1781;342;2882;4;21;2;27;763;1802;344;2909;1358;3674;673;5705;5;49;7;61;1363;3723;680;5766;2020
10022;63;137;13;213;0;4;1;5;63;141;14;218;89;120;10;219;0;3;1;4;89;123;11;223;152;257;23;432;0;7;2;9;152;264;25;441;2020
10023;113;269;37;419;2;1;0;3;115;270;37;422;137;237;26;400;1;5;0;6;138;242;26;406;250;506;63;819;3;6;0;9;253;512;63;828;2020
10024;97;213;41;351;1;1;0;2;98;214;41;353;147;213;30;390;0;8;0;8;147;221;30;398;244;426;71;741;1;9;0;10;245;435;71;751;2020
10025;55;129;16;200;0;0;0;0;55;129;16;200;71;107;9;187;0;0;0;0;71;107;9;187;126;236;25;387;0;0;0;0;126;236;25;387;2020
10026;81;255;39;375;1;5;0;6;82;260;39;381;92;210;41;343;0;8;1;9;92;218;42;352;173;465;80;718;1;13;1;15;174;478;81;733;2020
10027;14;31;1;46;0;2;0;2;14;33;1;48;16;16;0;32;0;0;0;0;16;16;0;32;30;47;1;78;0;2;0;2;30;49;1;80;2020
10028;17;28;1;46;1;7;0;8;18;35;1;54;19;15;1;35;2;6;0;8;21;21;1;43;36;43;2;81;3;13;0;16;39;56;2;97;2020
10029;70;131;17;218;0;4;0;4;70;135;17;222;71;105;8;184;1;5;2;8;72;110;10;192;141;236;25;402;1;9;2;12;142;245;27;414;2020
10030;109;119;15;243;1;2;0;3;110;121;15;246;119;97;13;229;0;6;0;6;119;103;13;235;228;216;28;472;1;8;0;9;229;224;28;481;2020
10031;24;57;5;86;0;1;1;2;24;58;6;88;29;46;4;79;1;3;0;4;30;49;4;83;53;103;9;165;1;4;1;6;54;107;10;171;2020
10032;261;542;95;898;0;5;0;5;261;547;95;903;306;498;90;894;0;7;0;7;306;505;90;901;567;1040;185;1792;0;12;0;12;567;1052;185;1804;2020
10033;82;124;14;220;0;0;0;0;82;124;14;220;85;106;12;203;1;0;0;1;86;106;12;204;167;230;26;423;1;0;0;1;168;230;26;424;2020
10034;68;100;3;171;0;1;0;1;68;101;3;172;86;73;6;165;0;3;0;3;86;76;6;168;154;173;9;336;0;4;0;4;154;177;9;340;2020
10035;255;670;136;1061;2;23;5;30;257;693;141;1091;294;601;120;1015;2;17;4;23;296;618;124;1038;549;1271;256;2076;4;40;9;53;553;1311;265;2129;2020
10036;55;116;10;181;0;1;0;1;55;117;10;182;60;69;14;143;0;3;0;3;60;72;14;146;115;185;24;324;0;4;0;4;115;189;24;328;2020
10037;6992;30243;7586;44821;47;1062;174;1283;7039;31305;7760;46104;9921;31607;7124;48652;87;1251;161;1499;10008;32858;7285;50151;16913;61850;14710;93473;134;2313;335;2782;17047;64163;15045;96255;2020
10038;18;23;3;44;0;0;0;0;18;23;3;44;19;22;2;43;0;0;0;0;19;22;2;43;37;45;5;87;0;0;0;0;37;45;5;87;2020
10039;70;135;11;216;0;1;1;2;70;136;12;218;80;115;7;202;0;6;0;6;80;121;7;208;150;250;18;418;0;7;1;8;150;257;19;426;2020
10040;73;140;22;235;0;0;0;0;73;140;22;235;93;115;20;228;0;0;0;0;93;115;20;228;166;255;42;463;0;0;0;0;166;255;42;463;2020
10041;155;369;76;600;1;18;1;20;156;387;77;620;171;315;60;546;2;11;2;15;173;326;62;561;326;684;136;1146;3;29;3;35;329;713;139;1181;2020
10042;22;10;1;33;0;0;0;0;22;10;1;33;27;15;0;42;0;0;0;0;27;15;0;42;49;25;1;75;0;0;0;0;49;25;1;75;2020
10043;113;252;30;395;0;12;0;12;113;264;30;407;121;253;29;403;0;3;1;4;121;256;30;407;234;505;59;798;0;15;1;16;234;520;60;814;2020
10044;211;526;100;837;1;4;1;6;212;530;101;843;209;456;91;756;0;18;1;19;209;474;92;775;420;982;191;1593;1;22;2;25;421;1004;193;1618;2020
10045;139;319;47;505;0;3;0;3;139;322;47;508;203;282;36;521;1;6;0;7;204;288;36;528;342;601;83;1026;1;9;0;10;343;610;83;1036;2020
10046;28;65;9;102;0;0;0;0;28;65;9;102;42;46;6;94;0;1;0;1;42;47;6;95;70;111;15;196;0;1;0;1;70;112;15;197;2020
10047;105;362;67;534;2;10;3;15;107;372;70;549;131;329;67;527;1;7;1;9;132;336;68;536;236;691;134;1061;3;17;4;24;239;708;138;1085;2020
10048;54;46;3;103;0;6;2;8;54;52;5;111;65;34;2;101;0;8;0;8;65;42;2;109;119;80;5;204;0;14;2;16;119;94;7;220;2020
10049;355;1525;298;2178;1;37;7;45;356;1562;305;2223;461;1466;311;2238;3;29;6;38;464;1495;317;2276;816;2991;609;4416;4;66;13;83;820;3057;622;4499;2020
10050;215;276;47;538;0;12;3;15;215;288;50;553;229;253;41;523;1;6;1;8;230;259;42;531;444;529;88;1061;1;18;4;23;445;547;92;1084;2020
10051;99;98;4;201;0;0;1;1;99;98;5;202;106;88;2;196;0;2;0;2;106;90;2;198;205;186;6;397;0;2;1;3;205;188;7;400;2020
10052;26;50;7;83;0;2;0;2;26;52;7;85;43;35;4;82;1;2;0;3;44;37;4;85;69;85;11;165;1;4;0;5;70;89;11;170;2020
10053;47;92;12;151;0;1;0;1;47;93;12;152;57;62;12;131;0;0;0;0;57;62;12;131;104;154;24;282;0;1;0;1;104;155;24;283;2020
10054;74;179;14;267;0;2;0;2;74;181;14;269;113;151;18;282;0;1;0;1;113;152;18;283;187;330;32;549;0;3;0;3;187;333;32;552;2020
10055;99;265;51;415;0;5;0;5;99;270;51;420;106;231;51;388;0;2;1;3;106;233;52;391;205;496;102;803;0;7;1;8;205;503;103;811;2020
10056;100;170;9;279;0;1;0;1;100;171;9;280;107;144;15;266;1;3;0;4;108;147;15;270;207;314;24;545;1;4;0;5;208;318;24;550;2020
10057;27;46;6;79;0;0;0;0;27;46;6;79;21;23;3;47;0;0;0;0;21;23;3;47;48;69;9;126;0;0;0;0;48;69;9;126;2020
10058;112;393;86;591;7;88;20;115;119;481;106;706;158;328;68;554;3;61;20;84;161;389;88;638;270;721;154;1145;10;149;40;199;280;870;194;1344;2020
10059;59;97;14;170;0;0;0;0;59;97;14;170;81;87;7;175;0;0;0;0;81;87;7;175;140;184;21;345;0;0;0;0;140;184;21;345;2020
10060;153;317;43;513;0;12;8;20;153;329;51;533;176;264;31;471;1;18;10;29;177;282;41;500;329;581;74;984;1;30;18;49;330;611;92;1033;2020
10061;215;597;99;911;0;3;0;3;215;600;99;914;315;483;95;893;0;4;1;5;315;487;96;898;530;1080;194;1804;0;7;1;8;530;1087;195;1812;2020
10062;63;136;19;218;1;3;0;4;64;139;19;222;77;110;18;205;0;1;0;1;77;111;18;206;140;246;37;423;1;4;0;5;141;250;37;428;2020
10063;32;43;6;81;0;0;0;0;32;43;6;81;37;37;4;78;0;0;0;0;37;37;4;78;69;80;10;159;0;0;0;0;69;80;10;159;2020
10064;212;497;90;799;4;7;0;11;216;504;90;810;271;426;87;784;4;3;1;8;275;429;88;792;483;923;177;1583;8;10;1;19;491;933;178;1602;2020
10065;11;84;9;104;0;2;0;2;11;86;9;106;13;57;12;82;0;3;0;3;13;60;12;85;24;141;21;186;0;5;0;5;24;146;21;191;2020
10066;28;59;17;104;0;3;0;3;28;62;17;107;21;47;6;74;1;2;1;4;22;49;7;78;49;106;23;178;1;5;1;7;50;111;24;185;2020
10067;1111;3957;839;5907;12;126;21;159;1123;4083;860;6066;1437;3845;838;6120;16;142;22;180;1453;3987;860;6300;2548;7802;1677;12027;28;268;43;339;2576;8070;1720;12366;2020
10068;88;275;44;407;3;25;1;29;91;300;45;436;120;234;43;397;1;13;4;18;121;247;47;415;208;509;87;804;4;38;5;47;212;547;92;851;2020
10069;141;255;30;426;0;6;0;6;141;261;30;432;155;229;21;405;2;2;0;4;157;231;21;409;296;484;51;831;2;8;0;10;298;492;51;841;2020
10070;109;205;28;342;0;7;0;7;109;212;28;349;124;185;20;329;0;7;2;9;124;192;22;338;233;390;48;671;0;14;2;16;233;404;50;687;2020
10071;17;46;2;65;0;0;0;0;17;46;2;65;24;26;1;51;0;0;0;0;24;26;1;51;41;72;3;116;0;0;0;0;41;72;3;116;2020
10072;161;268;37;466;1;0;0;1;162;268;37;467;185;216;30;431;0;3;0;3;185;219;30;434;346;484;67;897;1;3;0;4;347;487;67;901;2020
10073;104;284;61;449;0;3;0;3;104;287;61;452;121;222;67;410;1;2;0;3;122;224;67;413;225;506;128;859;1;5;0;6;226;511;128;865;2020
10075;47;80;12;139;0;1;0;1;47;81;12;140;48;58;11;117;0;5;0;5;48;63;11;122;95;138;23;256;0;6;0;6;95;144;23;262;2020
10076;99;289;59;447;0;13;0;13;99;302;59;460;142;255;44;441;1;13;1;15;143;268;45;456;241;544;103;888;1;26;1;28;242;570;104;916;2020
10077;100;233;24;357;0;5;0;5;100;238;24;362;129;177;23;329;1;7;0;8;130;184;23;337;229;410;47;686;1;12;0;13;230;422;47;699;2020
10078;95;99;5;199;0;0;0;0;95;99;5;199;93;65;6;164;0;2;0;2;93;67;6;166;188;164;11;363;0;2;0;2;188;166;11;365;2020
10079;124;314;42;480;2;7;1;10;126;321;43;490;140;248;37;425;0;10;1;11;140;258;38;436;264;562;79;905;2;17;2;21;266;579;81;926;2020
10080;79;99;13;191;0;3;0;3;79;102;13;194;78;88;14;180;0;2;0;2;78;90;14;182;157;187;27;371;0;5;0;5;157;192;27;376;2020
10081;35;53;1;89;0;0;0;0;35;53;1;89;35;38;1;74;0;1;0;1;35;39;1;75;70;91;2;163;0;1;0;1;70;92;2;164;2020
10082;273;604;115;992;0;0;0;0;273;604;115;992;359;554;92;1005;0;7;0;7;359;561;92;1012;632;1158;207;1997;0;7;0;7;632;1165;207;2004;2020
10083;15;26;9;50;0;4;1;5;15;30;10;55;13;25;6;44;0;3;2;5;13;28;8;49;28;51;15;94;0;7;3;10;28;58;18;104;2020
10084;238;417;57;712;2;15;0;17;240;432;57;729;232;381;63;676;2;10;0;12;234;391;63;688;470;798;120;1388;4;25;0;29;474;823;120;1417;2020
10085;42;122;21;185;0;1;2;3;42;123;23;188;40;108;20;168;0;4;0;4;40;112;20;172;82;230;41;353;0;5;2;7;82;235;43;360;2020
10086;53;98;11;162;0;1;0;1;53;99;11;163;64;78;18;160;0;0;0;0;64;78;18;160;117;176;29;322;0;1;0;1;117;177;29;323;2020
10087;256;536;101;893;2;20;3;25;258;556;104;918;317;481;84;882;1;26;1;28;318;507;85;910;573;1017;185;1775;3;46;4;53;576;1063;189;1828;2020
10088;33;65;7;105;0;1;0;1;33;66;7;106;44;42;2;88;0;2;0;2;44;44;2;90;77;107;9;193;0;3;0;3;77;110;9;196;2020
10089;139;540;79;758;0;2;0;2;139;542;79;760;172;486;81;739;0;5;3;8;172;491;84;747;311;1026;160;1497;0;7;3;10;311;1033;163;1507;2020
10090;112;147;14;273;0;1;0;1;112;148;14;274;120;110;13;243;1;4;0;5;121;114;13;248;232;257;27;516;1;5;0;6;233;262;27;522;2020
10091;58;118;20;196;0;1;0;1;58;119;20;197;69;95;17;181;0;0;0;0;69;95;17;181;127;213;37;377;0;1;0;1;127;214;37;378;2020
10092;44;94;6;144;0;2;1;3;44;96;7;147;49;70;4;123;0;3;1;4;49;73;5;127;93;164;10;267;0;5;2;7;93;169;12;274;2020
10093;52;140;13;205;0;3;0;3;52;143;13;208;69;119;25;213;0;2;1;3;69;121;26;216;121;259;38;418;0;5;1;6;121;264;39;424;2020
10094;36;71;11;118;1;1;1;3;37;72;12;121;50;58;9;117;0;2;0;2;50;60;9;119;86;129;20;235;1;3;1;5;87;132;21;240;2020
10095;40;115;10;165;1;0;0;1;41;115;10;166;55;93;16;164;0;0;0;0;55;93;16;164;95;208;26;329;1;0;0;1;96;208;26;330;2020
10096;423;1208;264;1895;3;33;5;41;426;1241;269;1936;504;1232;216;1952;4;57;8;69;508;1289;224;2021;927;2440;480;3847;7;90;13;110;934;2530;493;3957;2020
10097;14;49;1;64;0;1;1;2;14;50;2;66;19;22;1;42;0;1;1;2;19;23;2;44;33;71;2;106;0;2;2;4;33;73;4;110;2020
10098;81;114;11;206;0;1;0;1;81;115;11;207;109;81;6;196;0;1;0;1;109;82;6;197;190;195;17;402;0;2;0;2;190;197;17;404;2020
10099;89;196;38;323;0;0;0;0;89;196;38;323;99;178;34;311;1;2;0;3;100;180;34;314;188;374;72;634;1;2;0;3;189;376;72;637;2020
10100;83;289;54;426;2;7;1;10;85;296;55;436;118;280;40;438;0;6;0;6;118;286;40;444;201;569;94;864;2;13;1;16;203;582;95;880;2020
10101;21;67;20;108;0;1;0;1;21;68;20;109;21;69;20;110;0;0;0;0;21;69;20;110;42;136;40;218;0;1;0;1;42;137;40;219;2020
10102;85;163;13;261;1;1;0;2;86;164;13;263;109;143;19;271;0;4;0;4;109;147;19;275;194;306;32;532;1;5;0;6;195;311;32;538;2020
10103;69;139;13;221;0;3;0;3;69;142;13;224;86;128;15;229;0;3;0;3;86;131;15;232;155;267;28;450;0;6;0;6;155;273;28;456;2020
10104;575;1924;418;2917;23;227;85;335;598;2151;503;3252;772;1811;401;2984;13;199;55;267;785;2010;456;3251;1347;3735;819;5901;36;426;140;602;1383;4161;959;6503;2020
10105;303;903;150;1356;5;31;10;46;308;934;160;1402;370;845;147;1362;8;29;4;41;378;874;151;1403;673;1748;297;2718;13;60;14;87;686;1808;311;2805;2020
10106;22;45;0;67;0;0;1;1;22;45;1;68;37;25;5;67;0;1;2;3;37;26;7;70;59;70;5;134;0;1;3;4;59;71;8;138;2020
10107;147;368;73;588;2;28;6;36;149;396;79;624;161;358;68;587;4;37;8;49;165;395;76;636;308;726;141;1175;6;65;14;85;314;791;155;1260;2020
10108;39;67;4;110;0;0;0;0;39;67;4;110;48;32;2;82;0;0;0;0;48;32;2;82;87;99;6;192;0;0;0;0;87;99;6;192;2020
10109;248;626;119;993;0;7;3;10;248;633;122;1003;314;519;129;962;0;6;0;6;314;525;129;968;562;1145;248;1955;0;13;3;16;562;1158;251;1971;2020
10110;304;851;134;1289;6;80;16;102;310;931;150;1391;372;723;130;1225;3;79;19;101;375;802;149;1326;676;1574;264;2514;9;159;35;203;685;1733;299;2717;2020
10111;205;478;63;746;3;55;8;66;208;533;71;812;215;405;55;675;1;62;11;74;216;467;66;749;420;883;118;1421;4;117;19;140;424;1000;137;1561;2020
10112;217;533;93;843;0;19;3;22;217;552;96;865;259;482;77;818;1;23;5;29;260;505;82;847;476;1015;170;1661;1;42;8;51;477;1057;178;1712;2020
10113;253;862;121;1236;3;8;1;12;256;870;122;1248;351;769;111;1231;2;13;2;17;353;782;113;1248;604;1631;232;2467;5;21;3;29;609;1652;235;2496;2020
10114;102;385;75;562;6;76;24;106;108;461;99;668;113;370;96;579;5;56;14;75;118;426;110;654;215;755;171;1141;11;132;38;181;226;887;209;1322;2020
10115;388;1354;268;2010;5;23;4;32;393;1377;272;2042;524;1228;251;2003;4;24;3;31;528;1252;254;2034;912;2582;519;4013;9;47;7;63;921;2629;526;4076;2020
10116;428;1481;325;2234;4;42;7;53;432;1523;332;2287;506;1404;343;2253;4;48;10;62;510;1452;353;2315;934;2885;668;4487;8;90;17;115;942;2975;685;4602;2020
10117;32;61;8;101;0;3;0;3;32;64;8;104;46;45;4;95;0;3;1;4;46;48;5;99;78;106;12;196;0;6;1;7;78;112;13;203;2020
10118;45;98;11;154;0;0;0;0;45;98;11;154;55;80;12;147;0;0;0;0;55;80;12;147;100;178;23;301;0;0;0;0;100;178;23;301;2020
10119;83;189;26;298;0;2;0;2;83;191;26;300;109;173;20;302;0;3;0;3;109;176;20;305;192;362;46;600;0;5;0;5;192;367;46;605;2020
10120;33;45;4;82;0;1;0;1;33;46;4;83;43;35;1;79;0;1;0;1;43;36;1;80;76;80;5;161;0;2;0;2;76;82;5;163;2020
10121;909;3079;693;4681;3;63;12;78;912;3142;705;4759;1139;2915;611;4665;3;81;19;103;1142;2996;630;4768;2048;5994;1304;9346;6;144;31;181;2054;6138;1335;9527;2020
10122;32;84;11;127;0;3;1;4;32;87;12;131;38;59;15;112;0;9;3;12;38;68;18;124;70;143;26;239;0;12;4;16;70;155;30;255;2020
10123;79;212;28;319;3;4;0;7;82;216;28;326;120;171;36;327;3;5;0;8;123;176;36;335;199;383;64;646;6;9;0;15;205;392;64;661;2020
10124;127;248;36;411;1;8;1;10;128;256;37;421;143;224;45;412;0;4;1;5;143;228;46;417;270;472;81;823;1;12;2;15;271;484;83;838;2020
10125;121;311;44;476;0;4;0;4;121;315;44;480;136;275;43;454;1;3;0;4;137;278;43;458;257;586;87;930;1;7;0;8;258;593;87;938;2020
10126;223;503;96;822;5;13;0;18;228;516;96;840;285;449;67;801;7;16;4;27;292;465;71;828;508;952;163;1623;12;29;4;45;520;981;167;1668;2020
10127;582;1860;417;2859;2;32;12;46;584;1892;429;2905;662;1686;418;2766;2;36;9;47;664;1722;427;2813;1244;3546;835;5625;4;68;21;93;1248;3614;856;5718;2020
10128;708;2079;454;3241;7;56;11;74;715;2135;465;3315;881;2003;407;3291;8;64;18;90;889;2067;425;3381;1589;4082;861;6532;15;120;29;164;1604;4202;890;6696;2020
10129;43;114;10;167;0;0;0;0;43;114;10;167;60;118;12;190;0;1;0;1;60;119;12;191;103;232;22;357;0;1;0;1;103;233;22;358;2020
10130;211;660;113;984;0;30;5;35;211;690;118;1019;249;600;117;966;2;25;12;39;251;625;129;1005;460;1260;230;1950;2;55;17;74;462;1315;247;2024;2020
10131;1219;4969;1293;7481;48;622;155;825;1267;5591;1448;8306;1555;5157;1370;8082;46;584;145;775;1601;5741;1515;8857;2774;10126;2663;15563;94;1206;300;1600;2868;11332;2963;17163;2020
10132;66;114;12;192;1;2;0;3;67;116;12;195;72;103;15;190;0;3;0;3;72;106;15;193;138;217;27;382;1;5;0;6;139;222;27;388;2020
10133;146;426;65;637;0;0;0;0;146;426;65;637;182;396;63;641;0;2;0;2;182;398;63;643;328;822;128;1278;0;2;0;2;328;824;128;1280;2020
10134;91;203;30;324;0;1;0;1;91;204;30;325;91;174;39;304;0;3;0;3;91;177;39;307;182;377;69;628;0;4;0;4;182;381;69;632;2020
10135;191;416;59;666;0;0;0;0;191;416;59;666;235;293;54;582;0;3;1;4;235;296;55;586;426;709;113;1248;0;3;1;4;426;712;114;1252;2020
10136;43;106;16;165;1;1;0;2;44;107;16;167;49;68;9;126;0;3;0;3;49;71;9;129;92;174;25;291;1;4;0;5;93;178;25;296;2020
10137;75;114;17;206;0;2;0;2;75;116;17;208;84;89;10;183;3;2;0;5;87;91;10;188;159;203;27;389;3;4;0;7;162;207;27;396;2020
10138;79;182;21;282;1;8;2;11;80;190;23;293;90;174;36;300;2;6;3;11;92;180;39;311;169;356;57;582;3;14;5;22;172;370;62;604;2020
10139;11;29;3;43;0;0;0;0;11;29;3;43;19;15;3;37;0;0;0;0;19;15;3;37;30;44;6;80;0;0;0;0;30;44;6;80;2020
10140;179;382;86;647;5;36;12;53;184;418;98;700;197;340;97;634;2;44;13;59;199;384;110;693;376;722;183;1281;7;80;25;112;383;802;208;1393;2020
10141;52;97;10;159;0;3;0;3;52;100;10;162;65;67;6;138;0;0;0;0;65;67;6;138;117;164;16;297;0;3;0;3;117;167;16;300;2020
10142;119;299;43;461;1;12;0;13;120;311;43;474;148;260;43;451;0;11;2;13;148;271;45;464;267;559;86;912;1;23;2;26;268;582;88;938;2020
10143;28;33;3;64;0;1;0;1;28;34;3;65;42;30;8;80;0;1;0;1;42;31;8;81;70;63;11;144;0;2;0;2;70;65;11;146;2020
10144;171;299;54;524;2;6;0;8;173;305;54;532;183;252;45;480;0;6;0;6;183;258;45;486;354;551;99;1004;2;12;0;14;356;563;99;1018;2020
10145;23;38;4;65;1;3;0;4;24;41;4;69;22;41;2;65;0;5;2;7;22;46;4;72;45;79;6;130;1;8;2;11;46;87;8;141;2020
10146;230;545;103;878;0;19;2;21;230;564;105;899;216;460;98;774;0;17;2;19;216;477;100;793;446;1005;201;1652;0;36;4;40;446;1041;205;1692;2020
10147;150;495;95;740;1;9;2;12;151;504;97;752;195;457;69;721;1;8;1;10;196;465;70;731;345;952;164;1461;2;17;3;22;347;969;167;1483;2020
10148;3346;12486;2875;18707;17;363;83;463;3363;12849;2958;19170;4409;12882;2844;20135;27;460;68;555;4436;13342;2912;20690;7755;25368;5719;38842;44;823;151;1018;7799;26191;5870;39860;2020
10149;76;142;21;239;1;5;1;7;77;147;22;246;84;122;18;224;1;15;1;17;85;137;19;241;160;264;39;463;2;20;2;24;162;284;41;487;2020
10150;52;119;19;190;0;0;0;0;52;119;19;190;94;76;9;179;0;1;0;1;94;77;9;180;146;195;28;369;0;1;0;1;146;196;28;370;2020
10151;32;70;8;110;0;3;0;3;32;73;8;113;40;50;8;98;0;0;0;0;40;50;8;98;72;120;16;208;0;3;0;3;72;123;16;211;2020
10152;84;120;25;229;0;2;0;2;84;122;25;231;93;108;20;221;0;1;1;2;93;109;21;223;177;228;45;450;0;3;1;4;177;231;46;454;2020
10153;44;106;10;160;0;1;0;1;44;107;10;161;47;82;14;143;0;0;0;0;47;82;14;143;91;188;24;303;0;1;0;1;91;189;24;304;2020
10154;32;60;9;101;0;5;0;5;32;65;9;106;26;61;15;102;0;6;1;7;26;67;16;109;58;121;24;203;0;11;1;12;58;132;25;215;2020
10155;148;399;63;610;0;2;1;3;148;401;64;613;178;358;48;584;0;4;0;4;178;362;48;588;326;757;111;1194;0;6;1;7;326;763;112;1201;2020
10156;18;31;1;50;0;0;0;0;18;31;1;50;19;16;5;40;0;0;0;0;19;16;5;40;37;47;6;90;0;0;0;0;37;47;6;90;2020
10157;41;77;10;128;1;1;0;2;42;78;10;130;58;62;7;127;0;1;0;1;58;63;7;128;99;139;17;255;1;2;0;3;100;141;17;258;2020
10158;59;108;10;177;0;2;0;2;59;110;10;179;87;77;15;179;1;1;0;2;88;78;15;181;146;185;25;356;1;3;0;4;147;188;25;360;2020
10159;60;89;5;154;0;2;1;3;60;91;6;157;60;69;7;136;0;1;0;1;60;70;7;137;120;158;12;290;0;3;1;4;120;161;13;294;2020
10160;52;70;8;130;0;0;0;0;52;70;8;130;61;59;11;131;0;2;0;2;61;61;11;133;113;129;19;261;0;2;0;2;113;131;19;263;2020
10161;10;30;3;43;0;0;0;0;10;30;3;43;11;22;2;35;0;1;1;2;11;23;3;37;21;52;5;78;0;1;1;2;21;53;6;80;2020
10162;85;181;25;291;0;2;0;2;85;183;25;293;116;139;8;263;2;1;1;4;118;140;9;267;201;320;33;554;2;3;1;6;203;323;34;560;2020
10163;70;75;5;150;1;0;0;1;71;75;5;151;72;66;9;147;0;0;0;0;72;66;9;147;142;141;14;297;1;0;0;1;143;141;14;298;2020
10164;130;212;34;376;0;5;0;5;130;217;34;381;162;196;25;383;0;2;0;2;162;198;25;385;292;408;59;759;0;7;0;7;292;415;59;766;2020
10165;39;85;11;135;0;1;0;1;39;86;11;136;45;69;3;117;1;2;0;3;46;71;3;120;84;154;14;252;1;3;0;4;85;157;14;256;2020
10166;40;100;19;159;0;7;0;7;40;107;19;166;53;89;18;160;0;0;0;0;53;89;18;160;93;189;37;319;0;7;0;7;93;196;37;326;2020
10167;64;100;8;172;0;1;0;1;64;101;8;173;62;73;7;142;0;1;0;1;62;74;7;143;126;173;15;314;0;2;0;2;126;175;15;316;2020
10168;54;91;1;146;2;1;0;3;56;92;1;149;68;73;4;145;1;4;0;5;69;77;4;150;122;164;5;291;3;5;0;8;125;169;5;299;2020
10169;89;147;10;246;0;1;0;1;89;148;10;247;132;113;14;259;0;1;0;1;132;114;14;260;221;260;24;505;0;2;0;2;221;262;24;507;2020
10170;37;74;7;118;0;2;2;4;37;76;9;122;43;60;10;113;0;1;1;2;43;61;11;115;80;134;17;231;0;3;3;6;80;137;20;237;2020
10171;56;125;14;195;1;0;0;1;57;125;14;196;68;85;10;163;0;2;0;2;68;87;10;165;124;210;24;358;1;2;0;3;125;212;24;361;2020
10172;102;255;20;377;0;1;0;1;102;256;20;378;114;219;30;363;0;0;0;0;114;219;30;363;216;474;50;740;0;1;0;1;216;475;50;741;2020
10173;57;233;52;342;6;64;22;92;63;297;74;434;64;218;54;336;0;62;20;82;64;280;74;418;121;451;106;678;6;126;42;174;127;577;148;852;2020
10174;23;57;9;89;0;0;0;0;23;57;9;89;32;53;4;89;0;3;0;3;32;56;4;92;55;110;13;178;0;3;0;3;55;113;13;181;2020
10175;185;470;92;747;4;4;0;8;189;474;92;755;257;425;62;744;1;7;0;8;258;432;62;752;442;895;154;1491;5;11;0;16;447;906;154;1507;2020
10176;53;134;19;206;0;6;1;7;53;140;20;213;53;110;20;183;0;10;4;14;53;120;24;197;106;244;39;389;0;16;5;21;106;260;44;410;2020
10177;174;715;122;1011;0;7;0;7;174;722;122;1018;225;624;121;970;1;8;1;10;226;632;122;980;399;1339;243;1981;1;15;1;17;400;1354;244;1998;2020
10178;126;238;56;420;0;1;0;1;126;239;56;421;153;197;35;385;0;0;0;0;153;197;35;385;279;435;91;805;0;1;0;1;279;436;91;806;2020
10179;53;83;14;150;1;6;2;9;54;89;16;159;59;65;9;133;0;6;0;6;59;71;9;139;112;148;23;283;1;12;2;15;113;160;25;298;2020
10180;368;1851;549;2768;82;892;210;1184;450;2743;759;3952;447;1705;476;2628;35;575;205;815;482;2280;681;3443;815;3556;1025;5396;117;1467;415;1999;932;5023;1440;7395;2020
10181;105;260;44;409;0;1;0;1;105;261;44;410;116;202;36;354;0;6;3;9;116;208;39;363;221;462;80;763;0;7;3;10;221;469;83;773;2020
10182;13;65;9;87;0;9;3;12;13;74;12;99;6;38;5;49;0;5;0;5;6;43;5;54;19;103;14;136;0;14;3;17;19;117;17;153;2020
10183;159;347;57;563;0;22;0;22;159;369;57;585;145;291;53;489;1;19;4;24;146;310;57;513;304;638;110;1052;1;41;4;46;305;679;114;1098;2020
10184;136;261;24;421;0;26;4;30;136;287;28;451;147;195;35;377;0;21;2;23;147;216;37;400;283;456;59;798;0;47;6;53;283;503;65;851;2020
10185;91;186;27;304;0;16;6;22;91;202;33;326;98;150;17;265;0;7;3;10;98;157;20;275;189;336;44;569;0;23;9;32;189;359;53;601;2020
10186;134;345;52;531;0;9;1;10;134;354;53;541;170;303;48;521;0;8;0;8;170;311;48;529;304;648;100;1052;0;17;1;18;304;665;101;1070;2020
10187;61;173;18;252;0;5;0;5;61;178;18;257;65;130;28;223;1;3;0;4;66;133;28;227;126;303;46;475;1;8;0;9;127;311;46;484;2020
10188;84;163;20;267;0;1;0;1;84;164;20;268;96;139;24;259;1;3;1;5;97;142;25;264;180;302;44;526;1;4;1;6;181;306;45;532;2020
10189;320;914;172;1406;0;3;1;4;320;917;173;1410;442;864;183;1489;1;10;0;11;443;874;183;1500;762;1778;355;2895;1;13;1;15;763;1791;356;2910;2020
10190;67;185;23;275;1;0;0;1;68;185;23;276;101;153;15;269;0;1;0;1;101;154;15;270;168;338;38;544;1;1;0;2;169;339;38;546;2020
10191;64;211;32;307;1;4;1;6;65;215;33;313;68;165;31;264;1;7;2;10;69;172;33;274;132;376;63;571;2;11;3;16;134;387;66;587;2020
10192;141;219;27;387;1;7;0;8;142;226;27;395;182;188;20;390;1;7;0;8;183;195;20;398;323;407;47;777;2;14;0;16;325;421;47;793;2020
10193;129;570;100;799;0;9;5;14;129;579;105;813;173;539;113;825;2;14;2;18;175;553;115;843;302;1109;213;1624;2;23;7;32;304;1132;220;1656;2020
10194;92;160;21;273;1;1;0;2;93;161;21;275;127;134;24;285;0;0;0;0;127;134;24;285;219;294;45;558;1;1;0;2;220;295;45;560;2020
10195;811;2847;565;4223;8;98;6;112;819;2945;571;4335;1169;2717;536;4422;10;136;9;155;1179;2853;545;4577;1980;5564;1101;8645;18;234;15;267;1998;5798;1116;8912;2020
10196;47;99;13;159;0;3;3;6;47;102;16;165;58;80;15;153;0;3;0;3;58;83;15;156;105;179;28;312;0;6;3;9;105;185;31;321;2020
10197;25;26;2;53;0;0;0;0;25;26;2;53;22;26;4;52;0;1;0;1;22;27;4;53;47;52;6;105;0;1;0;1;47;53;6;106;2020
10198;161;351;45;557;1;4;0;5;162;355;45;562;219;318;38;575;0;2;0;2;219;320;38;577;380;669;83;1132;1;6;0;7;381;675;83;1139;2020
10199;19;64;7;90;1;1;0;2;20;65;7;92;27;44;5;76;2;1;0;3;29;45;5;79;46;108;12;166;3;2;0;5;49;110;12;171;2020
10200;70;99;9;178;2;3;0;5;72;102;9;183;90;65;10;165;0;0;0;0;90;65;10;165;160;164;19;343;2;3;0;5;162;167;19;348;2020
10201;22;70;7;99;1;0;0;1;23;70;7;100;29;62;9;100;1;1;0;2;30;63;9;102;51;132;16;199;2;1;0;3;53;133;16;202;2020
10202;101;189;28;318;0;0;0;0;101;189;28;318;125;170;28;323;1;2;0;3;126;172;28;326;226;359;56;641;1;2;0;3;227;361;56;644;2020
10203;648;1498;324;2470;22;118;17;157;670;1616;341;2627;827;1498;275;2600;18;109;19;146;845;1607;294;2746;1475;2996;599;5070;40;227;36;303;1515;3223;635;5373;2020
10204;69;139;19;227;2;9;0;11;71;148;19;238;94;106;15;215;1;11;0;12;95;117;15;227;163;245;34;442;3;20;0;23;166;265;34;465;2020
10205;303;692;120;1115;10;16;0;26;313;708;120;1141;353;615;117;1085;9;15;0;24;362;630;117;1109;656;1307;237;2200;19;31;0;50;675;1338;237;2250;2020
10206;38;63;11;112;0;2;0;2;38;65;11;114;46;49;7;102;0;3;0;3;46;52;7;105;84;112;18;214;0;5;0;5;84;117;18;219;2020
10207;71;141;10;222;0;1;2;3;71;142;12;225;115;123;14;252;0;1;0;1;115;124;14;253;186;264;24;474;0;2;2;4;186;266;26;478;2020
10208;24;38;3;65;0;1;0;1;24;39;3;66;25;33;8;66;0;1;0;1;25;34;8;67;49;71;11;131;0;2;0;2;49;73;11;133;2020
10209;35;90;7;132;0;1;0;1;35;91;7;133;45;69;9;123;0;3;0;3;45;72;9;126;80;159;16;255;0;4;0;4;80;163;16;259;2020
10210;77;119;8;204;0;0;0;0;77;119;8;204;93;98;5;196;0;0;0;0;93;98;5;196;170;217;13;400;0;0;0;0;170;217;13;400;2020
10211;77;123;22;222;0;0;0;0;77;123;22;222;91;104;22;217;0;2;0;2;91;106;22;219;168;227;44;439;0;2;0;2;168;229;44;441;2020
10212;217;609;136;962;10;47;7;64;227;656;143;1026;286;574;125;985;5;38;8;51;291;612;133;1036;503;1183;261;1947;15;85;15;115;518;1268;276;2062;2020
10213;108;166;15;289;1;9;0;10;109;175;15;299;125;121;20;266;2;15;0;17;127;136;20;283;233;287;35;555;3;24;0;27;236;311;35;582;2020
10214;44;67;10;121;0;1;0;1;44;68;10;122;53;52;5;110;0;1;0;1;53;53;5;111;97;119;15;231;0;2;0;2;97;121;15;233;2020
10215;68;102;13;183;0;0;0;0;68;102;13;183;87;99;7;193;0;0;0;0;87;99;7;193;155;201;20;376;0;0;0;0;155;201;20;376;2020
10216;184;591;129;904;0;7;0;7;184;598;129;911;239;523;107;869;1;16;3;20;240;539;110;889;423;1114;236;1773;1;23;3;27;424;1137;239;1800;2020
10217;99;158;18;275;0;2;0;2;99;160;18;277;107;144;18;269;0;2;0;2;107;146;18;271;206;302;36;544;0;4;0;4;206;306;36;548;2020
10218;160;370;53;583;3;9;0;12;163;379;53;595;206;327;62;595;1;8;0;9;207;335;62;604;366;697;115;1178;4;17;0;21;370;714;115;1199;2020
10219;192;408;62;662;0;11;5;16;192;419;67;678;237;348;48;633;0;18;3;21;237;366;51;654;429;756;110;1295;0;29;8;37;429;785;118;1332;2020
10901;136;423;75;634;1;42;9;52;137;465;84;686;155;387;68;610;0;28;10;38;155;415;78;648;291;810;143;1244;1;70;19;90;292;880;162;1334;2020
10902;112;267;65;444;2;2;0;4;114;269;65;448;118;247;48;413;2;5;0;7;120;252;48;420;230;514;113;857;4;7;0;11;234;521;113;868;2020
10903;89;309;61;459;0;4;0;4;89;313;61;463;123;283;59;465;0;3;1;4;123;286;60;469;212;592;120;924;0;7;1;8;212;599;121;932;2020
10904;84;290;68;442;3;22;5;30;87;312;73;472;84;250;50;384;0;17;6;23;84;267;56;407;168;540;118;826;3;39;11;53;171;579;129;879;2020
10905;71;246;39;356;1;22;15;38;72;268;54;394;76;232;49;357;0;23;8;31;76;255;57;388;147;478;88;713;1;45;23;69;148;523;111;782;2020
11001;388;1854;414;2656;5;28;2;35;393;1882;416;2691;448;1714;336;2498;1;28;8;37;449;1742;344;2535;836;3568;750;5154;6;56;10;72;842;3624;760;5226;2020
11002;419;1734;355;2508;2;21;2;25;421;1755;357;2533;508;1615;351;2474;2;32;2;36;510;1647;353;2510;927;3349;706;4982;4;53;4;61;931;3402;710;5043;2020
11003;135;469;100;704;2;16;4;22;137;485;104;726;166;426;94;686;4;7;5;16;170;433;99;702;301;895;194;1390;6;23;9;38;307;918;203;1428;2020
11004;8337;36258;10766;55361;274;4147;947;5368;8611;40405;11713;60729;10821;36594;9975;57390;273;3743;943;4959;11094;40337;10918;62349;19158;72852;20741;112751;547;7890;1890;10327;19705;80742;22631;123078;2020
11005;498;1833;393;2724;22;33;2;57;520;1866;395;2781;590;1668;390;2648;12;60;5;77;602;1728;395;2725;1088;3501;783;5372;34;93;7;134;1122;3594;790;5506;2020
11006;2139;10360;2569;15068;60;216;46;322;2199;10576;2615;15390;2587;10112;2397;15096;45;244;43;332;2632;10356;2440;15428;4726;20472;4966;30164;105;460;89;654;4831;20932;5055;30818;2020
11007;1593;7593;1797;10983;25;254;44;323;1618;7847;1841;11306;2061;7187;1684;10932;29;251;38;318;2090;7438;1722;11250;3654;14780;3481;21915;54;505;82;641;3708;15285;3563;22556;2020
11008;1399;7716;2362;11477;27;365;55;447;1426;8081;2417;11924;1637;7628;2106;11371;30;392;60;482;1667;8020;2166;11853;3036;15344;4468;22848;57;757;115;929;3093;16101;4583;23777;2020
11009;55;260;38;353;4;4;0;8;59;264;38;361;57;218;30;305;1;6;0;7;58;224;30;312;112;478;68;658;5;10;0;15;117;488;68;673;2020
11010;609;2608;560;3777;4;29;5;38;613;2637;565;3815;714;2535;540;3789;3;39;8;50;717;2574;548;3839;1323;5143;1100;7566;7;68;13;88;1330;5211;1113;7654;2020
11011;155;742;171;1068;0;10;1;11;155;752;172;1079;193;676;161;1030;3;23;2;28;196;699;163;1058;348;1418;332;2098;3;33;3;39;351;1451;335;2137;2020
11012;11028;34905;7532;53465;67;930;118;1115;11095;35835;7650;54580;16491;36182;6921;59594;66;1068;131;1265;16557;37250;7052;60859;27519;71087;14453;113059;133;1998;249;2380;27652;73085;14702;115439;2020
11013;187;1003;267;1457;13;51;6;70;200;1054;273;1527;228;976;247;1451;11;62;6;79;239;1038;253;1530;415;1979;514;2908;24;113;12;149;439;2092;526;3057;2020
11014;1574;7275;2026;10875;96;422;77;595;1670;7697;2103;11470;1815;6972;1890;10677;77;479;72;628;1892;7451;1962;11305;3389;14247;3916;21552;173;901;149;1223;3562;15148;4065;22775;2020
11015;5157;27970;7688;40815;380;1188;224;1792;5537;29158;7912;42607;5859;27412;7431;40702;348;1287;206;1841;6207;28699;7637;42543;11016;55382;15119;81517;728;2475;430;3633;11744;57857;15549;85150;2020
11016;1359;6304;1685;9348;50;181;50;281;1409;6485;1735;9629;1572;6237;1514;9323;40;206;48;294;1612;6443;1562;9617;2931;12541;3199;18671;90;387;98;575;3021;12928;3297;19246;2020
11017;305;1325;302;1932;0;15;3;18;305;1340;305;1950;379;1263;265;1907;0;11;1;12;379;1274;266;1919;684;2588;567;3839;0;26;4;30;684;2614;571;3869;2020
11018;162;582;113;857;6;19;5;30;168;601;118;887;184;533;93;810;4;26;2;32;188;559;95;842;346;1115;206;1667;10;45;7;62;356;1160;213;1729;2020
11019;191;680;120;991;1;5;0;6;192;685;120;997;214;664;122;1000;1;15;0;16;215;679;122;1016;405;1344;242;1991;2;20;0;22;407;1364;242;2013;2020
11020;14969;67644;18527;101140;153;2390;403;2946;15122;70034;18930;104086;19930;68336;17638;105904;204;2525;386;3115;20134;70861;18024;109019;34899;135980;36165;207044;357;4915;789;6061;35256;140895;36954;213105;2020
11021;534;2017;494;3045;61;253;54;368;595;2270;548;3413;577;1854;466;2897;55;301;41;397;632;2155;507;3294;1111;3871;960;5942;116;554;95;765;1227;4425;1055;6707;2020
11022;4506;18871;5288;28665;145;2118;279;2542;4651;20989;5567;31207;6021;19138;4991;30150;126;1859;288;2273;6147;20997;5279;32423;10527;38009;10279;58815;271;3977;567;4815;10798;41986;10846;63630;2020
11023;897;3956;996;5849;15;95;15;125;912;4051;1011;5974;946;3764;948;5658;8;114;19;141;954;3878;967;5799;1843;7720;1944;11507;23;209;34;266;1866;7929;1978;11773;2020
11024;714;2524;600;3838;25;78;8;111;739;2602;608;3949;940;2460;551;3951;29;122;11;162;969;2582;562;4113;1654;4984;1151;7789;54;200;19;273;1708;5184;1170;8062;2020
11025;396;1925;476;2797;1;23;3;27;397;1948;479;2824;420;1745;444;2609;1;17;2;20;421;1762;446;2629;816;3670;920;5406;2;40;5;47;818;3710;925;5453;2020
11026;448;1877;436;2761;3;19;4;26;451;1896;440;2787;579;1811;383;2773;2;25;3;30;581;1836;386;2803;1027;3688;819;5534;5;44;7;56;1032;3732;826;5590;2020
11027;6310;27987;7678;41975;135;1075;252;1462;6445;29062;7930;43437;7751;28521;7295;43567;125;1332;242;1699;7876;29853;7537;45266;14061;56508;14973;85542;260;2407;494;3161;14321;58915;15467;88703;2020
11028;2759;13994;3439;20192;23;651;76;750;2782;14645;3515;20942;3289;13572;3369;20230;36;435;57;528;3325;14007;3426;20758;6048;27566;6808;40422;59;1086;133;1278;6107;28652;6941;41700;2020
11029;380;2454;650;3484;4;20;3;27;384;2474;653;3511;485;2278;622;3385;1;44;1;46;486;2322;623;3431;865;4732;1272;6869;5;64;4;73;870;4796;1276;6942;2020
11030;2114;9478;2348;13940;87;411;119;617;2201;9889;2467;14557;2448;9291;2321;14060;48;488;129;665;2496;9779;2450;14725;4562;18769;4669;28000;135;899;248;1282;4697;19668;4917;29282;2020
11031;6980;30787;8031;45798;26;503;93;622;7006;31290;8124;46420;9022;31282;7566;47870;47;569;95;711;9069;31851;7661;48581;16002;62069;15597;93668;73;1072;188;1333;16075;63141;15785;95001;2020
11032;4795;22819;6267;33881;83;439;76;598;4878;23258;6343;34479;5871;22391;5823;34085;63;479;99;641;5934;22870;5922;34726;10666;45210;12090;67966;146;918;175;1239;10812;46128;12265;69205;2020
11033;1929;9185;2672;13786;224;1367;405;1996;2153;10552;3077;15782;2354;8838;2499;13691;191;1547;360;2098;2545;10385;2859;15789;4283;18023;5171;27477;415;2914;765;4094;4698;20937;5936;31571;2020
11034;253;955;195;1403;0;5;0;5;253;960;195;1408;285;843;191;1319;2;8;4;14;287;851;195;1333;538;1798;386;2722;2;13;4;19;540;1811;390;2741;2020
11035;1272;5724;1310;8306;60;677;97;834;1332;6401;1407;9140;1587;5423;1233;8243;64;621;115;800;1651;6044;1348;9043;2859;11147;2543;16549;124;1298;212;1634;2983;12445;2755;18183;2020
11036;76;271;46;393;0;4;3;7;76;275;49;400;102;238;48;388;2;5;1;8;104;243;49;396;178;509;94;781;2;9;4;15;180;518;98;796;2020
11037;574;2284;573;3431;6;47;4;57;580;2331;577;3488;674;2218;553;3445;5;69;9;83;679;2287;562;3528;1248;4502;1126;6876;11;116;13;140;1259;4618;1139;7016;2020
11038;1360;5378;1320;8058;0;120;27;147;1360;5498;1347;8205;1842;5237;1175;8254;3;122;21;146;1845;5359;1196;8400;3202;10615;2495;16312;3;242;48;293;3205;10857;2543;16605;2020
11039;931;4145;952;6028;42;169;36;247;973;4314;988;6275;1154;3927;966;6047;40;220;40;300;1194;4147;1006;6347;2085;8072;1918;12075;82;389;76;547;2167;8461;1994;12622;2020
11040;50;159;27;236;0;2;0;2;50;161;27;238;56;128;32;216;0;1;0;1;56;129;32;217;106;287;59;452;0;3;0;3;106;290;59;455;2020
11041;796;4188;1020;6004;6;75;13;94;802;4263;1033;6098;1061;3926;937;5924;9;83;20;112;1070;4009;957;6036;1857;8114;1957;11928;15;158;33;206;1872;8272;1990;12134;2020
11042;150;456;84;690;3;8;0;11;153;464;84;701;163;412;93;668;0;10;0;10;163;422;93;678;313;868;177;1358;3;18;0;21;316;886;177;1379;2020
11901;478;2404;595;3477;8;49;4;61;486;2453;599;3538;541;2330;525;3396;4;43;5;52;545;2373;530;3448;1019;4734;1120;6873;12;92;9;113;1031;4826;1129;6986;2020
11902;387;1509;365;2261;0;10;3;13;387;1519;368;2274;428;1409;297;2134;2;19;4;25;430;1428;301;2159;815;2918;662;4395;2;29;7;38;817;2947;669;4433;2020
11903;183;732;182;1097;13;268;68;349;196;1000;250;1446;217;692;169;1078;16;213;48;277;233;905;217;1355;400;1424;351;2175;29;481;116;626;429;1905;467;2801;2020
12001;184;352;59;595;3;42;13;58;187;394;72;653;210;290;59;559;6;66;20;92;216;356;79;651;394;642;118;1154;9;108;33;150;403;750;151;1304;2020
12002;22;36;4;62;0;2;0;2;22;38;4;64;21;33;3;57;0;2;0;2;21;35;3;59;43;69;7;119;0;4;0;4;43;73;7;123;2020
12003;168;312;50;530;0;66;22;88;168;378;72;618;183;290;53;526;3;64;16;83;186;354;69;609;351;602;103;1056;3;130;38;171;354;732;141;1227;2020
12004;592;1506;317;2415;139;648;205;992;731;2154;522;3407;658;1394;295;2347;144;588;152;884;802;1982;447;3231;1250;2900;612;4762;283;1236;357;1876;1533;4136;969;6638;2020
12005;882;3245;763;4890;13;264;99;376;895;3509;862;5266;1053;2987;674;4714;18;331;88;437;1071;3318;762;5151;1935;6232;1437;9604;31;595;187;813;1966;6827;1624;10417;2020
12006;30;67;3;100;0;1;1;2;30;68;4;102;23;55;6;84;0;2;0;2;23;57;6;86;53;122;9;184;0;3;1;4;53;125;10;188;2020
12007;101;269;55;425;1;8;1;10;102;277;56;435;121;246;47;414;1;12;0;13;122;258;47;427;222;515;102;839;2;20;1;23;224;535;103;862;2020
12008;55;77;5;137;1;8;0;9;56;85;5;146;49;44;8;101;1;14;0;15;50;58;8;116;104;121;13;238;2;22;0;24;106;143;13;262;2020
12009;1601;7622;2183;11406;69;1608;376;2053;1670;9230;2559;13459;2099;7099;2011;11209;108;1621;345;2074;2207;8720;2356;13283;3700;14721;4194;22615;177;3229;721;4127;3877;17950;4915;26742;2020
12010;49;83;2;134;0;2;0;2;49;85;2;136;36;61;9;106;0;2;0;2;36;63;9;108;85;144;11;240;0;4;0;4;85;148;11;244;2020
12011;509;1875;430;2814;7;202;41;250;516;2077;471;3064;607;1724;427;2758;10;226;32;268;617;1950;459;3026;1116;3599;857;5572;17;428;73;518;1133;4027;930;6090;2020
12012;355;993;266;1614;2;189;58;249;357;1182;324;1863;387;935;213;1535;8;141;54;203;395;1076;267;1738;742;1928;479;3149;10;330;112;452;752;2258;591;3601;2020
12013;26;46;1;73;1;6;0;7;27;52;1;80;29;33;2;64;2;5;0;7;31;38;2;71;55;79;3;137;3;11;0;14;58;90;3;151;2020
12014;39;57;9;105;0;2;0;2;39;59;9;107;31;39;3;73;0;4;0;4;31;43;3;77;70;96;12;178;0;6;0;6;70;102;12;184;2020
12015;15;54;3;72;0;2;0;2;15;56;3;74;20;30;1;51;0;1;0;1;20;31;1;52;35;84;4;123;0;3;0;3;35;87;4;126;2020
12016;214;584;138;936;2;34;14;50;216;618;152;986;220;566;120;906;0;54;9;63;220;620;129;969;434;1150;258;1842;2;88;23;113;436;1238;281;1955;2020
12017;34;44;4;82;0;0;0;0;34;44;4;82;35;30;4;69;0;2;0;2;35;32;4;71;69;74;8;151;0;2;0;2;69;76;8;153;2020
12018;48;102;12;162;0;2;0;2;48;104;12;164;50;80;11;141;0;5;0;5;50;85;11;146;98;182;23;303;0;7;0;7;98;189;23;310;2020
12020;26;45;13;84;0;13;3;16;26;58;16;100;17;33;10;60;0;6;2;8;17;39;12;68;43;78;23;144;0;19;5;24;43;97;28;168;2020
12021;510;1709;374;2593;5;158;22;185;515;1867;396;2778;564;1692;388;2644;11;166;19;196;575;1858;407;2840;1074;3401;762;5237;16;324;41;381;1090;3725;803;5618;2020
12022;69;118;18;205;0;4;1;5;69;122;19;210;50;89;12;151;1;8;1;10;51;97;13;161;119;207;30;356;1;12;2;15;120;219;32;371;2020
12024;13;63;8;84;0;2;1;3;13;65;9;87;22;44;7;73;1;2;1;4;23;46;8;77;35;107;15;157;1;4;2;7;36;111;17;164;2020
12025;31;41;2;74;3;5;0;8;34;46;2;82;22;25;3;50;3;3;0;6;25;28;3;56;53;66;5;124;6;8;0;14;59;74;5;138;2020
12026;142;281;51;474;2;50;17;69;144;331;68;543;163;257;49;469;2;40;9;51;165;297;58;520;305;538;100;943;4;90;26;120;309;628;126;1063;2020
12027;2134;6559;1717;10410;169;2391;665;3225;2303;8950;2382;13635;2613;6588;1607;10808;188;2105;627;2920;2801;8693;2234;13728;4747;13147;3324;21218;357;4496;1292;6145;5104;17643;4616;27363;2020
12028;1376;5253;1296;7925;111;895;182;1188;1487;6148;1478;9113;1604;5115;1224;7943;131;1010;167;1308;1735;6125;1391;9251;2980;10368;2520;15868;242;1905;349;2496;3222;12273;2869;18364;2020
12029;103;240;58;401;3;93;28;124;106;333;86;525;126;214;61;401;4;99;19;122;130;313;80;523;229;454;119;802;7;192;47;246;236;646;166;1048;2020
12031;365;1735;437;2537;14;163;42;219;379;1898;479;2756;402;1576;414;2392;16;199;34;249;418;1775;448;2641;767;3311;851;4929;30;362;76;468;797;3673;927;5397;2020
12032;2460;9388;2532;14380;117;2370;553;3040;2577;11758;3085;17420;3430;9018;2384;14832;117;2207;476;2800;3547;11225;2860;17632;5890;18406;4916;29212;234;4577;1029;5840;6124;22983;5945;35052;2020
12033;285;712;160;1157;20;273;57;350;305;985;217;1507;354;615;182;1151;18;252;50;320;372;867;232;1471;639;1327;342;2308;38;525;107;670;677;1852;449;2978;2020
12034;180;527;121;828;32;122;16;170;212;649;137;998;222;460;123;805;23;117;18;158;245;577;141;963;402;987;244;1633;55;239;34;328;457;1226;278;1961;2020
12036;115;160;32;307;1;26;3;30;116;186;35;337;110;164;35;309;1;22;7;30;111;186;42;339;225;324;67;616;2;48;10;60;227;372;77;676;2020
12037;3;8;2;13;0;0;0;0;3;8;2;13;1;7;0;8;0;1;0;1;1;8;0;9;4;15;2;21;0;1;0;1;4;16;2;22;2020
12038;35;50;9;94;1;1;0;2;36;51;9;96;31;36;13;80;0;2;1;3;31;38;14;83;66;86;22;174;1;3;1;5;67;89;23;179;2020
12039;126;276;44;446;0;15;4;19;126;291;48;465;154;246;40;440;0;11;2;13;154;257;42;453;280;522;84;886;0;26;6;32;280;548;90;918;2020
12040;13210;45045;11618;69873;549;11298;2599;14446;13759;56343;14217;84319;17869;45767;10993;74629;823;12142;2351;15316;18692;57909;13344;89945;31079;90812;22611;144502;1372;23440;4950;29762;32451;114252;27561;174264;2020
12041;24;41;1;66;0;2;0;2;24;43;1;68;18;12;2;32;0;1;0;1;18;13;2;33;42;53;3;98;0;3;0;3;42;56;3;101;2020
12042;104;185;37;326;0;27;6;33;104;212;43;359;135;155;32;322;1;25;7;33;136;180;39;355;239;340;69;648;1;52;13;66;240;392;82;714;2020
12043;92;205;31;328;0;11;2;13;92;216;33;341;101;166;33;300;0;18;0;18;101;184;33;318;193;371;64;628;0;29;2;31;193;400;66;659;2020
12044;80;127;19;226;12;26;4;42;92;153;23;268;103;126;15;244;7;34;4;45;110;160;19;289;183;253;34;470;19;60;8;87;202;313;42;557;2020
12045;44;123;25;192;0;5;1;6;44;128;26;198;64;102;20;186;0;11;5;16;64;113;25;202;108;225;45;378;0;16;6;22;108;241;51;400;2020
12046;30;74;1;105;0;9;0;9;30;83;1;114;37;47;1;85;0;7;0;7;37;54;1;92;67;121;2;190;0;16;0;16;67;137;2;206;2020
12048;39;97;16;152;0;8;1;9;39;105;17;161;42;71;16;129;1;8;1;10;43;79;17;139;81;168;32;281;1;16;2;19;82;184;34;300;2020
12049;56;166;36;258;0;10;4;14;56;176;40;272;60;145;33;238;0;8;0;8;60;153;33;246;116;311;69;496;0;18;4;22;116;329;73;518;2020
12050;217;383;81;681;13;166;44;223;230;549;125;904;262;364;78;704;10;139;49;198;272;503;127;902;479;747;159;1385;23;305;93;421;502;1052;252;1806;2020
12051;93;130;13;236;1;4;0;5;94;134;13;241;111;105;9;225;3;9;3;15;114;114;12;240;204;235;22;461;4;13;3;20;208;248;25;481;2020
12052;81;182;20;283;9;33;7;49;90;215;27;332;133;151;25;309;7;37;3;47;140;188;28;356;214;333;45;592;16;70;10;96;230;403;55;688;2020
12053;264;815;190;1269;6;111;21;138;270;926;211;1407;293;703;148;1144;9;131;23;163;302;834;171;1307;557;1518;338;2413;15;242;44;301;572;1760;382;2714;2020
12055;19;45;1;65;0;0;0;0;19;45;1;65;17;21;2;40;0;1;0;1;17;22;2;41;36;66;3;105;0;1;0;1;36;67;3;106;2020
12056;38;99;7;144;1;3;0;4;39;102;7;148;49;78;11;138;0;2;0;2;49;80;11;140;87;177;18;282;1;5;0;6;88;182;18;288;2020
12057;78;220;39;337;1;23;6;30;79;243;45;367;99;185;47;331;1;24;2;27;100;209;49;358;177;405;86;668;2;47;8;57;179;452;94;725;2020
12058;6;32;3;41;0;1;0;1;6;33;3;42;7;19;1;27;0;0;0;0;7;19;1;27;13;51;4;68;0;1;0;1;13;52;4;69;2020
12059;41;81;13;135;0;4;1;5;41;85;14;140;46;70;10;126;0;6;1;7;46;76;11;133;87;151;23;261;0;10;2;12;87;161;25;273;2020
12060;61;162;28;251;0;10;0;10;61;172;28;261;57;161;29;247;1;10;4;15;58;171;33;262;118;323;57;498;1;20;4;25;119;343;61;523;2020
12061;55;121;21;197;1;20;5;26;56;141;26;223;74;123;15;212;1;17;3;21;75;140;18;233;129;244;36;409;2;37;8;47;131;281;44;456;2020
12063;6;18;3;27;0;2;0;2;6;20;3;29;2;16;2;20;0;2;0;2;2;18;2;22;8;34;5;47;0;4;0;4;8;38;5;51;2020
12064;10;39;3;52;0;0;0;0;10;39;3;52;12;21;3;36;0;1;0;1;12;22;3;37;22;60;6;88;0;1;0;1;22;61;6;89;2020
12065;39;52;4;95;0;2;0;2;39;54;4;97;40;36;7;83;0;1;0;1;40;37;7;84;79;88;11;178;0;3;0;3;79;91;11;181;2020
12067;90;173;22;285;0;18;10;28;90;191;32;313;90;172;41;303;0;16;1;17;90;188;42;320;180;345;63;588;0;34;11;45;180;379;74;633;2020
12068;11;13;1;25;1;0;0;1;12;13;1;26;10;7;1;18;0;0;0;0;10;7;1;18;21;20;2;43;1;0;0;1;22;20;2;44;2020
12069;7;18;0;25;0;0;0;0;7;18;0;25;10;13;0;23;0;0;0;0;10;13;0;23;17;31;0;48;0;0;0;0;17;31;0;48;2020
12070;86;168;34;288;0;44;14;58;86;212;48;346;112;143;29;284;1;32;13;46;113;175;42;330;198;311;63;572;1;76;27;104;199;387;90;676;2020
12071;195;476;90;761;3;29;8;40;198;505;98;801;212;415;76;703;4;43;8;55;216;458;84;758;407;891;166;1464;7;72;16;95;414;963;182;1559;2020
12072;185;372;61;618;6;30;1;37;191;402;62;655;202;342;70;614;1;39;6;46;203;381;76;660;387;714;131;1232;7;69;7;83;394;783;138;1315;2020
12073;28;43;7;78;0;3;1;4;28;46;8;82;23;39;2;64;0;3;0;3;23;42;2;67;51;82;9;142;0;6;1;7;51;88;10;149;2020
12074;101;289;67;457;1;15;6;22;102;304;73;479;120;264;82;466;0;28;9;37;120;292;91;503;221;553;149;923;1;43;15;59;222;596;164;982;2020
12075;12;45;10;67;0;18;3;21;12;63;13;88;16;37;4;57;0;11;4;15;16;48;8;72;28;82;14;124;0;29;7;36;28;111;21;160;2020
12076;17;24;3;44;0;0;1;1;17;24;4;45;20;13;1;34;0;3;1;4;20;16;2;38;37;37;4;78;0;3;2;5;37;40;6;83;2020
12077;589;1971;445;3005;47;324;83;454;636;2295;528;3459;622;1736;395;2753;56;375;64;495;678;2111;459;3248;1211;3707;840;5758;103;699;147;949;1314;4406;987;6707;2020
12078;70;93;17;180;1;2;0;3;71;95;17;183;99;73;10;182;1;2;0;3;100;75;10;185;169;166;27;362;2;4;0;6;171;170;27;368;2020
12079;68;146;29;243;0;43;6;49;68;189;35;292;75;126;16;217;1;44;10;55;76;170;26;272;143;272;45;460;1;87;16;104;144;359;61;564;2020
12080;278;646;127;1051;6;107;20;133;284;753;147;1184;382;596;120;1098;4;113;17;134;386;709;137;1232;660;1242;247;2149;10;220;37;267;670;1462;284;2416;2020
12081;97;216;44;357;0;16;0;16;97;232;44;373;100;186;41;327;1;17;2;20;101;203;43;347;197;402;85;684;1;33;2;36;198;435;87;720;2020
12082;1138;3748;966;5852;12;594;173;779;1150;4342;1139;6631;1385;3550;935;5870;25;545;165;735;1410;4095;1100;6605;2523;7298;1901;11722;37;1139;338;1514;2560;8437;2239;13236;2020
12083;18;31;5;54;0;6;4;10;18;37;9;64;19;21;6;46;0;7;3;10;19;28;9;56;37;52;11;100;0;13;7;20;37;65;18;120;2020
12084;1808;7321;1844;10973;39;1149;323;1511;1847;8470;2167;12484;2230;6831;1829;10890;79;1250;277;1606;2309;8081;2106;12496;4038;14152;3673;21863;118;2399;600;3117;4156;16551;4273;24980;2020
12085;678;2050;472;3200;139;1120;292;1551;817;3170;764;4751;710;1761;482;2953;139;1217;279;1635;849;2978;761;4588;1388;3811;954;6153;278;2337;571;3186;1666;6148;1525;9339;2020
12087;3;14;3;20;0;0;0;0;3;14;3;20;4;9;1;14;0;0;0;0;4;9;1;14;7;23;4;34;0;0;0;0;7;23;4;34;2020
12088;7;33;3;43;0;0;0;0;7;33;3;43;5;19;1;25;0;0;0;0;5;19;1;25;12;52;4;68;0;0;0;0;12;52;4;68;2020
12089;619;1715;462;2796;237;707;147;1091;856;2422;609;3887;663;1629;428;2720;235;701;140;1076;898;2330;568;3796;1282;3344;890;5516;472;1408;287;2167;1754;4752;1177;7683;2020
12090;20;33;4;57;0;0;0;0;20;33;4;57;21;26;4;51;0;2;0;2;21;28;4;53;41;59;8;108;0;2;0;2;41;61;8;110;2020
12091;35;51;5;91;0;2;1;3;35;53;6;94;43;38;9;90;0;2;2;4;43;40;11;94;78;89;14;181;0;4;3;7;78;93;17;188;2020
12092;30;39;2;71;0;6;4;10;30;45;6;81;29;30;5;64;1;5;1;7;30;35;6;71;59;69;7;135;1;11;5;17;60;80;12;152;2020
12093;21;71;12;104;2;7;0;9;23;78;12;113;23;47;6;76;2;7;1;10;25;54;7;86;44;118;18;180;4;14;1;19;48;132;19;199;2020
12094;78;391;105;574;3;33;10;46;81;424;115;620;97;337;123;557;2;29;4;35;99;366;127;592;175;728;228;1131;5;62;14;81;180;790;242;1212;2020
12095;124;367;87;578;2;20;2;24;126;387;89;602;149;327;66;542;3;14;2;19;152;341;68;561;273;694;153;1120;5;34;4;43;278;728;157;1163;2020
12096;120;271;50;441;1;35;5;41;121;306;55;482;148;207;39;394;2;30;4;36;150;237;43;430;268;478;89;835;3;65;9;77;271;543;98;912;2020
12097;14;27;1;42;0;0;0;0;14;27;1;42;10;9;1;20;0;0;0;0;10;9;1;20;24;36;2;62;0;0;0;0;24;36;2;62;2020
12098;95;177;26;298;1;46;16;63;96;223;42;361;108;157;23;288;2;33;16;51;110;190;39;339;203;334;49;586;3;79;32;114;206;413;81;700;2020
12099;109;225;52;386;53;74;11;138;162;299;63;524;84;199;37;320;52;88;6;146;136;287;43;466;193;424;89;706;105;162;17;284;298;586;106;990;2020
12100;197;441;105;743;8;165;53;226;205;606;158;969;248;406;117;771;6;159;47;212;254;565;164;983;445;847;222;1514;14;324;100;438;459;1171;322;1952;2020
12101;64;120;23;207;1;19;6;26;65;139;29;233;77;101;24;202;1;25;5;31;78;126;29;233;141;221;47;409;2;44;11;57;143;265;58;466;2020
12102;94;172;44;310;5;59;17;81;99;231;61;391;101;153;32;286;5;54;18;77;106;207;50;363;195;325;76;596;10;113;35;158;205;438;111;754;2020
12103;19;26;3;48;0;1;0;1;19;27;3;49;24;17;3;44;0;2;0;2;24;19;3;46;43;43;6;92;0;3;0;3;43;46;6;95;2020
12104;876;2538;628;4042;12;374;81;467;888;2912;709;4509;1088;2455;592;4135;27;360;66;453;1115;2815;658;4588;1964;4993;1220;8177;39;734;147;920;2003;5727;1367;9097;2020
12105;140;299;39;478;4;31;7;42;144;330;46;520;158;220;44;422;4;38;4;46;162;258;48;468;298;519;83;900;8;69;11;88;306;588;94;988;2020
12106;164;423;99;686;2;26;6;34;166;449;105;720;190;401;101;692;1;39;4;44;191;440;105;736;354;824;200;1378;3;65;10;78;357;889;210;1456;2020
12107;56;127;21;204;1;6;0;7;57;133;21;211;64;109;16;189;2;7;0;9;66;116;16;198;120;236;37;393;3;13;0;16;123;249;37;409;2020
12108;68;163;37;268;1;7;1;9;69;170;38;277;61;148;27;236;2;8;1;11;63;156;28;247;129;311;64;504;3;15;2;20;132;326;66;524;2020
12109;74;271;53;398;1;9;1;11;75;280;54;409;102;215;63;380;0;11;1;12;102;226;64;392;176;486;116;778;1;20;2;23;177;506;118;801;2020
12110;43;79;7;129;1;2;0;3;44;81;7;132;51;55;7;113;0;2;0;2;51;57;7;115;94;134;14;242;1;4;0;5;95;138;14;247;2020
12111;61;110;15;186;1;21;5;27;62;131;20;213;80;85;14;179;1;18;9;28;81;103;23;207;141;195;29;365;2;39;14;55;143;234;43;420;2020
12112;19;41;8;68;1;12;3;16;20;53;11;84;14;29;6;49;0;7;1;8;14;36;7;57;33;70;14;117;1;19;4;24;34;89;18;141;2020
12113;12;34;3;49;0;1;0;1;12;35;3;50;12;26;3;41;1;3;1;5;13;29;4;46;24;60;6;90;1;4;1;6;25;64;7;96;2020
12114;34;76;11;121;0;6;1;7;34;82;12;128;37;57;4;98;0;6;0;6;37;63;4;104;71;133;15;219;0;12;1;13;71;145;16;232;2020
12115;49;70;2;121;0;10;5;15;49;80;7;136;39;48;8;95;0;7;3;10;39;55;11;105;88;118;10;216;0;17;8;25;88;135;18;241;2020
12116;7;19;1;27;0;0;0;0;7;19;1;27;10;24;0;34;0;0;0;0;10;24;0;34;17;43;1;61;0;0;0;0;17;43;1;61;2020
12117;517;1293;269;2079;40;582;134;756;557;1875;403;2835;635;1146;262;2043;46;529;121;696;681;1675;383;2739;1152;2439;531;4122;86;1111;255;1452;1238;3550;786;5574;2020
12118;7;38;2;47;0;1;0;1;7;39;2;48;9;25;4;38;0;3;0;3;9;28;4;41;16;63;6;85;0;4;0;4;16;67;6;89;2020
12119;36;41;10;87;1;7;0;8;37;48;10;95;30;39;2;71;0;1;0;1;30;40;2;72;66;80;12;158;1;8;0;9;67;88;12;167;2020
12120;32;46;3;81;0;3;0;3;32;49;3;84;37;32;2;71;0;7;0;7;37;39;2;78;69;78;5;152;0;10;0;10;69;88;5;162;2020
12121;197;336;69;602;6;67;19;92;203;403;88;694;214;302;76;592;7;62;12;81;221;364;88;673;411;638;145;1194;13;129;31;173;424;767;176;1367;2020
12122;133;261;45;439;15;40;4;59;148;301;49;498;132;228;36;396;15;46;4;65;147;274;40;461;265;489;81;835;30;86;8;124;295;575;89;959;2020
12123;5;18;2;25;0;0;0;0;5;18;2;25;4;20;1;25;0;1;0;1;4;21;1;26;9;38;3;50;0;1;0;1;9;39;3;51;2020
12124;268;715;169;1152;17;267;59;343;285;982;228;1495;277;609;158;1044;14;253;50;317;291;862;208;1361;545;1324;327;2196;31;520;109;660;576;1844;436;2856;2020
12125;29;83;8;120;0;10;0;10;29;93;8;130;48;59;10;117;0;14;2;16;48;73;12;133;77;142;18;237;0;24;2;26;77;166;20;263;2020
12126;2756;9391;2335;14482;40;859;232;1131;2796;10250;2567;15613;3455;9176;2181;14812;52;978;226;1256;3507;10154;2407;16068;6211;18567;4516;29294;92;1837;458;2387;6303;20404;4974;31681;2020
12127;14;25;0;39;0;0;0;0;14;25;0;39;8;18;1;27;0;0;0;0;8;18;1;27;22;43;1;66;0;0;0;0;22;43;1;66;2020
12128;174;594;136;904;5;73;18;96;179;667;154;1000;181;445;118;744;5;68;12;85;186;513;130;829;355;1039;254;1648;10;141;30;181;365;1180;284;1829;2020
12129;264;630;121;1015;1;53;17;71;265;683;138;1086;352;563;108;1023;1;69;18;88;353;632;126;1111;616;1193;229;2038;2;122;35;159;618;1315;264;2197;2020
12130;98;138;18;254;2;13;2;17;100;151;20;271;78;96;14;188;2;21;2;25;80;117;16;213;176;234;32;442;4;34;4;42;180;268;36;484;2020
12131;19;43;2;64;0;1;0;1;19;44;2;65;16;20;1;37;0;0;0;0;16;20;1;37;35;63;3;101;0;1;0;1;35;64;3;102;2020
12132;74;177;16;267;1;24;1;26;75;201;17;293;84;146;25;255;0;19;2;21;84;165;27;276;158;323;41;522;1;43;3;47;159;366;44;569;2020
12133;17;16;0;33;0;0;0;0;17;16;0;33;12;13;0;25;0;2;0;2;12;15;0;27;29;29;0;58;0;2;0;2;29;31;0;60;2020
12134;24;54;5;83;0;5;0;5;24;59;5;88;30;35;12;77;1;3;0;4;31;38;12;81;54;89;17;160;1;8;0;9;55;97;17;169;2020
12135;3523;14740;3991;22254;101;2475;658;3234;3624;17215;4649;25488;4670;14195;3632;22497;143;2545;620;3308;4813;16740;4252;25805;8193;28935;7623;44751;244;5020;1278;6542;8437;33955;8901;51293;2020
12136;327;983;226;1536;1;14;3;18;328;997;229;1554;438;921;186;1545;2;24;0;26;440;945;186;1571;765;1904;412;3081;3;38;3;44;768;1942;415;3125;2020
12137;5;15;1;21;0;0;0;0;5;15;1;21;10;10;1;21;0;0;0;0;10;10;1;21;15;25;2;42;0;0;0;0;15;25;2;42;2020
12138;2270;7284;1875;11429;228;2078;503;2809;2498;9362;2378;14238;2772;7276;1781;11829;219;2084;463;2766;2991;9360;2244;14595;5042;14560;3656;23258;447;4162;966;5575;5489;18722;4622;28833;2020
12139;68;100;7;175;0;7;2;9;68;107;9;184;55;76;11;142;0;7;0;7;55;83;11;149;123;176;18;317;0;14;2;16;123;190;20;333;2020
12140;205;412;77;694;3;101;25;129;208;513;102;823;207;349;80;636;2;88;23;113;209;437;103;749;412;761;157;1330;5;189;48;242;417;950;205;1572;2020
12141;17;33;4;54;0;3;1;4;17;36;5;58;17;25;6;48;0;3;2;5;17;28;8;53;34;58;10;102;0;6;3;9;34;64;13;111;2020
12142;31;52;3;86;0;5;0;5;31;57;3;91;26;35;3;64;0;4;3;7;26;39;6;71;57;87;6;150;0;9;3;12;57;96;9;162;2020
12901;391;1303;362;2056;7;128;39;174;398;1431;401;2230;474;1261;334;2069;10;134;21;165;484;1395;355;2234;865;2564;696;4125;17;262;60;339;882;2826;756;4464;2020
12902;217;979;297;1493;7;132;44;183;224;1111;341;1676;237;874;262;1373;12;136;35;183;249;1010;297;1556;454;1853;559;2866;19;268;79;366;473;2121;638;3232;2020
13001;183;430;61;674;0;20;7;27;183;450;68;701;206;371;52;629;0;17;4;21;206;388;56;650;389;801;113;1303;0;37;11;48;389;838;124;1351;2020
13002;243;476;95;814;0;14;4;18;243;490;99;832;305;409;82;796;2;23;4;29;307;432;86;825;548;885;177;1610;2;37;8;47;550;922;185;1657;2020
13003;86;146;12;244;0;1;1;2;86;147;13;246;101;113;14;228;0;2;0;2;101;115;14;230;187;259;26;472;0;3;1;4;187;262;27;476;2020
13004;158;343;42;543;0;21;4;25;158;364;46;568;196;278;41;515;1;22;2;25;197;300;43;540;354;621;83;1058;1;43;6;50;355;664;89;1108;2020
13005;2254;9208;2335;13797;34;952;196;1182;2288;10160;2531;14979;3132;9165;2306;14603;44;940;200;1184;3176;10105;2506;15787;5386;18373;4641;28400;78;1892;396;2366;5464;20265;5037;30766;2020
13006;66;182;19;267;0;6;3;9;66;188;22;276;92;157;8;257;0;6;3;9;92;163;11;266;158;339;27;524;0;12;6;18;158;351;33;542;2020
13007;147;486;68;701;0;5;1;6;147;491;69;707;205;396;70;671;1;7;1;9;206;403;71;680;352;882;138;1372;1;12;2;15;353;894;140;1387;2020
13008;71;133;12;216;1;9;0;10;72;142;12;226;91;128;11;230;0;5;0;5;91;133;11;235;162;261;23;446;1;14;0;15;163;275;23;461;2020
13009;211;485;81;777;0;43;4;47;211;528;85;824;260;429;70;759;0;38;10;48;260;467;80;807;471;914;151;1536;0;81;14;95;471;995;165;1631;2020
13010;103;349;49;501;0;6;0;6;103;355;49;507;140;309;41;490;0;8;0;8;140;317;41;498;243;658;90;991;0;14;0;14;243;672;90;1005;2020
13011;552;1569;298;2419;1;53;2;56;553;1622;300;2475;839;1518;300;2657;3;59;6;68;842;1577;306;2725;1391;3087;598;5076;4;112;8;124;1395;3199;606;5200;2020
13012;60;133;19;212;0;0;0;0;60;133;19;212;66;103;17;186;1;5;1;7;67;108;18;193;126;236;36;398;1;5;1;7;127;241;37;405;2020
13013;690;2782;703;4175;5;180;29;214;695;2962;732;4389;914;2788;629;4331;5;143;37;185;919;2931;666;4516;1604;5570;1332;8506;10;323;66;399;1614;5893;1398;8905;2020
13014;73;168;20;261;0;9;0;9;73;177;20;270;83;134;9;226;0;4;0;4;83;138;9;230;156;302;29;487;0;13;0;13;156;315;29;500;2020
13015;808;1802;334;2944;0;46;18;64;808;1848;352;3008;978;1660;281;2919;1;50;5;56;979;1710;286;2975;1786;3462;615;5863;1;96;23;120;1787;3558;638;5983;2020
13016;78;245;36;359;0;12;1;13;78;257;37;372;106;227;43;376;1;11;1;13;107;238;44;389;184;472;79;735;1;23;2;26;185;495;81;761;2020
13017;57;71;7;135;1;11;7;19;58;82;14;154;58;50;11;119;2;16;4;22;60;66;15;141;115;121;18;254;3;27;11;41;118;148;29;295;2020
13018;94;306;79;479;0;25;10;35;94;331;89;514;127;257;72;456;0;32;9;41;127;289;81;497;221;563;151;935;0;57;19;76;221;620;170;1011;2020
13019;566;1998;422;2986;6;408;99;513;572;2406;521;3499;682;1936;402;3020;7;336;93;436;689;2272;495;3456;1248;3934;824;6006;13;744;192;949;1261;4678;1016;6955;2020
13020;559;1838;446;2843;1;62;14;77;560;1900;460;2920;705;1658;481;2844;0;69;8;77;705;1727;489;2921;1264;3496;927;5687;1;131;22;154;1265;3627;949;5841;2020
13021;91;129;10;230;0;1;0;1;91;130;10;231;77;101;8;186;0;4;0;4;77;105;8;190;168;230;18;416;0;5;0;5;168;235;18;421;2020
13022;51;121;16;188;1;1;0;2;52;122;16;190;75;99;10;184;0;2;0;2;75;101;10;186;126;220;26;372;1;3;0;4;127;223;26;376;2020
13023;911;3627;895;5433;4;632;105;741;915;4259;1000;6174;1185;3389;804;5378;5;375;87;467;1190;3764;891;5845;2096;7016;1699;10811;9;1007;192;1208;2105;8023;1891;12019;2020
13024;135;317;52;504;0;6;3;9;135;323;55;513;174;264;38;476;1;5;0;6;175;269;38;482;309;581;90;980;1;11;3;15;310;592;93;995;2020
13025;50;94;16;160;1;4;3;8;51;98;19;168;51;75;10;136;0;7;1;8;51;82;11;144;101;169;26;296;1;11;4;16;102;180;30;312;2020
13026;72;145;21;238;0;6;5;11;72;151;26;249;100;99;15;214;0;8;2;10;100;107;17;224;172;244;36;452;0;14;7;21;172;258;43;473;2020
13027;406;1141;183;1730;1;57;14;72;407;1198;197;1802;564;1031;176;1771;0;45;12;57;564;1076;188;1828;970;2172;359;3501;1;102;26;129;971;2274;385;3630;2020
13028;1179;3947;925;6051;12;452;127;591;1191;4399;1052;6642;1536;3718;847;6101;14;430;125;569;1550;4148;972;6670;2715;7665;1772;12152;26;882;252;1160;2741;8547;2024;13312;2020
13029;17;36;1;54;0;2;2;4;17;38;3;58;17;20;3;40;0;1;1;2;17;21;4;42;34;56;4;94;0;3;3;6;34;59;7;100;2020
13030;21;39;6;66;0;3;0;3;21;42;6;69;27;22;2;51;0;2;0;2;27;24;2;53;48;61;8;117;0;5;0;5;48;66;8;122;2020
13031;244;1048;222;1514;1;32;5;38;245;1080;227;1552;300;930;254;1484;1;51;11;63;301;981;265;1547;544;1978;476;2998;2;83;16;101;546;2061;492;3099;2020
13032;155;402;51;608;0;3;0;3;155;405;51;611;186;346;44;576;0;1;0;1;186;347;44;577;341;748;95;1184;0;4;0;4;341;752;95;1188;2020
13033;228;572;91;891;0;56;9;65;228;628;100;956;260;498;111;869;1;30;6;37;261;528;117;906;488;1070;202;1760;1;86;15;102;489;1156;217;1862;2020
13034;5390;22597;5828;33815;57;1561;340;1958;5447;24158;6168;35773;7924;24116;5526;37566;98;1749;318;2165;8022;25865;5844;39731;13314;46713;11354;71381;155;3310;658;4123;13469;50023;12012;75504;2020
13035;119;340;61;520;2;10;5;17;121;350;66;537;158;329;72;559;1;16;4;21;159;345;76;580;277;669;133;1079;3;26;9;38;280;695;142;1117;2020
13036;143;283;37;463;0;6;1;7;143;289;38;470;147;199;53;399;0;7;1;8;147;206;54;407;290;482;90;862;0;13;2;15;290;495;92;877;2020
13037;117;262;40;419;1;56;7;64;118;318;47;483;163;230;36;429;1;34;5;40;164;264;41;469;280;492;76;848;2;90;12;104;282;582;88;952;2020
13038;228;551;81;860;2;4;1;7;230;555;82;867;311;497;104;912;0;9;2;11;311;506;106;923;539;1048;185;1772;2;13;3;18;541;1061;188;1790;2020
13039;1518;5634;1277;8429;17;434;100;551;1535;6068;1377;8980;2041;5240;1190;8471;20;350;95;465;2061;5590;1285;8936;3559;10874;2467;16900;37;784;195;1016;3596;11658;2662;17916;2020
13040;138;292;58;488;0;15;0;15;138;307;58;503;165;253;51;469;0;12;1;13;165;265;52;482;303;545;109;957;0;27;1;28;303;572;110;985;2020
13041;49;80;10;139;0;4;1;5;49;84;11;144;52;50;3;105;0;2;2;4;52;52;5;109;101;130;13;244;0;6;3;9;101;136;16;253;2020
13042;141;324;52;517;0;9;2;11;141;333;54;528;144;277;65;486;0;8;2;10;144;285;67;496;285;601;117;1003;0;17;4;21;285;618;121;1024;2020
13043;48;60;2;110;0;2;0;2;48;62;2;112;52;46;1;99;0;0;0;0;52;46;1;99;100;106;3;209;0;2;0;2;100;108;3;211;2020
13044;354;983;203;1540;3;82;32;117;357;1065;235;1657;419;862;163;1444;0;83;24;107;419;945;187;1551;773;1845;366;2984;3;165;56;224;776;2010;422;3208;2020
13045;96;209;28;333;0;22;1;23;96;231;29;356;124;194;33;351;0;10;0;10;124;204;33;361;220;403;61;684;0;32;1;33;220;435;62;717;2020
13046;103;212;17;332;0;1;1;2;103;213;18;334;136;195;22;353;1;7;2;10;137;202;24;363;239;407;39;685;1;8;3;12;240;415;42;697;2020
13047;614;2359;604;3577;16;568;150;734;630;2927;754;4311;796;2150;558;3504;15;499;127;641;811;2649;685;4145;1410;4509;1162;7081;31;1067;277;1375;1441;5576;1439;8456;2020
13048;98;152;17;267;1;1;0;2;99;153;17;269;125;108;19;252;0;1;0;1;125;109;19;253;223;260;36;519;1;2;0;3;224;262;36;522;2020
13049;120;258;43;421;0;9;2;11;120;267;45;432;122;222;44;388;1;11;1;13;123;233;45;401;242;480;87;809;1;20;3;24;243;500;90;833;2020
13050;78;157;23;258;0;18;5;23;78;175;28;281;91;145;18;254;2;15;6;23;93;160;24;277;169;302;41;512;2;33;11;46;171;335;52;558;2020
13051;59;128;9;196;0;2;0;2;59;130;9;198;71;85;7;163;2;1;0;3;73;86;7;166;130;213;16;359;2;3;0;5;132;216;16;364;2020
13052;721;2369;536;3626;3;201;50;254;724;2570;586;3880;984;2201;552;3737;10;201;53;264;994;2402;605;4001;1705;4570;1088;7363;13;402;103;518;1718;4972;1191;7881;2020
13053;1526;5490;1309;8325;9;445;113;567;1535;5935;1422;8892;1999;5279;1274;8552;32;406;80;518;2031;5685;1354;9070;3525;10769;2583;16877;41;851;193;1085;3566;11620;2776;17962;2020
13054;562;1902;416;2880;1;89;14;104;563;1991;430;2984;689;1782;407;2878;1;68;11;80;690;1850;418;2958;1251;3684;823;5758;2;157;25;184;1253;3841;848;5942;2020
13055;116;206;18;340;0;3;0;3;116;209;18;343;145;153;21;319;0;5;2;7;145;158;23;326;261;359;39;659;0;8;2;10;261;367;41;669;2020
13056;839;5200;1516;7555;4;174;59;237;843;5374;1575;7792;1002;5034;1392;7428;7;228;43;278;1009;5262;1435;7706;1841;10234;2908;14983;11;402;102;515;1852;10636;3010;15498;2020
13057;142;421;73;636;1;29;10;40;143;450;83;676;179;361;49;589;1;24;4;29;180;385;53;618;321;782;122;1225;2;53;14;69;323;835;136;1294;2020
13058;484;1546;401;2431;4;162;43;209;488;1708;444;2640;598;1454;339;2391;6;139;32;177;604;1593;371;2568;1082;3000;740;4822;10;301;75;386;1092;3301;815;5208;2020
13059;38;64;9;111;1;2;2;5;39;66;11;116;40;48;10;98;1;5;1;7;41;53;11;105;78;112;19;209;2;7;3;12;80;119;22;221;2020
13060;70;83;2;155;0;7;0;7;70;90;2;162;52;69;10;131;0;0;0;0;52;69;10;131;122;152;12;286;0;7;0;7;122;159;12;293;2020
13061;667;2155;507;3329;4;271;68;343;671;2426;575;3672;831;1988;468;3287;6;260;60;326;837;2248;528;3613;1498;4143;975;6616;10;531;128;669;1508;4674;1103;7285;2020
13062;69;221;49;339;0;5;1;6;69;226;50;345;66;212;40;318;0;4;1;5;66;216;41;323;135;433;89;657;0;9;2;11;135;442;91;668;2020
13063;418;1464;277;2159;3;52;12;67;421;1516;289;2226;539;1285;268;2092;1;51;9;61;540;1336;277;2153;957;2749;545;4251;4;103;21;128;961;2852;566;4379;2020
13064;117;871;332;1320;2;43;10;55;119;914;342;1375;130;779;310;1219;6;55;12;73;136;834;322;1292;247;1650;642;2539;8;98;22;128;255;1748;664;2667;2020
13065;397;1017;220;1634;7;105;35;147;404;1122;255;1781;472;900;172;1544;3;105;32;140;475;1005;204;1684;869;1917;392;3178;10;210;67;287;879;2127;459;3465;2020
13066;239;1117;335;1691;4;113;25;142;243;1230;360;1833;274;1035;317;1626;2;103;22;127;276;1138;339;1753;513;2152;652;3317;6;216;47;269;519;2368;699;3586;2020
13067;60;112;6;178;1;10;0;11;61;122;6;189;68;92;4;164;0;5;1;6;68;97;5;170;128;204;10;342;1;15;1;17;129;219;11;359;2020
13068;156;418;60;634;0;3;2;5;156;421;62;639;144;309;62;515;0;7;1;8;144;316;63;523;300;727;122;1149;0;10;3;13;300;737;125;1162;2020
13069;112;212;19;343;0;13;2;15;112;225;21;358;128;166;27;321;0;6;1;7;128;172;28;328;240;378;46;664;0;19;3;22;240;397;49;686;2020
13070;99;288;45;432;0;11;2;13;99;299;47;445;138;234;56;428;0;12;6;18;138;246;62;446;237;522;101;860;0;23;8;31;237;545;109;891;2020
13071;4346;14149;3392;21887;23;506;133;662;4369;14655;3525;22549;5780;14164;3288;23232;41;642;143;826;5821;14806;3431;24058;10126;28313;6680;45119;64;1148;276;1488;10190;29461;6956;46607;2020
13072;120;278;48;446;2;50;11;63;122;328;59;509;137;191;40;368;0;38;12;50;137;229;52;418;257;469;88;814;2;88;23;113;259;557;111;927;2020
13073;94;178;22;294;0;4;0;4;94;182;22;298;91;146;27;264;0;2;0;2;91;148;27;266;185;324;49;558;0;6;0;6;185;330;49;564;2020
13074;144;351;67;562;1;3;0;4;145;354;67;566;153;306;80;539;0;4;0;4;153;310;80;543;297;657;147;1101;1;7;0;8;298;664;147;1109;2020
13075;34;71;10;115;0;1;0;1;34;72;10;116;38;48;4;90;0;1;0;1;38;49;4;91;72;119;14;205;0;2;0;2;72;121;14;207;2020
13076;67;156;22;245;0;4;0;4;67;160;22;249;100;136;26;262;0;4;0;4;100;140;26;266;167;292;48;507;0;8;0;8;167;300;48;515;2020
13077;391;1296;240;1927;2;80;17;99;393;1376;257;2026;528;1216;226;1970;4;68;17;89;532;1284;243;2059;919;2512;466;3897;6;148;34;188;925;2660;500;4085;2020
13078;1020;3541;855;5416;9;556;109;674;1029;4097;964;6090;1294;3295;800;5389;8;466;126;600;1302;3761;926;5989;2314;6836;1655;10805;17;1022;235;1274;2331;7858;1890;12079;2020
13079;1225;5015;1189;7429;5;313;60;378;1230;5328;1249;7807;1576;4657;1095;7328;6;220;58;284;1582;4877;1153;7612;2801;9672;2284;14757;11;533;118;662;2812;10205;2402;15419;2020
13080;48;113;7;168;0;0;0;0;48;113;7;168;68;73;3;144;1;1;0;2;69;74;3;146;116;186;10;312;1;1;0;2;117;187;10;314;2020
13081;66;235;30;331;1;6;0;7;67;241;30;338;98;185;26;309;0;6;0;6;98;191;26;315;164;420;56;640;1;12;0;13;165;432;56;653;2020
13082;2602;10357;2789;15748;45;1784;395;2224;2647;12141;3184;17972;3467;10005;2612;16084;73;1674;365;2112;3540;11679;2977;18196;6069;20362;5401;31832;118;3458;760;4336;6187;23820;6161;36168;2020
13083;330;875;210;1415;1;55;11;67;331;930;221;1482;367;827;222;1416;1;52;15;68;368;879;237;1484;697;1702;432;2831;2;107;26;135;699;1809;458;2966;2020
13084;144;277;61;482;0;8;1;9;144;285;62;491;168;273;58;499;0;10;0;10;168;283;58;509;312;550;119;981;0;18;1;19;312;568;120;1000;2020
13085;282;823;199;1304;1;25;6;32;283;848;205;1336;345;766;185;1296;0;30;5;35;345;796;190;1331;627;1589;384;2600;1;55;11;67;628;1644;395;2667;2020
13086;39;42;6;87;0;1;0;1;39;43;6;88;45;33;2;80;0;0;0;0;45;33;2;80;84;75;8;167;0;1;0;1;84;76;8;168;2020
13087;2236;9274;2314;13824;24;747;171;942;2260;10021;2485;14766;3045;9256;2192;14493;44;781;168;993;3089;10037;2360;15486;5281;18530;4506;28317;68;1528;339;1935;5349;20058;4845;30252;2020
13088;61;213;30;304;2;3;3;8;63;216;33;312;87;219;49;355;1;5;1;7;88;224;50;362;148;432;79;659;3;8;4;15;151;440;83;674;2020
13089;262;518;80;860;0;15;2;17;262;533;82;877;354;462;77;893;0;15;5;20;354;477;82;913;616;980;157;1753;0;30;7;37;616;1010;164;1790;2020
13090;128;356;55;539;0;12;2;14;128;368;57;553;190;335;42;567;0;7;1;8;190;342;43;575;318;691;97;1106;0;19;3;22;318;710;100;1128;2020
13091;92;178;32;302;1;6;1;8;93;184;33;310;110;155;34;299;1;9;1;11;111;164;35;310;202;333;66;601;2;15;2;19;204;348;68;620;2020
13092;260;624;125;1009;2;31;1;34;262;655;126;1043;324;530;99;953;1;33;3;37;325;563;102;990;584;1154;224;1962;3;64;4;71;587;1218;228;2033;2020
13093;505;1445;223;2173;5;209;40;254;510;1654;263;2427;665;1325;221;2211;6;183;42;231;671;1508;263;2442;1170;2770;444;4384;11;392;82;485;1181;3162;526;4869;2020
13094;57;94;2;153;0;1;0;1;57;95;2;154;67;63;1;131;0;4;2;6;67;67;3;137;124;157;3;284;0;5;2;7;124;162;5;291;2020
13095;14;18;1;33;0;1;0;1;14;19;1;34;14;11;1;26;0;1;0;1;14;12;1;27;28;29;2;59;0;2;0;2;28;31;2;61;2020
13096;850;2922;686;4458;6;324;79;409;856;3246;765;4867;1065;2800;646;4511;5;305;74;384;1070;3105;720;4895;1915;5722;1332;8969;11;629;153;793;1926;6351;1485;9762;2020
13097;279;813;171;1263;3;76;40;119;282;889;211;1382;345;757;156;1258;3;72;24;99;348;829;180;1357;624;1570;327;2521;6;148;64;218;630;1718;391;2739;2020
13098;292;653;120;1065;2;23;4;29;294;676;124;1094;399;611;115;1125;1;33;3;37;400;644;118;1162;691;1264;235;2190;3;56;7;66;694;1320;242;2256;2020
13901;141;331;54;526;0;18;7;25;141;349;61;551;138;276;55;469;1;30;2;33;139;306;57;502;279;607;109;995;1;48;9;58;280;655;118;1053;2020
13902;46;185;24;255;0;11;2;13;46;196;26;268;62;159;35;256;5;18;2;25;67;177;37;281;108;344;59;511;5;29;4;38;113;373;63;549;2020
13903;80;179;36;295;0;9;1;10;80;188;37;305;92;146;33;271;1;10;1;12;93;156;34;283;172;325;69;566;1;19;2;22;173;344;71;588;2020
13904;65;176;43;284;0;50;3;53;65;226;46;337;86;168;46;300;0;42;4;46;86;210;50;346;151;344;89;584;0;92;7;99;151;436;96;683;2020
14001;417;1328;331;2076;0;40;8;48;417;1368;339;2124;483;1216;265;1964;1;42;6;49;484;1258;271;2013;900;2544;596;4040;1;82;14;97;901;2626;610;4137;2020
14002;1076;4436;1038;6550;3;106;20;129;1079;4542;1058;6679;1406;4232;935;6573;6;104;20;130;1412;4336;955;6703;2482;8668;1973;13123;9;210;40;259;2491;8878;2013;13382;2020
14003;176;438;95;709;0;8;0;8;176;446;95;717;246;400;96;742;0;11;0;11;246;411;96;753;422;838;191;1451;0;19;0;19;422;857;191;1470;2020
14004;228;741;150;1119;4;51;9;64;232;792;159;1183;302;698;135;1135;3;41;8;52;305;739;143;1187;530;1439;285;2254;7;92;17;116;537;1531;302;2370;2020
14005;619;2588;704;3911;4;36;10;50;623;2624;714;3961;784;2457;664;3905;4;59;3;66;788;2516;667;3971;1403;5045;1368;7816;8;95;13;116;1411;5140;1381;7932;2020
14006;172;464;115;751;0;5;1;6;172;469;116;757;217;438;110;765;0;8;0;8;217;446;110;773;389;902;225;1516;0;13;1;14;389;915;226;1530;2020
14007;1410;6115;1569;9094;7;477;42;526;1417;6592;1611;9620;1832;5867;1487;9186;7;184;48;239;1839;6051;1535;9425;3242;11982;3056;18280;14;661;90;765;3256;12643;3146;19045;2020
14008;362;969;199;1530;2;24;7;33;364;993;206;1563;487;967;187;1641;0;24;7;31;487;991;194;1672;849;1936;386;3171;2;48;14;64;851;1984;400;3235;2020
14009;320;934;149;1403;2;15;0;17;322;949;149;1420;460;856;168;1484;1;16;0;17;461;872;168;1501;780;1790;317;2887;3;31;0;34;783;1821;317;2921;2020
14010;378;1645;411;2434;4;23;6;33;382;1668;417;2467;483;1577;387;2447;0;39;10;49;483;1616;397;2496;861;3222;798;4881;4;62;16;82;865;3284;814;4963;2020
14011;77;218;37;332;0;7;0;7;77;225;37;339;91;187;44;322;0;3;0;3;91;190;44;325;168;405;81;654;0;10;0;10;168;415;81;664;2020
14012;645;2373;572;3590;1;39;11;51;646;2412;583;3641;842;2274;504;3620;1;44;14;59;843;2318;518;3679;1487;4647;1076;7210;2;83;25;110;1489;4730;1101;7320;2020
14013;1737;6428;1481;9646;11;210;64;285;1748;6638;1545;9931;2376;6345;1253;9974;9;387;46;442;2385;6732;1299;10416;4113;12773;2734;19620;20;597;110;727;4133;13370;2844;20347;2020
14014;304;973;192;1469;1;29;10;40;305;1002;202;1509;400;829;143;1372;0;31;11;42;400;860;154;1414;704;1802;335;2841;1;60;21;82;705;1862;356;2923;2020
14015;249;783;149;1181;2;19;1;22;251;802;150;1203;313;719;115;1147;1;19;1;21;314;738;116;1168;562;1502;264;2328;3;38;2;43;565;1540;266;2371;2020
14016;171;476;82;729;0;4;2;6;171;480;84;735;236;413;77;726;0;8;2;10;236;421;79;736;407;889;159;1455;0;12;4;16;407;901;163;1471;2020
14017;1093;4500;1257;6850;7;129;34;170;1100;4629;1291;7020;1264;4330;1235;6829;8;190;32;230;1272;4520;1267;7059;2357;8830;2492;13679;15;319;66;400;2372;9149;2558;14079;2020
14018;387;1400;349;2136;0;21;2;23;387;1421;351;2159;506;1366;307;2179;1;19;5;25;507;1385;312;2204;893;2766;656;4315;1;40;7;48;894;2806;663;4363;2020
14019;668;2519;533;3720;1;84;30;115;669;2603;563;3835;882;2435;507;3824;2;76;30;108;884;2511;537;3932;1550;4954;1040;7544;3;160;60;223;1553;5114;1100;7767;2020
14020;65;106;9;180;0;2;0;2;65;108;9;182;73;96;11;180;0;4;0;4;73;100;11;184;138;202;20;360;0;6;0;6;138;208;20;366;2020
14021;25615;100776;26019;152410;125;3321;667;4113;25740;104097;26686;156523;36364;103373;24580;164317;206;4338;655;5199;36570;107711;25235;169516;61979;204149;50599;316727;331;7659;1322;9312;62310;211808;51921;326039;2020
14022;408;1511;308;2227;1;12;4;17;409;1523;312;2244;544;1477;329;2350;1;19;1;21;545;1496;330;2371;952;2988;637;4577;2;31;5;38;954;3019;642;4615;2020
14023;236;778;164;1178;0;8;6;14;236;786;170;1192;273;737;180;1190;0;12;0;12;273;749;180;1202;509;1515;344;2368;0;20;6;26;509;1535;350;2394;2020
14024;197;726;162;1085;1;26;5;32;198;752;167;1117;262;690;149;1101;2;28;6;36;264;718;155;1137;459;1416;311;2186;3;54;11;68;462;1470;322;2254;2020
14025;412;1017;192;1621;0;21;9;30;412;1038;201;1651;500;932;167;1599;0;32;7;39;500;964;174;1638;912;1949;359;3220;0;53;16;69;912;2002;375;3289;2020
14026;246;760;176;1182;0;20;4;24;246;780;180;1206;345;688;136;1169;0;25;5;30;345;713;141;1199;591;1448;312;2351;0;45;9;54;591;1493;321;2405;2020
14027;825;3182;768;4775;3;38;12;53;828;3220;780;4828;1029;2989;715;4733;2;81;7;90;1031;3070;722;4823;1854;6171;1483;9508;5;119;19;143;1859;6290;1502;9651;2020
14028;45;107;18;170;0;1;0;1;45;108;18;171;47;100;23;170;0;1;0;1;47;101;23;171;92;207;41;340;0;2;0;2;92;209;41;342;2020
14029;563;1505;239;2307;1;13;3;17;564;1518;242;2324;644;1301;201;2146;1;29;1;31;645;1330;202;2177;1207;2806;440;4453;2;42;4;48;1209;2848;444;4501;2020
14030;720;3153;867;4740;5;98;28;131;725;3251;895;4871;897;3041;816;4754;2;121;18;141;899;3162;834;4895;1617;6194;1683;9494;7;219;46;272;1624;6413;1729;9766;2020
14031;74;196;43;313;2;8;0;10;76;204;43;323;97;194;40;331;0;11;1;12;97;205;41;343;171;390;83;644;2;19;1;22;173;409;84;666;2020
14032;48;147;23;218;0;4;0;4;48;151;23;222;71;120;19;210;0;7;0;7;71;127;19;217;119;267;42;428;0;11;0;11;119;278;42;439;2020
14033;97;533;141;771;1;7;1;9;98;540;142;780;128;498;140;766;1;12;0;13;129;510;140;779;225;1031;281;1537;2;19;1;22;227;1050;282;1559;2020
14034;56;97;27;180;0;1;0;1;56;98;27;181;69;83;17;169;0;2;0;2;69;85;17;171;125;180;44;349;0;3;0;3;125;183;44;352;2020
14035;750;2087;440;3277;1;22;5;28;751;2109;445;3305;983;2002;371;3356;2;41;3;46;985;2043;374;3402;1733;4089;811;6633;3;63;8;74;1736;4152;819;6707;2020
14036;335;1529;326;2190;1;36;7;44;336;1565;333;2234;491;1400;312;2203;1;39;3;43;492;1439;315;2246;826;2929;638;4393;2;75;10;87;828;3004;648;4480;2020
14037;467;1125;209;1801;97;166;14;277;564;1291;223;2078;524;1084;191;1799;77;165;15;257;601;1249;206;2056;991;2209;400;3600;174;331;29;534;1165;2540;429;4134;2020
14038;2885;13610;3833;20328;25;731;175;931;2910;14341;4008;21259;3571;13442;3548;20561;29;733;151;913;3600;14175;3699;21474;6456;27052;7381;40889;54;1464;326;1844;6510;28516;7707;42733;2020
14039;316;985;169;1470;2;22;5;29;318;1007;174;1499;379;905;163;1447;3;26;1;30;382;931;164;1477;695;1890;332;2917;5;48;6;59;700;1938;338;2976;2020
14040;459;1421;312;2192;0;11;0;11;459;1432;312;2203;538;1343;353;2234;1;23;6;30;539;1366;359;2264;997;2764;665;4426;1;34;6;41;998;2798;671;4467;2020
14041;359;1236;272;1867;0;47;11;58;359;1283;283;1925;444;1151;266;1861;1;59;10;70;445;1210;276;1931;803;2387;538;3728;1;106;21;128;804;2493;559;3856;2020
14042;2060;7314;1629;11003;7;190;93;290;2067;7504;1722;11293;2555;7053;1461;11069;7;287;83;377;2562;7340;1544;11446;4615;14367;3090;22072;14;477;176;667;4629;14844;3266;22739;2020
14043;720;2982;772;4474;5;85;27;117;725;3067;799;4591;999;2850;735;4584;3;96;19;118;1002;2946;754;4702;1719;5832;1507;9058;8;181;46;235;1727;6013;1553;9293;2020
14044;156;662;138;956;0;5;2;7;156;667;140;963;210;614;142;966;1;11;2;14;211;625;144;980;366;1276;280;1922;1;16;4;21;367;1292;284;1943;2020
14045;284;1266;293;1843;1;14;5;20;285;1280;298;1863;338;1192;287;1817;0;18;3;21;338;1210;290;1838;622;2458;580;3660;1;32;8;41;623;2490;588;3701;2020
14046;435;1832;431;2698;1;13;3;17;436;1845;434;2715;543;1686;366;2595;3;25;3;31;546;1711;369;2626;978;3518;797;5293;4;38;6;48;982;3556;803;5341;2020
14047;147;716;158;1021;2;28;6;36;149;744;164;1057;164;622;150;936;0;14;1;15;164;636;151;951;311;1338;308;1957;2;42;7;51;313;1380;315;2008;2020
14048;133;474;111;718;5;17;1;23;138;491;112;741;170;435;91;696;3;21;4;28;173;456;95;724;303;909;202;1414;8;38;5;51;311;947;207;1465;2020
14049;1627;6508;1615;9750;11;544;101;656;1638;7052;1716;10406;2054;6358;1534;9946;21;465;90;576;2075;6823;1624;10522;3681;12866;3149;19696;32;1009;191;1232;3713;13875;3340;20928;2020
14050;226;969;212;1407;0;10;3;13;226;979;215;1420;306;877;197;1380;0;14;1;15;306;891;198;1395;532;1846;409;2787;0;24;4;28;532;1870;413;2815;2020
14051;202;454;79;735;0;3;0;3;202;457;79;738;253;431;53;737;1;3;3;7;254;434;56;744;455;885;132;1472;1;6;3;10;456;891;135;1482;2020
14052;1056;3381;620;5057;4;40;5;49;1060;3421;625;5106;1452;3274;650;5376;7;59;13;79;1459;3333;663;5455;2508;6655;1270;10433;11;99;18;128;2519;6754;1288;10561;2020
14053;582;2402;580;3564;10;38;13;61;592;2440;593;3625;764;2280;571;3615;13;56;9;78;777;2336;580;3693;1346;4682;1151;7179;23;94;22;139;1369;4776;1173;7318;2020
14054;1279;5509;1281;8069;9;231;51;291;1288;5740;1332;8360;1854;5425;1241;8520;7;251;66;324;1861;5676;1307;8844;3133;10934;2522;16589;16;482;117;615;3149;11416;2639;17204;2020
14055;1972;7140;1574;10686;32;158;43;233;2004;7298;1617;10919;2616;6959;1600;11175;28;218;27;273;2644;7177;1627;11448;4588;14099;3174;21861;60;376;70;506;4648;14475;3244;22367;2020
14056;2239;9528;2382;14149;21;511;146;678;2260;10039;2528;14827;2882;9292;2318;14492;26;455;143;624;2908;9747;2461;15116;5121;18820;4700;28641;47;966;289;1302;5168;19786;4989;29943;2020
14057;619;2514;536;3669;1;55;18;74;620;2569;554;3743;765;2370;537;3672;5;85;24;114;770;2455;561;3786;1384;4884;1073;7341;6;140;42;188;1390;5024;1115;7529;2020
14058;853;3060;738;4651;12;223;50;285;865;3283;788;4936;1192;2881;685;4758;17;157;30;204;1209;3038;715;4962;2045;5941;1423;9409;29;380;80;489;2074;6321;1503;9898;2020
14059;104;245;57;406;0;1;1;2;104;246;58;408;105;237;52;394;0;2;0;2;105;239;52;396;209;482;109;800;0;3;1;4;209;485;110;804;2020
14060;413;1470;390;2273;1;36;6;43;414;1506;396;2316;470;1435;339;2244;2;44;8;54;472;1479;347;2298;883;2905;729;4517;3;80;14;97;886;2985;743;4614;2020
14061;120;225;25;370;1;1;0;2;121;226;25;372;160;185;24;369;1;1;0;2;161;186;24;371;280;410;49;739;2;2;0;4;282;412;49;743;2020
14062;149;310;48;507;0;3;0;3;149;313;48;510;196;291;36;523;1;6;0;7;197;297;36;530;345;601;84;1030;1;9;0;10;346;610;84;1040;2020
14063;148;346;57;551;0;9;1;10;148;355;58;561;201;299;49;549;0;7;1;8;201;306;50;557;349;645;106;1100;0;16;2;18;349;661;108;1118;2020
14064;51;100;17;168;0;2;0;2;51;102;17;170;59;96;20;175;0;3;0;3;59;99;20;178;110;196;37;343;0;5;0;5;110;201;37;348;2020
14065;197;744;197;1138;0;4;0;4;197;748;197;1142;240;699;190;1129;0;17;1;18;240;716;191;1147;437;1443;387;2267;0;21;1;22;437;1464;388;2289;2020
14066;546;2363;569;3478;1;23;8;32;547;2386;577;3510;751;2210;554;3515;3;33;6;42;754;2243;560;3557;1297;4573;1123;6993;4;56;14;74;1301;4629;1137;7067;2020
14067;317;1699;458;2474;1;10;4;15;318;1709;462;2489;431;1484;427;2342;1;26;2;29;432;1510;429;2371;748;3183;885;4816;2;36;6;44;750;3219;891;4860;2020
14068;78;172;26;276;2;24;2;28;80;196;28;304;113;154;25;292;2;21;2;25;115;175;27;317;191;326;51;568;4;45;4;53;195;371;55;621;2020
14069;812;2871;559;4242;2;60;5;67;814;2931;564;4309;1215;2554;529;4298;1;54;9;64;1216;2608;538;4362;2027;5425;1088;8540;3;114;14;131;2030;5539;1102;8671;2020
14070;217;428;81;726;0;12;1;13;217;440;82;739;264;373;63;700;0;8;1;9;264;381;64;709;481;801;144;1426;0;20;2;22;481;821;146;1448;2020
14071;122;315;55;492;0;4;0;4;122;319;55;496;154;280;75;509;1;9;0;10;155;289;75;519;276;595;130;1001;1;13;0;14;277;608;130;1015;2020
14072;167;328;61;556;2;5;3;10;169;333;64;566;205;291;50;546;1;5;0;6;206;296;50;552;372;619;111;1102;3;10;3;16;375;629;114;1118;2020
14073;413;1038;175;1626;2;9;3;14;415;1047;178;1640;477;865;180;1522;2;31;5;38;479;896;185;1560;890;1903;355;3148;4;40;8;52;894;1943;363;3200;2020
14074;274;824;153;1251;0;4;1;5;274;828;154;1256;382;757;101;1240;1;18;2;21;383;775;103;1261;656;1581;254;2491;1;22;3;26;657;1603;257;2517;2020
14075;70;199;39;308;3;6;3;12;73;205;42;320;108;178;21;307;2;6;0;8;110;184;21;315;178;377;60;615;5;12;3;20;183;389;63;635;2020
14901;118;373;84;575;0;13;4;17;118;386;88;592;122;330;88;540;0;14;2;16;122;344;90;556;240;703;172;1115;0;27;6;33;240;730;178;1148;2020
14902;117;451;122;690;1;7;4;12;118;458;126;702;139;416;106;661;0;12;4;16;139;428;110;677;256;867;228;1351;1;19;8;28;257;886;236;1379;2020
15001;748;1599;292;2639;2;21;3;26;750;1620;295;2665;900;1491;300;2691;6;35;1;42;906;1526;301;2733;1648;3090;592;5330;8;56;4;68;1656;3146;596;5398;2020
15002;1670;10158;2822;14650;43;624;127;794;1713;10782;2949;15444;2231;10750;2716;15697;85;763;115;963;2316;11513;2831;16660;3901;20908;5538;30347;128;1387;242;1757;4029;22295;5780;32104;2020
15003;332;529;76;937;2;8;1;11;334;537;77;948;389;419;61;869;4;11;2;17;393;430;63;886;721;948;137;1806;6;19;3;28;727;967;140;1834;2020
15004;667;1775;345;2787;9;42;21;72;676;1817;366;2859;864;1716;322;2902;6;50;12;68;870;1766;334;2970;1531;3491;667;5689;15;92;33;140;1546;3583;700;5829;2020
15005;2368;10452;2534;15354;46;700;151;897;2414;11152;2685;16251;2816;10306;2437;15559;64;749;115;928;2880;11055;2552;16487;5184;20758;4971;30913;110;1449;266;1825;5294;22207;5237;32738;2020
15006;801;1748;309;2858;5;117;16;138;806;1865;325;2996;1023;1617;276;2916;8;75;16;99;1031;1692;292;3015;1824;3365;585;5774;13;192;32;237;1837;3557;617;6011;2020
15007;554;927;121;1602;1;7;1;9;555;934;122;1611;781;891;124;1796;2;6;0;8;783;897;124;1804;1335;1818;245;3398;3;13;1;17;1338;1831;246;3415;2020
15008;861;1933;377;3171;14;51;6;71;875;1984;383;3242;1045;1891;394;3330;10;72;7;89;1055;1963;401;3419;1906;3824;771;6501;24;123;13;160;1930;3947;784;6661;2020
15009;1314;3723;855;5892;18;237;42;297;1332;3960;897;6189;1831;3938;772;6541;18;269;36;323;1849;4207;808;6864;3145;7661;1627;12433;36;506;78;620;3181;8167;1705;13053;2020
15010;303;610;50;963;0;21;4;25;303;631;54;988;426;464;53;943;1;17;10;28;427;481;63;971;729;1074;103;1906;1;38;14;53;730;1112;117;1959;2020
15011;1785;5855;1314;8954;12;179;31;222;1797;6034;1345;9176;2288;5909;1251;9448;33;203;24;260;2321;6112;1275;9708;4073;11764;2565;18402;45;382;55;482;4118;12146;2620;18884;2020
15012;459;1325;255;2039;2;32;2;36;461;1357;257;2075;619;1231;248;2098;1;28;4;33;620;1259;252;2131;1078;2556;503;4137;3;60;6;69;1081;2616;509;4206;2020
15013;705;2394;614;3713;10;69;13;92;715;2463;627;3805;907;2442;648;3997;15;94;12;121;922;2536;660;4118;1612;4836;1262;7710;25;163;25;213;1637;4999;1287;7923;2020
15014;640;1207;174;2021;3;9;0;12;643;1216;174;2033;815;1178;176;2169;1;13;0;14;816;1191;176;2183;1455;2385;350;4190;4;22;0;26;1459;2407;350;4216;2020
15015;425;988;159;1572;3;21;2;26;428;1009;161;1598;614;877;157;1648;1;24;3;28;615;901;160;1676;1039;1865;316;3220;4;45;5;54;1043;1910;321;3274;2020
15016;708;1495;288;2491;5;40;4;49;713;1535;292;2540;868;1509;247;2624;6;36;3;45;874;1545;250;2669;1576;3004;535;5115;11;76;7;94;1587;3080;542;5209;2020
15017;1925;7831;1784;11540;29;316;68;413;1954;8147;1852;11953;2343;8162;1632;12137;41;413;50;504;2384;8575;1682;12641;4268;15993;3416;23677;70;729;118;917;4338;16722;3534;24594;2020
15018;173;370;50;593;2;8;2;12;175;378;52;605;220;340;50;610;1;5;0;6;221;345;50;616;393;710;100;1203;3;13;2;18;396;723;102;1221;2020
15019;3244;9474;2283;15001;23;289;64;376;3267;9763;2347;15377;4128;9520;2014;15662;27;316;47;390;4155;9836;2061;16052;7372;18994;4297;30663;50;605;111;766;7422;19599;4408;31429;2020
15020;608;1061;159;1828;3;12;1;16;611;1073;160;1844;894;998;131;2023;6;22;4;32;900;1020;135;2055;1502;2059;290;3851;9;34;5;48;1511;2093;295;3899;2020
15021;669;1921;472;3062;3;100;11;114;672;2021;483;3176;854;1922;401;3177;5;100;15;120;859;2022;416;3297;1523;3843;873;6239;8;200;26;234;1531;4043;899;6473;2020
15022;893;1847;365;3105;5;183;33;221;898;2030;398;3326;1076;1800;309;3185;10;136;19;165;1086;1936;328;3350;1969;3647;674;6290;15;319;52;386;1984;3966;726;6676;2020
15023;830;2207;481;3518;8;65;15;88;838;2272;496;3606;1097;2262;470;3829;7;90;18;115;1104;2352;488;3944;1927;4469;951;7347;15;155;33;203;1942;4624;984;7550;2020
15024;642;1456;275;2373;1;94;6;101;643;1550;281;2474;858;1394;246;2498;1;34;1;36;859;1428;247;2534;1500;2850;521;4871;2;128;7;137;1502;2978;528;5008;2020
15025;188;288;36;512;1;15;4;20;189;303;40;532;223;278;37;538;1;13;3;17;224;291;40;555;411;566;73;1050;2;28;7;37;413;594;80;1087;2020
15026;0;0;0;0;0;0;0;0;0;0;0;0;0;0;0;0;0;0;0;0;0;0;0;0;0;0;0;0;0;0;0;0;0;0;0;0;2020
15027;256;517;134;907;4;8;1;13;260;525;135;920;325;494;99;918;6;8;1;15;331;502;100;933;581;1011;233;1825;10;16;2;28;591;1027;235;1853;2020
15028;182;512;74;768;2;11;2;15;184;523;76;783;235;472;77;784;2;19;2;23;237;491;79;807;417;984;151;1552;4;30;4;38;421;1014;155;1590;2020
15029;850;1695;286;2831;2;16;2;20;852;1711;288;2851;1167;1651;250;3068;4;22;5;31;1171;1673;255;3099;2017;3346;536;5899;6;38;7;51;2023;3384;543;5950;2020
15030;24126;68196;15336;107658;299;5913;906;7118;24425;74109;16242;114776;36530;73738;14842;125110;420;6400;898;7718;36950;80138;15740;132828;60656;141934;30178;232768;719;12313;1804;14836;61375;154247;31982;247604;2020
15031;2244;9430;2481;14155;44;493;112;649;2288;9923;2593;14804;2924;9843;2320;15087;72;635;87;794;2996;10478;2407;15881;5168;19273;4801;29242;116;1128;199;1443;5284;20401;5000;30685;2020
15032;461;1271;237;1969;1;62;10;73;462;1333;247;2042;593;1161;186;1940;4;58;9;71;597;1219;195;2011;1054;2432;423;3909;5;120;19;144;1059;2552;442;4053;2020
15033;345;817;159;1321;0;3;0;3;345;820;159;1324;472;795;152;1419;0;7;0;7;472;802;152;1426;817;1612;311;2740;0;10;0;10;817;1622;311;2750;2020
15034;439;854;109;1402;0;8;0;8;439;862;109;1410;548;842;122;1512;3;10;0;13;551;852;122;1525;987;1696;231;2914;3;18;0;21;990;1714;231;2935;2020
15035;1610;3774;676;6060;7;67;16;90;1617;3841;692;6150;2191;3732;701;6624;8;77;9;94;2199;3809;710;6718;3801;7506;1377;12684;15;144;25;184;3816;7650;1402;12868;2020
15036;7423;18847;3765;30035;36;688;126;850;7459;19535;3891;30885;11203;19102;3348;33653;49;858;115;1022;11252;19960;3463;34675;18626;37949;7113;63688;85;1546;241;1872;18711;39495;7354;65560;2020
15037;572;1483;243;2298;3;73;7;83;575;1556;250;2381;658;1379;221;2258;8;46;4;58;666;1425;225;2316;1230;2862;464;4556;11;119;11;141;1241;2981;475;4697;2020
15038;322;717;104;1143;0;3;0;3;322;720;104;1146;405;664;83;1152;0;4;0;4;405;668;83;1156;727;1381;187;2295;0;7;0;7;727;1388;187;2302;2020
15039;221;394;51;666;0;8;0;8;221;402;51;674;273;347;39;659;0;6;1;7;273;353;40;666;494;741;90;1325;0;14;1;15;494;755;91;1340;2020
15040;425;900;146;1471;1;26;3;30;426;926;149;1501;508;823;139;1470;0;18;1;19;508;841;140;1489;933;1723;285;2941;1;44;4;49;934;1767;289;2990;2020
15041;1310;3417;752;5479;12;111;17;140;1322;3528;769;5619;1660;3322;663;5645;7;110;25;142;1667;3432;688;5787;2970;6739;1415;11124;19;221;42;282;2989;6960;1457;11406;2020
15042;448;972;192;1612;1;8;3;12;449;980;195;1624;592;895;145;1632;0;11;1;12;592;906;146;1644;1040;1867;337;3244;1;19;4;24;1041;1886;341;3268;2020
15043;793;1589;192;2574;1;42;3;46;794;1631;195;2620;1039;1483;171;2693;2;28;9;39;1041;1511;180;2732;1832;3072;363;5267;3;70;12;85;1835;3142;375;5352;2020
15044;209;359;55;623;4;22;2;28;213;381;57;651;297;317;36;650;0;13;5;18;297;330;41;668;506;676;91;1273;4;35;7;46;510;711;98;1319;2020
15045;592;1084;138;1814;1;6;0;7;593;1090;138;1821;810;1069;127;2006;1;12;1;14;811;1081;128;2020;1402;2153;265;3820;2;18;1;21;1404;2171;266;3841;2020
15046;888;2157;469;3514;4;112;35;151;892;2269;504;3665;1038;2150;409;3597;8;112;37;157;1046;2262;446;3754;1926;4307;878;7111;12;224;72;308;1938;4531;950;7419;2020
15047;403;723;104;1230;1;5;0;6;404;728;104;1236;457;675;113;1245;2;12;2;16;459;687;115;1261;860;1398;217;2475;3;17;2;22;863;1415;219;2497;2020
15048;691;1899;450;3040;10;78;16;104;701;1977;466;3144;808;1797;413;3018;7;99;9;115;815;1896;422;3133;1499;3696;863;6058;17;177;25;219;1516;3873;888;6277;2020
15049;191;318;43;552;0;16;1;17;191;334;44;569;250;309;45;604;1;10;2;13;251;319;47;617;441;627;88;1156;1;26;3;30;442;653;91;1186;2020
15050;300;594;64;958;2;21;3;26;302;615;67;984;365;472;73;910;1;11;1;13;366;483;74;923;665;1066;137;1868;3;32;4;39;668;1098;141;1907;2020
15051;648;1574;286;2508;4;21;1;26;652;1595;287;2534;858;1501;291;2650;3;25;3;31;861;1526;294;2681;1506;3075;577;5158;7;46;4;57;1513;3121;581;5215;2020
15052;680;1299;197;2176;6;41;1;48;686;1340;198;2224;848;1283;208;2339;5;27;1;33;853;1310;209;2372;1528;2582;405;4515;11;68;2;81;1539;2650;407;4596;2020
15053;1176;2462;391;4029;7;30;4;41;1183;2492;395;4070;1542;2380;386;4308;12;33;4;49;1554;2413;390;4357;2718;4842;777;8337;19;63;8;90;2737;4905;785;8427;2020
15054;3493;11934;3016;18443;22;335;79;436;3515;12269;3095;18879;4580;12293;2768;19641;32;428;76;536;4612;12721;2844;20177;8073;24227;5784;38084;54;763;155;972;8127;24990;5939;39056;2020
15055;675;1488;254;2417;4;23;4;31;679;1511;258;2448;891;1409;239;2539;3;28;5;36;894;1437;244;2575;1566;2897;493;4956;7;51;9;67;1573;2948;502;5023;2020
15056;746;1970;454;3170;6;91;15;112;752;2061;469;3282;982;1989;411;3382;18;93;13;124;1000;2082;424;3506;1728;3959;865;6552;24;184;28;236;1752;4143;893;6788;2020
15057;1587;4224;851;6662;16;136;26;178;1603;4360;877;6840;2059;4350;834;7243;16;146;29;191;2075;4496;863;7434;3646;8574;1685;13905;32;282;55;369;3678;8856;1740;14274;2020
15058;3268;10827;2868;16963;58;540;93;691;3326;11367;2961;17654;4129;11180;2706;18015;87;695;83;865;4216;11875;2789;18880;7397;22007;5574;34978;145;1235;176;1556;7542;23242;5750;36534;2020
15059;1332;3688;876;5896;9;192;61;262;1341;3880;937;6158;1731;3607;805;6143;19;266;39;324;1750;3873;844;6467;3063;7295;1681;12039;28;458;100;586;3091;7753;1781;12625;2020
15060;536;2421;584;3541;8;143;31;182;544;2564;615;3723;655;2396;589;3640;11;133;26;170;666;2529;615;3810;1191;4817;1173;7181;19;276;57;352;1210;5093;1230;7533;2020
15061;856;1506;207;2569;18;79;9;106;874;1585;216;2675;1215;1438;198;2851;17;75;15;107;1232;1513;213;2958;2071;2944;405;5420;35;154;24;213;2106;3098;429;5633;2020
15062;924;1739;268;2931;5;21;8;34;929;1760;276;2965;1300;1620;227;3147;2;36;5;43;1302;1656;232;3190;2224;3359;495;6078;7;57;13;77;2231;3416;508;6155;2020
15063;0;0;0;0;0;0;0;0;0;0;0;0;0;0;0;0;0;0;0;0;0;0;0;0;0;0;0;0;0;0;0;0;0;0;0;0;2020
15064;348;694;114;1156;0;18;1;19;348;712;115;1175;453;624;113;1190;1;17;0;18;454;641;113;1208;801;1318;227;2346;1;35;1;37;802;1353;228;2383;2020
15065;855;2592;503;3950;4;70;11;85;859;2662;514;4035;1217;2533;496;4246;4;68;13;85;1221;2601;509;4331;2072;5125;999;8196;8;138;24;170;2080;5263;1023;8366;2020
15066;600;1460;252;2312;4;28;4;36;604;1488;256;2348;662;1334;270;2266;4;30;4;38;666;1364;274;2304;1262;2794;522;4578;8;58;8;74;1270;2852;530;4652;2020
15067;940;2943;587;4470;7;55;12;74;947;2998;599;4544;1244;2920;510;4674;7;78;15;100;1251;2998;525;4774;2184;5863;1097;9144;14;133;27;174;2198;5996;1124;9318;2020
15068;810;1601;266;2677;2;68;8;78;812;1669;274;2755;1000;1464;233;2697;0;37;8;45;1000;1501;241;2742;1810;3065;499;5374;2;105;16;123;1812;3170;515;5497;2020
15069;839;2300;455;3594;12;84;9;105;851;2384;464;3699;1186;2332;428;3946;13;85;10;108;1199;2417;438;4054;2025;4632;883;7540;25;169;19;213;2050;4801;902;7753;2020
15070;1192;3048;553;4793;3;90;16;109;1195;3138;569;4902;1397;3142;508;5047;6;98;15;119;1403;3240;523;5166;2589;6190;1061;9840;9;188;31;228;2598;6378;1092;10068;2020
15071;1080;2809;569;4458;5;76;9;90;1085;2885;578;4548;1339;2642;519;4500;10;61;23;94;1349;2703;542;4594;2419;5451;1088;8958;15;137;32;184;2434;5588;1120;9142;2020
15072;1225;3387;724;5336;5;26;1;32;1230;3413;725;5368;1660;3288;650;5598;6;37;4;47;1666;3325;654;5645;2885;6675;1374;10934;11;63;5;79;2896;6738;1379;11013;2020
15073;2435;8363;1854;12652;25;461;101;587;2460;8824;1955;13239;3163;8146;1753;13062;38;407;102;547;3201;8553;1855;13609;5598;16509;3607;25714;63;868;203;1134;5661;17377;3810;26848;2020
15074;539;1314;270;2123;1;10;3;14;540;1324;273;2137;749;1339;255;2343;1;22;2;25;750;1361;257;2368;1288;2653;525;4466;2;32;5;39;1290;2685;530;4505;2020
15075;1687;4705;1091;7483;34;328;74;436;1721;5033;1165;7919;2035;4699;1026;7760;56;399;52;507;2091;5098;1078;8267;3722;9404;2117;15243;90;727;126;943;3812;10131;2243;16186;2020
15076;406;825;128;1359;0;19;0;19;406;844;128;1378;496;751;145;1392;0;13;1;14;496;764;146;1406;902;1576;273;2751;0;32;1;33;902;1608;274;2784;2020
15077;1303;2626;505;4434;4;75;23;102;1307;2701;528;4536;1592;2647;438;4677;11;104;34;149;1603;2751;472;4826;2895;5273;943;9111;15;179;57;251;2910;5452;1000;9362;2020
15078;8757;27823;6586;43166;89;1906;311;2306;8846;29729;6897;45472;12875;30500;6186;49561;125;2384;306;2815;13000;32884;6492;52376;21632;58323;12772;92727;214;4290;617;5121;21846;62613;13389;97848;2020
15079;288;455;46;789;2;7;4;13;290;462;50;802;324;368;42;734;1;7;0;8;325;375;42;742;612;823;88;1523;3;14;4;21;615;837;92;1544;2020
15080;307;536;49;892;0;7;1;8;307;543;50;900;357;422;45;824;0;6;0;6;357;428;45;830;664;958;94;1716;0;13;1;14;664;971;95;1730;2020
15081;142;342;51;535;1;7;0;8;143;349;51;543;178;314;43;535;1;3;1;5;179;317;44;540;320;656;94;1070;2;10;1;13;322;666;95;1083;2020
15082;1630;6040;1327;8997;7;112;19;138;1637;6152;1346;9135;2055;5941;1300;9296;11;169;21;201;2066;6110;1321;9497;3685;11981;2627;18293;18;281;40;339;3703;12262;2667;18632;2020
15083;188;348;34;570;0;4;0;4;188;352;34;574;208;290;28;526;0;7;0;7;208;297;28;533;396;638;62;1096;0;11;0;11;396;649;62;1107;2020
15084;537;892;114;1543;0;10;2;12;537;902;116;1555;745;852;97;1694;1;9;0;10;746;861;97;1704;1282;1744;211;3237;1;19;2;22;1283;1763;213;3259;2020
15085;529;1065;140;1734;0;14;0;14;529;1079;140;1748;659;951;143;1753;3;11;1;15;662;962;144;1768;1188;2016;283;3487;3;25;1;29;1191;2041;284;3516;2020
15086;456;881;133;1470;1;11;3;15;457;892;136;1485;563;818;132;1513;2;13;0;15;565;831;132;1528;1019;1699;265;2983;3;24;3;30;1022;1723;268;3013;2020
15087;891;1903;338;3132;4;37;2;43;895;1940;340;3175;1126;1854;357;3337;5;21;4;30;1131;1875;361;3367;2017;3757;695;6469;9;58;6;73;2026;3815;701;6542;2020
15088;578;1050;185;1813;1;27;5;33;579;1077;190;1846;764;1021;181;1966;6;30;3;39;770;1051;184;2005;1342;2071;366;3779;7;57;8;72;1349;2128;374;3851;2020
15089;557;1554;330;2441;2;19;0;21;559;1573;330;2462;734;1500;282;2516;4;23;2;29;738;1523;284;2545;1291;3054;612;4957;6;42;2;50;1297;3096;614;5007;2020
15090;201;383;42;626;1;5;1;7;202;388;43;633;245;292;28;565;1;11;1;13;246;303;29;578;446;675;70;1191;2;16;2;20;448;691;72;1211;2020
15091;172;394;48;614;1;3;0;4;173;397;48;618;210;321;55;586;1;3;1;5;211;324;56;591;382;715;103;1200;2;6;1;9;384;721;104;1209;2020
15092;1033;1943;316;3292;5;40;11;56;1038;1983;327;3348;1305;1940;301;3546;7;53;9;69;1312;1993;310;3615;2338;3883;617;6838;12;93;20;125;2350;3976;637;6963;2020
15093;644;1276;177;2097;2;12;1;15;646;1288;178;2112;875;1225;158;2258;3;20;0;23;878;1245;158;2281;1519;2501;335;4355;5;32;1;38;1524;2533;336;4393;2020
15901;567;1066;164;1797;6;59;10;75;573;1125;174;1872;735;965;139;1839;8;47;9;64;743;1012;148;1903;1302;2031;303;3636;14;106;19;139;1316;2137;322;3775;2020
15902;790;1513;235;2538;2;26;7;35;792;1539;242;2573;965;1295;214;2474;4;43;2;49;969;1338;216;2523;1755;2808;449;5012;6;69;9;84;1761;2877;458;5096;2020
16001;15;20;1;36;0;1;0;1;15;21;1;37;11;12;1;24;0;0;0;0;11;12;1;24;26;32;2;60;0;1;0;1;26;33;2;61;2020
16002;38;54;4;96;1;10;4;15;39;64;8;111;37;63;8;108;1;8;3;12;38;71;11;120;75;117;12;204;2;18;7;27;77;135;19;231;2020
16003;22;36;3;61;1;6;1;8;23;42;4;69;23;49;6;78;0;6;3;9;23;55;9;87;45;85;9;139;1;12;4;17;46;97;13;156;2020
16004;60;60;6;126;0;3;4;7;60;63;10;133;67;35;3;105;0;5;2;7;67;40;5;112;127;95;9;231;0;8;6;14;127;103;15;245;2020
16005;40;86;9;135;0;2;0;2;40;88;9;137;54;56;3;113;0;5;2;7;54;61;5;120;94;142;12;248;0;7;2;9;94;149;14;257;2020
16006;20;33;5;58;0;3;0;3;20;36;5;61;29;29;3;61;0;3;0;3;29;32;3;64;49;62;8;119;0;6;0;6;49;68;8;125;2020
16007;172;408;68;648;3;135;38;176;175;543;106;824;200;373;59;632;2;113;37;152;202;486;96;784;372;781;127;1280;5;248;75;328;377;1029;202;1608;2020
16008;26;19;1;46;0;4;2;6;26;23;3;52;19;14;0;33;0;4;1;5;19;18;1;38;45;33;1;79;0;8;3;11;45;41;4;90;2020
16009;12;15;0;27;0;0;0;0;12;15;0;27;11;10;0;21;0;0;0;0;11;10;0;21;23;25;0;48;0;0;0;0;23;25;0;48;2020
16010;21;40;5;66;0;4;3;7;21;44;8;73;31;30;1;62;0;5;2;7;31;35;3;69;52;70;6;128;0;9;5;14;52;79;11;142;2020
16011;2;10;0;12;1;1;0;2;3;11;0;14;6;3;1;10;0;2;0;2;6;5;1;12;8;13;1;22;1;3;0;4;9;16;1;26;2020
16012;12;29;3;44;0;5;0;5;12;34;3;49;15;18;1;34;0;2;0;2;15;20;1;36;27;47;4;78;0;7;0;7;27;54;4;85;2020
16013;5;6;0;11;0;0;0;0;5;6;0;11;5;8;0;13;0;0;0;0;5;8;0;13;10;14;0;24;0;0;0;0;10;14;0;24;2020
16014;101;191;31;323;0;4;0;4;101;195;31;327;111;157;32;300;0;5;0;5;111;162;32;305;212;348;63;623;0;9;0;9;212;357;63;632;2020
16015;57;130;8;195;0;9;3;12;57;139;11;207;63;89;8;160;0;9;2;11;63;98;10;171;120;219;16;355;0;18;5;23;120;237;21;378;2020
16016;50;69;5;124;0;9;1;10;50;78;6;134;41;50;6;97;0;8;0;8;41;58;6;105;91;119;11;221;0;17;1;18;91;136;12;239;2020
16017;62;126;18;206;0;4;2;6;62;130;20;212;61;94;16;171;0;10;0;10;61;104;16;181;123;220;34;377;0;14;2;16;123;234;36;393;2020
16018;64;132;12;208;1;7;5;13;65;139;17;221;74;111;16;201;1;8;1;10;75;119;17;211;138;243;28;409;2;15;6;23;140;258;34;432;2020
16019;42;53;4;99;0;1;0;1;42;54;4;100;49;37;2;88;0;0;0;0;49;37;2;88;91;90;6;187;0;1;0;1;91;91;6;188;2020
16020;3;2;0;5;0;0;0;0;3;2;0;5;2;0;0;2;0;0;0;0;2;0;0;2;5;2;0;7;0;0;0;0;5;2;0;7;2020
16022;20;24;2;46;0;0;0;0;20;24;2;46;18;11;1;30;0;1;0;1;18;12;1;31;38;35;3;76;0;1;0;1;38;36;3;77;2020
16023;56;201;51;308;1;17;1;19;57;218;52;327;63;163;51;277;1;23;4;28;64;186;55;305;119;364;102;585;2;40;5;47;121;404;107;632;2020
16024;20;42;5;67;0;2;0;2;20;44;5;69;22;34;11;67;0;0;0;0;22;34;11;67;42;76;16;134;0;2;0;2;42;78;16;136;2020
16025;6;6;0;12;0;2;0;2;6;8;0;14;7;3;0;10;0;1;0;1;7;4;0;11;13;9;0;22;0;3;0;3;13;12;0;25;2020
16026;15;28;1;44;0;7;1;8;15;35;2;52;20;18;3;41;1;4;0;5;21;22;3;46;35;46;4;85;1;11;1;13;36;57;5;98;2020
16027;109;261;36;406;4;82;13;99;113;343;49;505;119;197;33;349;3;64;19;86;122;261;52;435;228;458;69;755;7;146;32;185;235;604;101;940;2020
16029;19;39;2;60;0;1;0;1;19;40;2;61;17;17;0;34;0;0;0;0;17;17;0;34;36;56;2;94;0;1;0;1;36;57;2;95;2020
16030;5;15;0;20;0;0;0;0;5;15;0;20;0;3;0;3;0;0;0;0;0;3;0;3;5;18;0;23;0;0;0;0;5;18;0;23;2020
16031;5;14;1;20;0;0;0;0;5;14;1;20;10;8;1;19;0;0;0;0;10;8;1;19;15;22;2;39;0;0;0;0;15;22;2;39;2020
16032;48;97;24;169;0;12;0;12;48;109;24;181;65;77;17;159;0;12;0;12;65;89;17;171;113;174;41;328;0;24;0;24;113;198;41;352;2020
16033;224;580;86;890;2;29;8;39;226;609;94;929;316;520;64;900;2;36;3;41;318;556;67;941;540;1100;150;1790;4;65;11;80;544;1165;161;1870;2020
16034;40;44;2;86;0;2;0;2;40;46;2;88;33;32;1;66;0;0;0;0;33;32;1;66;73;76;3;152;0;2;0;2;73;78;3;154;2020
16035;29;76;6;111;1;3;0;4;30;79;6;115;40;70;5;115;1;4;1;6;41;74;6;121;69;146;11;226;2;7;1;10;71;153;12;236;2020
16036;25;36;6;67;0;3;0;3;25;39;6;70;28;25;13;66;0;3;0;3;28;28;13;69;53;61;19;133;0;6;0;6;53;67;19;139;2020
16038;6;11;0;17;0;3;2;5;6;14;2;22;6;2;0;8;0;2;0;2;6;4;0;10;12;13;0;25;0;5;2;7;12;18;2;32;2020
16039;75;119;9;203;0;32;8;40;75;151;17;243;82;89;14;185;0;27;8;35;82;116;22;220;157;208;23;388;0;59;16;75;157;267;39;463;2020
16040;11;42;5;58;1;0;0;1;12;42;5;59;8;32;5;45;1;0;0;1;9;32;5;46;19;74;10;103;2;0;0;2;21;74;10;105;2020
16041;60;126;14;200;3;11;5;19;63;137;19;219;60;101;15;176;5;8;0;13;65;109;15;189;120;227;29;376;8;19;5;32;128;246;34;408;2020
16042;170;371;43;584;0;33;11;44;170;404;54;628;193;337;61;591;1;35;10;46;194;372;71;637;363;708;104;1175;1;68;21;90;364;776;125;1265;2020
16043;21;32;3;56;0;4;0;4;21;36;3;60;17;19;4;40;0;3;1;4;17;22;5;44;38;51;7;96;0;7;1;8;38;58;8;104;2020
16044;9;9;0;18;0;0;0;0;9;9;0;18;12;8;0;20;0;0;0;0;12;8;0;20;21;17;0;38;0;0;0;0;21;17;0;38;2020
16045;36;58;0;94;0;3;0;3;36;61;0;97;48;28;1;77;0;3;0;3;48;31;1;80;84;86;1;171;0;6;0;6;84;92;1;177;2020
16046;36;73;8;117;0;2;1;3;36;75;9;120;56;46;6;108;0;2;2;4;56;48;8;112;92;119;14;225;0;4;3;7;92;123;17;232;2020
16047;39;75;3;117;0;11;3;14;39;86;6;131;42;52;3;97;0;11;4;15;42;63;7;112;81;127;6;214;0;22;7;29;81;149;13;243;2020
16048;66;159;21;246;0;5;0;5;66;164;21;251;63;112;26;201;0;5;0;5;63;117;26;206;129;271;47;447;0;10;0;10;129;281;47;457;2020
16049;29;34;2;65;0;0;0;0;29;34;2;65;34;32;1;67;0;0;0;0;34;32;1;67;63;66;3;132;0;0;0;0;63;66;3;132;2020
16050;41;61;11;113;0;9;0;9;41;70;11;122;50;51;12;113;0;12;0;12;50;63;12;125;91;112;23;226;0;21;0;21;91;133;23;247;2020
16051;23;37;0;60;0;5;0;5;23;42;0;65;30;26;1;57;0;3;1;4;30;29;2;61;53;63;1;117;0;8;1;9;53;71;2;126;2020
16052;74;206;42;322;0;57;15;72;74;263;57;394;92;176;35;303;1;46;20;67;93;222;55;370;166;382;77;625;1;103;35;139;167;485;112;764;2020
16053;56;159;15;230;0;3;0;3;56;162;15;233;63;119;10;192;1;6;0;7;64;125;10;199;119;278;25;422;1;9;0;10;120;287;25;432;2020
16055;113;236;32;381;0;23;5;28;113;259;37;409;140;187;36;363;0;22;1;23;140;209;37;386;253;423;68;744;0;45;6;51;253;468;74;795;2020
16056;84;152;19;255;0;9;0;9;84;161;19;264;90;114;10;214;0;8;0;8;90;122;10;222;174;266;29;469;0;17;0;17;174;283;29;486;2020
16057;12;27;0;39;0;0;1;1;12;27;1;40;13;11;1;25;0;2;0;2;13;13;1;27;25;38;1;64;0;2;1;3;25;40;2;67;2020
16058;17;31;2;50;0;0;0;0;17;31;2;50;22;22;3;47;0;3;0;3;22;25;3;50;39;53;5;97;0;3;0;3;39;56;5;100;2020
16060;125;221;31;377;0;21;4;25;125;242;35;402;137;210;44;391;0;22;8;30;137;232;52;421;262;431;75;768;0;43;12;55;262;474;87;823;2020
16061;161;324;32;517;1;56;19;76;162;380;51;593;184;259;35;478;1;50;18;69;185;309;53;547;345;583;67;995;2;106;37;145;347;689;104;1140;2020
16062;6;11;2;19;0;0;0;0;6;11;2;19;2;7;1;10;0;0;0;0;2;7;1;10;8;18;3;29;0;0;0;0;8;18;3;29;2020
16063;16;40;2;58;0;3;0;3;16;43;2;61;26;22;2;50;0;1;0;1;26;23;2;51;42;62;4;108;0;4;0;4;42;66;4;112;2020
16064;104;237;39;380;2;49;8;59;106;286;47;439;114;195;29;338;1;40;9;50;115;235;38;388;218;432;68;718;3;89;17;109;221;521;85;827;2020
16065;67;119;9;195;0;15;3;18;67;134;12;213;92;96;16;204;0;15;3;18;92;111;19;222;159;215;25;399;0;30;6;36;159;245;31;435;2020
16066;322;874;175;1371;1;162;62;225;323;1036;237;1596;361;756;166;1283;8;157;59;224;369;913;225;1507;683;1630;341;2654;9;319;121;449;692;1949;462;3103;2020
16067;25;39;0;64;0;10;0;10;25;49;0;74;28;22;2;52;0;8;1;9;28;30;3;61;53;61;2;116;0;18;1;19;53;79;3;135;2020
16068;20;49;5;74;0;8;1;9;20;57;6;83;24;30;3;57;0;9;2;11;24;39;5;68;44;79;8;131;0;17;3;20;44;96;11;151;2020
16070;2;13;2;17;0;0;0;0;2;13;2;17;4;10;0;14;0;0;0;0;4;10;0;14;6;23;2;31;0;0;0;0;6;23;2;31;2020
16071;5;5;0;10;0;0;0;0;5;5;0;10;5;4;2;11;0;0;0;0;5;4;2;11;10;9;2;21;0;0;0;0;10;9;2;21;2020
16072;25;50;1;76;0;0;0;0;25;50;1;76;31;20;3;54;0;1;0;1;31;21;3;55;56;70;4;130;0;1;0;1;56;71;4;131;2020
16073;35;65;5;105;0;9;1;10;35;74;6;115;39;47;11;97;0;6;0;6;39;53;11;103;74;112;16;202;0;15;1;16;74;127;17;218;2020
16074;7;10;0;17;0;0;0;0;7;10;0;17;9;4;0;13;0;1;0;1;9;5;0;14;16;14;0;30;0;1;0;1;16;15;0;31;2020
16078;4195;15631;3762;23588;62;1895;411;2368;4257;17526;4173;25956;5873;16600;3612;26085;104;2080;396;2580;5977;18680;4008;28665;10068;32231;7374;49673;166;3975;807;4948;10234;36206;8181;54621;2020
16079;7;13;0;20;0;2;0;2;7;15;0;22;4;4;0;8;0;1;1;2;4;5;1;10;11;17;0;28;0;3;1;4;11;20;1;32;2020
16081;6;16;5;27;0;1;2;3;6;17;7;30;6;15;3;24;0;3;1;4;6;18;4;28;12;31;8;51;0;4;3;7;12;35;11;58;2020
16082;53;95;8;156;0;3;3;6;53;98;11;162;63;59;13;135;0;12;4;16;63;71;17;151;116;154;21;291;0;15;7;22;116;169;28;313;2020
16083;4;15;0;19;0;0;0;0;4;15;0;19;7;11;0;18;0;0;0;0;7;11;0;18;11;26;0;37;0;0;0;0;11;26;0;37;2020
16084;7;21;1;29;0;0;0;0;7;21;1;29;12;10;0;22;0;0;0;0;12;10;0;22;19;31;1;51;0;0;0;0;19;31;1;51;2020
16085;25;41;7;73;0;5;1;6;25;46;8;79;28;34;2;64;0;5;0;5;28;39;2;69;53;75;9;137;0;10;1;11;53;85;10;148;2020
16086;107;345;65;517;2;92;21;115;109;437;86;632;144;281;59;484;3;78;18;99;147;359;77;583;251;626;124;1001;5;170;39;214;256;796;163;1215;2020
16087;58;53;8;119;1;13;1;15;59;66;9;134;76;46;6;128;1;5;0;6;77;51;6;134;134;99;14;247;2;18;1;21;136;117;15;268;2020
16088;18;36;2;56;0;0;0;0;18;36;2;56;18;24;5;47;0;1;0;1;18;25;5;48;36;60;7;103;0;1;0;1;36;61;7;104;2020
16089;61;141;24;226;0;8;4;12;61;149;28;238;68;121;21;210;0;8;2;10;68;129;23;220;129;262;45;436;0;16;6;22;129;278;51;458;2020
16091;13;19;1;33;0;0;0;0;13;19;1;33;20;7;0;27;0;0;0;0;20;7;0;27;33;26;1;60;0;0;0;0;33;26;1;60;2020
16092;26;62;7;95;1;8;0;9;27;70;7;104;23;38;9;70;1;3;0;4;24;41;9;74;49;100;16;165;2;11;0;13;51;111;16;178;2020
16093;12;16;0;28;0;0;0;0;12;16;0;28;11;16;0;27;0;0;0;0;11;16;0;27;23;32;0;55;0;0;0;0;23;32;0;55;2020
16094;27;39;6;72;0;8;2;10;27;47;8;82;27;22;5;54;0;5;2;7;27;27;7;61;54;61;11;126;0;13;4;17;54;74;15;143;2020
16095;14;30;4;48;0;2;0;2;14;32;4;50;14;25;2;41;0;0;0;0;14;25;2;41;28;55;6;89;0;2;0;2;28;57;6;91;2020
16096;36;118;20;174;0;14;2;16;36;132;22;190;34;94;13;141;0;23;4;27;34;117;17;168;70;212;33;315;0;37;6;43;70;249;39;358;2020
16097;28;40;2;70;0;0;0;0;28;40;2;70;40;23;1;64;0;0;0;0;40;23;1;64;68;63;3;134;0;0;0;0;68;63;3;134;2020
16098;84;191;32;307;0;37;2;39;84;228;34;346;91;167;23;281;0;36;14;50;91;203;37;331;175;358;55;588;0;73;16;89;175;431;71;677;2020
16099;38;56;1;95;0;0;0;0;38;56;1;95;37;44;3;84;0;1;0;1;37;45;3;85;75;100;4;179;0;1;0;1;75;101;4;180;2020
16100;111;209;33;353;1;30;6;37;112;239;39;390;132;204;36;372;1;17;4;22;133;221;40;394;243;413;69;725;2;47;10;59;245;460;79;784;2020
16101;33;42;1;76;0;0;0;0;33;42;1;76;34;25;0;59;0;0;0;0;34;25;0;59;67;67;1;135;0;0;0;0;67;67;1;135;2020
16102;163;412;76;651;0;87;23;110;163;499;99;761;210;392;66;668;2;77;23;102;212;469;89;770;373;804;142;1319;2;164;46;212;375;968;188;1531;2020
16103;55;77;3;135;0;6;0;6;55;83;3;141;58;41;1;100;0;4;0;4;58;45;1;104;113;118;4;235;0;10;0;10;113;128;4;245;2020
16104;15;15;0;30;0;0;0;0;15;15;0;30;13;10;0;23;0;3;0;3;13;13;0;26;28;25;0;53;0;3;0;3;28;28;0;56;2020
16106;331;1056;218;1605;0;145;23;168;331;1201;241;1773;447;902;206;1555;2;130;44;176;449;1032;250;1731;778;1958;424;3160;2;275;67;344;780;2233;491;3504;2020
16107;19;25;3;47;0;1;0;1;19;26;3;48;21;16;1;38;0;0;1;1;21;16;2;39;40;41;4;85;0;1;1;2;40;42;5;87;2020
16108;6;16;4;26;0;14;3;17;6;30;7;43;12;13;3;28;0;6;3;9;12;19;6;37;18;29;7;54;0;20;6;26;18;49;13;80;2020
16109;12;13;0;25;0;3;0;3;12;16;0;28;11;11;1;23;0;0;0;0;11;11;1;23;23;24;1;48;0;3;0;3;23;27;1;51;2020
16110;20;33;1;54;0;12;1;13;20;45;2;67;17;18;0;35;0;12;3;15;17;30;3;50;37;51;1;89;0;24;4;28;37;75;5;117;2020
16111;27;65;7;99;0;3;0;3;27;68;7;102;26;42;9;77;0;3;1;4;26;45;10;81;53;107;16;176;0;6;1;7;53;113;17;183;2020
16112;234;529;92;855;1;41;6;48;235;570;98;903;232;479;95;806;0;36;3;39;232;515;98;845;466;1008;187;1661;1;77;9;87;467;1085;196;1748;2020
16113;355;1195;239;1789;7;264;59;330;362;1459;298;2119;424;1157;286;1867;5;271;58;334;429;1428;344;2201;779;2352;525;3656;12;535;117;664;791;2887;642;4320;2020
16115;10;14;5;29;0;1;0;1;10;15;5;30;6;13;2;21;0;0;0;0;6;13;2;21;16;27;7;50;0;1;0;1;16;28;7;51;2020
16116;18;21;0;39;0;0;0;0;18;21;0;39;17;10;0;27;0;0;0;0;17;10;0;27;35;31;0;66;0;0;0;0;35;31;0;66;2020
16117;153;349;64;566;1;59;10;70;154;408;74;636;186;308;52;546;0;53;14;67;186;361;66;613;339;657;116;1112;1;112;24;137;340;769;140;1249;2020
16118;211;466;70;747;1;17;0;18;212;483;70;765;267;391;101;759;0;32;5;37;267;423;106;796;478;857;171;1506;1;49;5;55;479;906;176;1561;2020
16119;27;61;5;93;0;1;3;4;27;62;8;97;32;49;6;87;0;2;0;2;32;51;6;89;59;110;11;180;0;3;3;6;59;113;14;186;2020
16121;39;83;1;123;0;0;0;0;39;83;1;123;38;67;6;111;0;0;0;0;38;67;6;111;77;150;7;234;0;0;0;0;77;150;7;234;2020
16122;36;94;16;146;2;4;2;8;38;98;18;154;36;76;19;131;1;10;2;13;37;86;21;144;72;170;35;277;3;14;4;21;75;184;39;298;2020
16123;12;23;0;35;0;0;0;0;12;23;0;35;11;16;0;27;0;0;0;0;11;16;0;27;23;39;0;62;0;0;0;0;23;39;0;62;2020
16124;256;675;128;1059;2;104;23;129;258;779;151;1188;316;577;105;998;1;107;23;131;317;684;128;1129;572;1252;233;2057;3;211;46;260;575;1463;279;2317;2020
16125;204;621;155;980;1;116;30;147;205;737;185;1127;236;559;137;932;4;114;21;139;240;673;158;1071;440;1180;292;1912;5;230;51;286;445;1410;343;2198;2020
16126;119;249;51;419;0;20;7;27;119;269;58;446;135;229;51;415;0;21;4;25;135;250;55;440;254;478;102;834;0;41;11;52;254;519;113;886;2020
16128;11;17;2;30;0;0;0;0;11;17;2;30;11;11;1;23;0;0;0;0;11;11;1;23;22;28;3;53;0;0;0;0;22;28;3;53;2020
16129;20;26;1;47;0;3;1;4;20;29;2;51;19;21;2;42;0;6;0;6;19;27;2;48;39;47;3;89;0;9;1;10;39;56;4;99;2020
16130;75;216;22;313;0;23;4;27;75;239;26;340;87;148;42;277;0;30;8;38;87;178;50;315;162;364;64;590;0;53;12;65;162;417;76;655;2020
16131;23;49;0;72;0;0;0;0;23;49;0;72;23;29;1;53;0;1;0;1;23;30;1;54;46;78;1;125;0;1;0;1;46;79;1;126;2020
16132;9;11;0;20;0;0;0;0;9;11;0;20;6;4;0;10;0;1;0;1;6;5;0;11;15;15;0;30;0;1;0;1;15;16;0;31;2020
16133;514;1702;429;2645;12;276;91;379;526;1978;520;3024;663;1619;402;2684;12;260;75;347;675;1879;477;3031;1177;3321;831;5329;24;536;166;726;1201;3857;997;6055;2020
16134;450;1744;444;2638;8;235;56;299;458;1979;500;2937;531;1727;405;2663;5;242;70;317;536;1969;475;2980;981;3471;849;5301;13;477;126;616;994;3948;975;5917;2020
16135;28;39;1;68;2;8;2;12;30;47;3;80;29;16;4;49;1;4;2;7;30;20;6;56;57;55;5;117;3;12;4;19;60;67;9;136;2020
16137;13;8;0;21;0;1;0;1;13;9;0;22;7;6;0;13;0;3;0;3;7;9;0;16;20;14;0;34;0;4;0;4;20;18;0;38;2020
16139;73;80;4;157;0;1;1;2;73;81;5;159;83;56;5;144;0;4;1;5;83;60;6;149;156;136;9;301;0;5;2;7;156;141;11;308;2020
16140;2;11;0;13;0;1;0;1;2;12;0;14;4;3;1;8;0;0;0;0;4;3;1;8;6;14;1;21;0;1;0;1;6;15;1;22;2020
16141;25;37;1;63;0;3;0;3;25;40;1;66;32;23;1;56;1;8;0;9;33;31;1;65;57;60;2;119;1;11;0;12;58;71;2;131;2020
16142;30;39;6;75;0;7;2;9;30;46;8;84;22;25;6;53;0;8;1;9;22;33;7;62;52;64;12;128;0;15;3;18;52;79;15;146;2020
16143;4;7;0;11;0;0;0;0;4;7;0;11;2;1;0;3;0;0;0;0;2;1;0;3;6;8;0;14;0;0;0;0;6;8;0;14;2020
16145;77;135;23;235;2;4;0;6;79;139;23;241;75;128;11;214;0;8;2;10;75;136;13;224;152;263;34;449;2;12;2;16;154;275;36;465;2020
16146;18;19;0;37;0;0;0;0;18;19;0;37;24;18;0;42;0;0;0;0;24;18;0;42;42;37;0;79;0;0;0;0;42;37;0;79;2020
16147;13;19;2;34;0;4;0;4;13;23;2;38;11;8;2;21;0;4;0;4;11;12;2;25;24;27;4;55;0;8;0;8;24;35;4;63;2020
16148;109;165;14;288;1;3;2;6;110;168;16;294;108;143;20;271;1;5;1;7;109;148;21;278;217;308;34;559;2;8;3;13;219;316;37;572;2020
16149;15;55;8;78;0;1;0;1;15;56;8;79;30;44;7;81;0;0;0;0;30;44;7;81;45;99;15;159;0;1;0;1;45;100;15;160;2020
16150;18;28;3;49;0;0;0;0;18;28;3;49;18;25;1;44;0;0;0;0;18;25;1;44;36;53;4;93;0;0;0;0;36;53;4;93;2020
16151;10;21;2;33;0;1;0;1;10;22;2;34;10;13;1;24;0;0;0;0;10;13;1;24;20;34;3;57;0;1;0;1;20;35;3;58;2020
16152;9;16;0;25;0;0;0;0;9;16;0;25;4;5;1;10;0;0;0;0;4;5;1;10;13;21;1;35;0;0;0;0;13;21;1;35;2020
16153;135;331;58;524;0;33;6;39;135;364;64;563;171;307;52;530;1;38;8;47;172;345;60;577;306;638;110;1054;1;71;14;86;307;709;124;1140;2020
16154;582;1867;380;2829;3;473;92;568;585;2340;472;3397;716;1651;371;2738;7;397;100;504;723;2048;471;3242;1298;3518;751;5567;10;870;192;1072;1308;4388;943;6639;2020
16155;90;182;34;306;0;47;4;51;90;229;38;357;77;136;34;247;0;31;5;36;77;167;39;283;167;318;68;553;0;78;9;87;167;396;77;640;2020
16156;18;26;2;46;0;7;1;8;18;33;3;54;21;11;0;32;0;1;0;1;21;12;0;33;39;37;2;78;0;8;1;9;39;45;3;87;2020
16157;43;55;12;110;0;1;0;1;43;56;12;111;43;37;7;87;0;4;0;4;43;41;7;91;86;92;19;197;0;5;0;5;86;97;19;202;2020
16158;95;171;43;309;2;30;4;36;97;201;47;345;80;169;43;292;0;31;5;36;80;200;48;328;175;340;86;601;2;61;9;72;177;401;95;673;2020
16159;50;45;1;96;0;8;1;9;50;53;2;105;54;39;4;97;0;1;0;1;54;40;4;98;104;84;5;193;0;9;1;10;104;93;6;203;2020
16160;17;19;0;36;0;0;0;0;17;19;0;36;14;8;0;22;0;0;0;0;14;8;0;22;31;27;0;58;0;0;0;0;31;27;0;58;2020
16161;8;15;0;23;0;4;0;4;8;19;0;27;12;7;1;20;0;1;0;1;12;8;1;21;20;22;1;43;0;5;0;5;20;27;1;48;2020
16162;4;7;0;11;0;2;1;3;4;9;1;14;10;4;0;14;0;2;0;2;10;6;0;16;14;11;0;25;0;4;1;5;14;15;1;30;2020
16163;18;15;0;33;0;0;0;0;18;15;0;33;18;10;0;28;0;0;0;0;18;10;0;28;36;25;0;61;0;0;0;0;36;25;0;61;2020
16165;12;15;0;27;0;0;0;0;12;15;0;27;10;12;2;24;0;2;0;2;10;14;2;26;22;27;2;51;0;2;0;2;22;29;2;53;2020
16166;43;86;6;135;1;16;2;19;44;102;8;154;53;60;8;121;0;12;3;15;53;72;11;136;96;146;14;256;1;28;5;34;97;174;19;290;2020
16167;42;99;3;144;0;3;0;3;42;102;3;147;70;75;10;155;0;6;0;6;70;81;10;161;112;174;13;299;0;9;0;9;112;183;13;308;2020
16169;14;15;0;29;0;0;0;0;14;15;0;29;5;9;1;15;0;0;0;0;5;9;1;15;19;24;1;44;0;0;0;0;19;24;1;44;2020
16170;112;224;44;380;4;57;13;74;116;281;57;454;126;201;41;368;1;57;16;74;127;258;57;442;238;425;85;748;5;114;29;148;243;539;114;896;2020
16171;269;584;123;976;4;173;56;233;273;757;179;1209;360;525;108;993;7;168;55;230;367;693;163;1223;629;1109;231;1969;11;341;111;463;640;1450;342;2432;2020
16172;76;89;6;171;0;11;1;12;76;100;7;183;89;57;2;148;0;12;1;13;89;69;3;161;165;146;8;319;0;23;2;25;165;169;10;344;2020
16173;38;53;1;92;0;4;1;5;38;57;2;97;39;39;4;82;0;3;0;3;39;42;4;85;77;92;5;174;0;7;1;8;77;99;6;182;2020
16174;28;66;5;99;0;4;0;4;28;70;5;103;35;39;6;80;0;4;0;4;35;43;6;84;63;105;11;179;0;8;0;8;63;113;11;187;2020
16175;543;2105;514;3162;8;616;190;814;551;2721;704;3976;644;1931;479;3054;10;519;155;684;654;2450;634;3738;1187;4036;993;6216;18;1135;345;1498;1205;5171;1338;7714;2020
16176;6;8;0;14;0;19;0;19;6;27;0;33;10;7;2;19;0;4;1;5;10;11;3;24;16;15;2;33;0;23;1;24;16;38;3;57;2020
16177;18;27;2;47;0;11;2;13;18;38;4;60;19;21;4;44;0;12;0;12;19;33;4;56;37;48;6;91;0;23;2;25;37;71;8;116;2020
16181;13;15;1;29;0;2;0;2;13;17;1;31;19;9;3;31;0;1;2;3;19;10;5;34;32;24;4;60;0;3;2;5;32;27;6;65;2020
16185;12;16;0;28;1;1;0;2;13;17;0;30;8;3;1;12;1;0;0;1;9;3;1;13;20;19;1;40;2;1;0;3;22;20;1;43;2020
16186;77;134;7;218;1;17;0;18;78;151;7;236;86;102;16;204;2;15;1;18;88;117;17;222;163;236;23;422;3;32;1;36;166;268;24;458;2020
16187;12;19;3;34;0;5;0;5;12;24;3;39;9;12;2;23;0;3;0;3;9;15;2;26;21;31;5;57;0;8;0;8;21;39;5;65;2020
16188;12;33;4;49;2;4;1;7;14;37;5;56;15;17;7;39;0;5;1;6;15;22;8;45;27;50;11;88;2;9;2;13;29;59;13;101;2020
16189;51;92;13;156;0;6;1;7;51;98;14;163;49;70;18;137;0;5;0;5;49;75;18;142;100;162;31;293;0;11;1;12;100;173;32;305;2020
16190;620;1870;453;2943;10;450;125;585;630;2320;578;3528;756;1773;422;2951;19;418;99;536;775;2191;521;3487;1376;3643;875;5894;29;868;224;1121;1405;4511;1099;7015;2020
16191;130;311;35;476;0;53;10;63;130;364;45;539;171;246;46;463;1;29;8;38;172;275;54;501;301;557;81;939;1;82;18;101;302;639;99;1040;2020
16192;7;14;1;22;0;0;0;0;7;14;1;22;12;8;0;20;0;0;0;0;12;8;0;20;19;22;1;42;0;0;0;0;19;22;1;42;2020
16193;13;17;0;30;0;0;0;0;13;17;0;30;17;5;1;23;0;0;0;0;17;5;1;23;30;22;1;53;0;0;0;0;30;22;1;53;2020
16194;45;61;4;110;0;0;0;0;45;61;4;110;47;47;3;97;0;0;0;0;47;47;3;97;92;108;7;207;0;0;0;0;92;108;7;207;2020
16195;91;143;24;258;0;26;5;31;91;169;29;289;119;106;18;243;0;24;9;33;119;130;27;276;210;249;42;501;0;50;14;64;210;299;56;565;2020
16196;112;207;32;351;0;10;0;10;112;217;32;361;116;167;30;313;2;10;0;12;118;177;30;325;228;374;62;664;2;20;0;22;230;394;62;686;2020
16197;20;20;0;40;0;0;0;0;20;20;0;40;19;9;0;28;0;0;0;0;19;9;0;28;39;29;0;68;0;0;0;0;39;29;0;68;2020
16198;200;446;77;723;1;61;27;89;201;507;104;812;239;401;81;721;2;53;17;72;241;454;98;793;439;847;158;1444;3;114;44;161;442;961;202;1605;2020
16199;10;5;0;15;0;0;0;0;10;5;0;15;10;2;0;12;0;0;0;0;10;2;0;12;20;7;0;27;0;0;0;0;20;7;0;27;2020
16202;135;243;61;439;0;17;2;19;135;260;63;458;148;209;38;395;0;11;0;11;148;220;38;406;283;452;99;834;0;28;2;30;283;480;101;864;2020
16203;1030;4084;1047;6161;37;1180;307;1524;1067;5264;1354;7685;1272;4055;1031;6358;59;1108;295;1462;1331;5163;1326;7820;2302;8139;2078;12519;96;2288;602;2986;2398;10427;2680;15505;2020
16204;39;89;9;137;0;10;3;13;39;99;12;150;37;62;13;112;0;13;4;17;37;75;17;129;76;151;22;249;0;23;7;30;76;174;29;279;2020
16205;21;31;2;54;0;0;0;0;21;31;2;54;20;33;8;61;0;0;0;0;20;33;8;61;41;64;10;115;0;0;0;0;41;64;10;115;2020
16206;44;50;4;98;0;5;1;6;44;55;5;104;43;28;10;81;0;7;2;9;43;35;12;90;87;78;14;179;0;12;3;15;87;90;17;194;2020
16209;21;42;1;64;0;3;0;3;21;45;1;67;24;17;0;41;0;2;1;3;24;19;1;44;45;59;1;105;0;5;1;6;45;64;2;111;2020
16211;79;95;3;177;0;10;0;10;79;105;3;187;91;66;0;157;0;6;1;7;91;72;1;164;170;161;3;334;0;16;1;17;170;177;4;351;2020
16212;34;80;8;122;0;5;0;5;34;85;8;127;48;67;13;128;0;2;0;2;48;69;13;130;82;147;21;250;0;7;0;7;82;154;21;257;2020
16213;4;17;1;22;0;2;0;2;4;19;1;24;6;7;0;13;0;1;0;1;6;8;0;14;10;24;1;35;0;3;0;3;10;27;1;38;2020
16215;40;93;5;138;0;1;2;3;40;94;7;141;42;56;6;104;0;5;0;5;42;61;6;109;82;149;11;242;0;6;2;8;82;155;13;250;2020
16216;53;90;4;147;0;1;0;1;53;91;4;148;58;65;3;126;0;4;0;4;58;69;3;130;111;155;7;273;0;5;0;5;111;160;7;278;2020
16217;18;28;6;52;0;1;2;3;18;29;8;55;22;20;3;45;0;3;0;3;22;23;3;48;40;48;9;97;0;4;2;6;40;52;11;103;2020
16218;40;54;8;102;0;7;5;12;40;61;13;114;37;48;4;89;0;6;3;9;37;54;7;98;77;102;12;191;0;13;8;21;77;115;20;212;2020
16219;8;33;0;41;0;0;0;0;8;33;0;41;16;21;0;37;0;1;0;1;16;22;0;38;24;54;0;78;0;1;0;1;24;55;0;79;2020
16224;14;30;0;44;0;0;0;0;14;30;0;44;8;19;5;32;0;1;0;1;8;20;5;33;22;49;5;76;0;1;0;1;22;50;5;77;2020
16225;15;17;0;32;0;3;1;4;15;20;1;36;13;10;0;23;0;1;3;4;13;11;3;27;28;27;0;55;0;4;4;8;28;31;4;63;2020
16227;26;32;3;61;0;1;0;1;26;33;3;62;20;21;2;43;0;3;0;3;20;24;2;46;46;53;5;104;0;4;0;4;46;57;5;108;2020
16228;35;64;7;106;0;12;2;14;35;76;9;120;31;36;2;69;0;4;0;4;31;40;2;73;66;100;9;175;0;16;2;18;66;116;11;193;2020
16231;5;18;0;23;0;2;0;2;5;20;0;25;11;7;2;20;0;4;3;7;11;11;5;27;16;25;2;43;0;6;3;9;16;31;5;52;2020
16234;9;3;0;12;0;0;0;0;9;3;0;12;7;3;0;10;0;0;0;0;7;3;0;10;16;6;0;22;0;0;0;0;16;6;0;22;2020
16236;146;299;50;495;2;37;16;55;148;336;66;550;165;261;52;478;4;41;11;56;169;302;63;534;311;560;102;973;6;78;27;111;317;638;129;1084;2020
16237;18;25;4;47;0;0;0;0;18;25;4;47;20;20;1;41;0;0;0;0;20;20;1;41;38;45;5;88;0;0;0;0;38;45;5;88;2020
16238;73;161;15;249;0;4;3;7;73;165;18;256;104;107;20;231;0;8;1;9;104;115;21;240;177;268;35;480;0;12;4;16;177;280;39;496;2020
16239;22;50;4;76;0;3;0;3;22;53;4;79;15;29;2;46;0;3;1;4;15;32;3;50;37;79;6;122;0;6;1;7;37;85;7;129;2020
16240;19;38;0;57;1;2;0;3;20;40;0;60;23;15;0;38;0;2;0;2;23;17;0;40;42;53;0;95;1;4;0;5;43;57;0;100;2020
16242;62;92;8;162;0;5;1;6;62;97;9;168;59;78;16;153;0;7;4;11;59;85;20;164;121;170;24;315;0;12;5;17;121;182;29;332;2020
16243;66;114;17;197;1;44;2;47;67;158;19;244;84;110;7;201;2;32;2;36;86;142;9;237;150;224;24;398;3;76;4;83;153;300;28;481;2020
16244;102;244;23;369;0;6;3;9;102;250;26;378;121;213;28;362;0;6;1;7;121;219;29;369;223;457;51;731;0;12;4;16;223;469;55;747;2020
16245;63;132;15;210;0;6;3;9;63;138;18;219;65;137;11;213;1;7;4;12;66;144;15;225;128;269;26;423;1;13;7;21;129;282;33;444;2020
16246;86;161;12;259;0;13;5;18;86;174;17;277;89;112;13;214;0;18;4;22;89;130;17;236;175;273;25;473;0;31;9;40;175;304;34;513;2020
16247;17;18;0;35;0;8;0;8;17;26;0;43;20;12;1;33;0;5;1;6;20;17;2;39;37;30;1;68;0;13;1;14;37;43;2;82;2020
16248;114;310;53;477;2;20;7;29;116;330;60;506;130;279;56;465;0;31;3;34;130;310;59;499;244;589;109;942;2;51;10;63;246;640;119;1005;2020
16249;274;723;114;1111;3;128;31;162;277;851;145;1273;358;614;114;1086;4;123;35;162;362;737;149;1248;632;1337;228;2197;7;251;66;324;639;1588;294;2521;2020
16250;15;26;0;41;0;1;0;1;15;27;0;42;15;6;0;21;0;4;1;5;15;10;1;26;30;32;0;62;0;5;1;6;30;37;1;68;2020
16251;215;632;104;951;1;155;54;210;216;787;158;1161;287;549;91;927;5;148;41;194;292;697;132;1121;502;1181;195;1878;6;303;95;404;508;1484;290;2282;2020
16253;60;106;17;183;0;13;2;15;60;119;19;198;67;76;20;163;0;13;1;14;67;89;21;177;127;182;37;346;0;26;3;29;127;208;40;375;2020
16254;25;70;4;99;0;2;0;2;25;72;4;101;44;59;6;109;0;2;0;2;44;61;6;111;69;129;10;208;0;4;0;4;69;133;10;212;2020
16255;37;38;4;79;0;3;0;3;37;41;4;82;29;28;1;58;0;7;1;8;29;35;2;66;66;66;5;137;0;10;1;11;66;76;6;148;2020
16258;47;41;6;94;0;7;1;8;47;48;7;102;45;30;5;80;1;8;0;9;46;38;5;89;92;71;11;174;1;15;1;17;93;86;12;191;2020
16259;7;10;0;17;0;5;3;8;7;15;3;25;5;5;0;10;0;7;2;9;5;12;2;19;12;15;0;27;0;12;5;17;12;27;5;44;2020
16263;131;390;92;613;1;62;8;71;132;452;100;684;124;341;76;541;0;44;16;60;124;385;92;601;255;731;168;1154;1;106;24;131;256;837;192;1285;2020
16264;76;107;10;193;0;11;5;16;76;118;15;209;98;85;7;190;0;11;8;19;98;96;15;209;174;192;17;383;0;22;13;35;174;214;30;418;2020
16265;4;7;0;11;0;0;0;0;4;7;0;11;6;5;0;11;0;0;0;0;6;5;0;11;10;12;0;22;0;0;0;0;10;12;0;22;2020
16266;60;117;8;185;0;2;3;5;60;119;11;190;83;89;10;182;0;4;6;10;83;93;16;192;143;206;18;367;0;6;9;15;143;212;27;382;2020
16269;73;115;13;201;0;9;1;10;73;124;14;211;96;84;15;195;1;6;1;8;97;90;16;203;169;199;28;396;1;15;2;18;170;214;30;414;2020
16270;31;56;9;96;1;9;1;11;32;65;10;107;23;42;6;71;1;11;1;13;24;53;7;84;54;98;15;167;2;20;2;24;56;118;17;191;2020
16271;89;222;34;345;1;56;10;67;90;278;44;412;124;191;50;365;0;50;16;66;124;241;66;431;213;413;84;710;1;106;26;133;214;519;110;843;2020
16272;37;76;3;116;0;5;1;6;37;81;4;122;40;40;4;84;1;5;1;7;41;45;5;91;77;116;7;200;1;10;2;13;78;126;9;213;2020
16273;60;88;14;162;3;7;0;10;63;95;14;172;75;70;6;151;0;4;1;5;75;74;7;156;135;158;20;313;3;11;1;15;138;169;21;328;2020
16274;19;29;3;51;0;6;1;7;19;35;4;58;29;18;0;47;0;3;1;4;29;21;1;51;48;47;3;98;0;9;2;11;48;56;5;109;2020
16275;3;4;0;7;0;0;0;0;3;4;0;7;3;1;0;4;0;0;0;0;3;1;0;4;6;5;0;11;0;0;0;0;6;5;0;11;2020
16276;5;6;0;11;0;1;0;1;5;7;0;12;2;3;0;5;0;1;0;1;2;4;0;6;7;9;0;16;0;2;0;2;7;11;0;18;2020
16277;23;33;0;56;0;5;0;5;23;38;0;61;33;11;1;45;0;4;0;4;33;15;1;49;56;44;1;101;0;9;0;9;56;53;1;110;2020
16278;12;16;1;29;0;0;0;0;12;16;1;29;13;13;1;27;0;0;0;0;13;13;1;27;25;29;2;56;0;0;0;0;25;29;2;56;2020
16279;28;68;1;97;2;39;10;51;30;107;11;148;40;38;6;84;1;27;6;34;41;65;12;118;68;106;7;181;3;66;16;85;71;172;23;266;2020
16280;39;47;1;87;0;1;0;1;39;48;1;88;45;31;2;78;0;2;1;3;45;33;3;81;84;78;3;165;0;3;1;4;84;81;4;169;2020
16901;131;185;20;336;0;27;6;33;131;212;26;369;155;137;16;308;2;27;12;41;157;164;28;349;286;322;36;644;2;54;18;74;288;376;54;718;2020
16902;31;42;0;73;0;0;0;0;31;42;0;73;27;23;2;52;0;1;0;1;27;24;2;53;58;65;2;125;0;1;0;1;58;66;2;126;2020
16903;133;387;40;560;1;185;47;233;134;572;87;793;164;327;55;546;1;119;35;155;165;446;90;701;297;714;95;1106;2;304;82;388;299;1018;177;1494;2020
16904;64;171;19;254;0;7;0;7;64;178;19;261;47;143;22;212;2;14;0;16;49;157;22;228;111;314;41;466;2;21;0;23;113;335;41;489;2020
16905;75;608;164;847;1;40;6;47;76;648;170;894;84;583;151;818;3;48;12;63;87;631;163;881;159;1191;315;1665;4;88;18;110;163;1279;333;1775;2020
16906;22;23;0;45;0;0;0;0;22;23;0;45;17;5;0;22;1;0;0;1;18;5;0;23;39;28;0;67;1;0;0;1;40;28;0;68;2020
16908;26;54;0;80;0;15;2;17;26;69;2;97;40;35;0;75;0;12;4;16;40;47;4;91;66;89;0;155;0;27;6;33;66;116;6;188;2020
16909;100;227;31;358;0;6;1;7;100;233;32;365;130;181;20;331;0;3;1;4;130;184;21;335;230;408;51;689;0;9;2;11;230;417;53;700;2020
16910;16;27;0;43;0;0;0;0;16;27;0;43;20;11;0;31;0;1;0;1;20;12;0;32;36;38;0;74;0;1;0;1;36;39;0;75;2020
17001;81;213;55;349;8;60;14;82;89;273;69;431;91;215;62;368;3;50;11;64;94;265;73;432;172;428;117;717;11;110;25;146;183;538;142;863;2020
17002;56;244;75;375;0;7;3;10;56;251;78;385;58;233;74;365;1;13;1;15;59;246;75;380;114;477;149;740;1;20;4;25;115;497;153;765;2020
17003;14;42;15;71;0;5;3;8;14;47;18;79;11;34;19;64;0;11;1;12;11;45;20;76;25;76;34;135;0;16;4;20;25;92;38;155;2020
17004;71;210;46;327;5;50;9;64;76;260;55;391;65;197;53;315;7;40;6;53;72;237;59;368;136;407;99;642;12;90;15;117;148;497;114;759;2020
17005;47;196;52;295;2;12;2;16;49;208;54;311;57;171;50;278;2;10;1;13;59;181;51;291;104;367;102;573;4;22;3;29;108;389;105;602;2020
17006;108;538;87;733;3;71;16;90;111;609;103;823;122;462;87;671;5;87;7;99;127;549;94;770;230;1000;174;1404;8;158;23;189;238;1158;197;1593;2020
17007;245;635;147;1027;6;94;17;117;251;729;164;1144;314;602;145;1061;3;99;25;127;317;701;170;1188;559;1237;292;2088;9;193;42;244;568;1430;334;2332;2020
17008;445;1332;366;2143;19;508;147;674;464;1840;513;2817;572;1284;328;2184;25;460;168;653;597;1744;496;2837;1017;2616;694;4327;44;968;315;1327;1061;3584;1009;5654;2020
17009;531;1569;384;2484;24;706;202;932;555;2275;586;3416;640;1413;369;2422;16;536;218;770;656;1949;587;3192;1171;2982;753;4906;40;1242;420;1702;1211;4224;1173;6608;2020
17010;42;134;22;198;2;6;1;9;44;140;23;207;43;115;20;178;1;10;0;11;44;125;20;189;85;249;42;376;3;16;1;20;88;265;43;396;2020
17011;89;225;78;392;4;74;8;86;93;299;86;478;101;237;80;418;3;40;12;55;104;277;92;473;190;462;158;810;7;114;20;141;197;576;178;951;2020
17012;89;535;157;781;3;30;4;37;92;565;161;818;87;530;156;773;7;39;4;50;94;569;160;823;176;1065;313;1554;10;69;8;87;186;1134;321;1641;2020
17013;329;1101;221;1651;71;205;28;304;400;1306;249;1955;369;1033;222;1624;70;209;33;312;439;1242;255;1936;698;2134;443;3275;141;414;61;616;839;2548;504;3891;2020
17014;9;25;3;37;2;12;0;14;11;37;3;51;9;20;2;31;3;4;0;7;12;24;2;38;18;45;5;68;5;16;0;21;23;61;5;89;2020
17015;1418;4946;1477;7841;62;1613;470;2145;1480;6559;1947;9986;1915;4901;1356;8172;67;1370;458;1895;1982;6271;1814;10067;3333;9847;2833;16013;129;2983;928;4040;3462;12830;3761;20053;2020
17016;93;293;78;464;0;49;8;57;93;342;86;521;120;238;68;426;5;44;5;54;125;282;73;480;213;531;146;890;5;93;13;111;218;624;159;1001;2020
17018;57;181;45;283;8;29;5;42;65;210;50;325;74;190;51;315;10;24;4;38;84;214;55;353;131;371;96;598;18;53;9;80;149;424;105;678;2020
17019;248;614;187;1049;6;100;26;132;254;714;213;1181;314;633;185;1132;11;137;26;174;325;770;211;1306;562;1247;372;2181;17;237;52;306;579;1484;424;2487;2020
17020;356;1543;511;2410;4;85;23;112;360;1628;534;2522;429;1466;460;2355;5;95;14;114;434;1561;474;2469;785;3009;971;4765;9;180;37;226;794;3189;1008;4991;2020
17021;9;59;15;83;2;12;2;16;11;71;17;99;9;47;15;71;2;9;5;16;11;56;20;87;18;106;30;154;4;21;7;32;22;127;37;186;2020
17022;770;2750;893;4413;35;911;206;1152;805;3661;1099;5565;1016;2707;788;4511;44;795;244;1083;1060;3502;1032;5594;1786;5457;1681;8924;79;1706;450;2235;1865;7163;2131;11159;2020
17023;3166;10505;2622;16293;204;2890;459;3553;3370;13395;3081;19846;3997;10498;2485;16980;235;2405;448;3088;4232;12903;2933;20068;7163;21003;5107;33273;439;5295;907;6641;7602;26298;6014;39914;2020
17024;34;122;25;181;2;12;2;16;36;134;27;197;37;104;16;157;3;17;1;21;40;121;17;178;71;226;41;338;5;29;3;37;76;255;44;375;2020
17025;137;462;122;721;3;121;40;164;140;583;162;885;162;448;117;727;1;123;25;149;163;571;142;876;299;910;239;1448;4;244;65;313;303;1154;304;1761;2020
17026;61;221;73;355;2;18;5;25;63;239;78;380;71;200;65;336;1;12;4;17;72;212;69;353;132;421;138;691;3;30;9;42;135;451;147;733;2020
17027;362;1080;214;1656;0;147;39;186;362;1227;253;1842;454;1028;249;1731;1;144;44;189;455;1172;293;1920;816;2108;463;3387;1;291;83;375;817;2399;546;3762;2020
17028;47;111;28;186;2;13;2;17;49;124;30;203;44;107;23;174;2;9;1;12;46;116;24;186;91;218;51;360;4;22;3;29;95;240;54;389;2020
17029;28;84;12;124;3;8;2;13;31;92;14;137;27;76;19;122;2;9;2;13;29;85;21;135;55;160;31;246;5;17;4;26;60;177;35;272;2020
17030;102;250;58;410;10;86;14;110;112;336;72;520;92;218;64;374;10;53;11;74;102;271;75;448;194;468;122;784;20;139;25;184;214;607;147;968;2020
17031;24;73;26;123;4;23;0;27;28;96;26;150;25;48;16;89;8;18;2;28;33;66;18;117;49;121;42;212;12;41;2;55;61;162;44;267;2020
17032;190;665;149;1004;30;231;35;296;220;896;184;1300;243;667;166;1076;27;256;36;319;270;923;202;1395;433;1332;315;2080;57;487;71;615;490;1819;386;2695;2020
17033;582;2317;677;3576;18;286;55;359;600;2603;732;3935;683;2245;633;3561;26;294;56;376;709;2539;689;3937;1265;4562;1310;7137;44;580;111;735;1309;5142;1421;7872;2020
17034;863;2850;753;4466;197;827;191;1215;1060;3677;944;5681;962;2776;627;4365;239;871;175;1285;1201;3647;802;5650;1825;5626;1380;8831;436;1698;366;2500;2261;7324;1746;11331;2020
17035;73;191;59;323;2;12;3;17;75;203;62;340;97;186;42;325;4;8;0;12;101;194;42;337;170;377;101;648;6;20;3;29;176;397;104;677;2020
17036;367;925;205;1497;1;49;13;63;368;974;218;1560;496;890;208;1594;5;58;15;78;501;948;223;1672;863;1815;413;3091;6;107;28;141;869;1922;441;3232;2020
17037;20;42;7;69;0;4;0;4;20;46;7;73;16;39;4;59;0;6;2;8;16;45;6;67;36;81;11;128;0;10;2;12;36;91;13;140;2020
17038;25;168;57;250;0;12;2;14;25;180;59;264;36;162;60;258;1;12;2;15;37;174;62;273;61;330;117;508;1;24;4;29;62;354;121;537;2020
17039;274;574;127;975;5;116;28;149;279;690;155;1124;329;582;118;1029;7;113;25;145;336;695;143;1174;603;1156;245;2004;12;229;53;294;615;1385;298;2298;2020
17040;78;216;68;362;1;17;2;20;79;233;70;382;77;190;60;327;2;17;1;20;79;207;61;347;155;406;128;689;3;34;3;40;158;440;131;729;2020
17041;34;76;18;128;6;18;1;25;40;94;19;153;41;67;21;129;3;22;2;27;44;89;23;156;75;143;39;257;9;40;3;52;84;183;42;309;2020
17042;58;151;36;245;7;49;4;60;65;200;40;305;70;143;39;252;6;39;9;54;76;182;48;306;128;294;75;497;13;88;13;114;141;382;88;611;2020
17043;25;65;7;97;0;1;0;1;25;66;7;98;25;56;4;85;0;5;0;5;25;61;4;90;50;121;11;182;0;6;0;6;50;127;11;188;2020
17044;712;2793;776;4281;22;790;200;1012;734;3583;976;5293;963;2668;758;4389;19;548;161;728;982;3216;919;5117;1675;5461;1534;8670;41;1338;361;1740;1716;6799;1895;10410;2020
17046;112;246;76;434;1;44;9;54;113;290;85;488;132;234;42;408;2;37;12;51;134;271;54;459;244;480;118;842;3;81;21;105;247;561;139;947;2020
17047;527;2014;557;3098;455;1699;352;2506;982;3713;909;5604;598;1946;580;3124;452;1574;346;2372;1050;3520;926;5496;1125;3960;1137;6222;907;3273;698;4878;2032;7233;1835;11100;2020
17048;811;2323;570;3704;190;1239;293;1722;1001;3562;863;5426;947;2343;549;3839;214;1276;275;1765;1161;3619;824;5604;1758;4666;1119;7543;404;2515;568;3487;2162;7181;1687;11030;2020
17049;261;1399;490;2150;11;507;128;646;272;1906;618;2796;299;1388;472;2159;12;460;134;606;311;1848;606;2765;560;2787;962;4309;23;967;262;1252;583;3754;1224;5561;2020
17050;83;265;91;439;4;42;9;55;87;307;100;494;80;259;72;411;5;46;10;61;85;305;82;472;163;524;163;850;9;88;19;116;172;612;182;966;2020
17051;31;74;18;123;1;13;0;14;32;87;18;137;29;80;22;131;1;11;2;14;30;91;24;145;60;154;40;254;2;24;2;28;62;178;42;282;2020
17052;19;46;8;73;0;6;3;9;19;52;11;82;23;47;13;83;0;5;1;6;23;52;14;89;42;93;21;156;0;11;4;15;42;104;25;171;2020
17054;57;122;11;190;14;10;3;27;71;132;14;217;62;105;21;188;12;26;2;40;74;131;23;228;119;227;32;378;26;36;5;67;145;263;37;445;2020
17055;21;50;9;80;0;4;0;4;21;54;9;84;28;43;11;82;0;8;0;8;28;51;11;90;49;93;20;162;0;12;0;12;49;105;20;174;2020
17056;224;698;208;1130;5;65;15;85;229;763;223;1215;238;652;187;1077;5;86;16;107;243;738;203;1184;462;1350;395;2207;10;151;31;192;472;1501;426;2399;2020
17057;139;336;122;597;3;36;6;45;142;372;128;642;150;346;83;579;4;35;8;47;154;381;91;626;289;682;205;1176;7;71;14;92;296;753;219;1268;2020
17058;23;72;14;109;2;13;3;18;25;85;17;127;33;57;16;106;1;17;3;21;34;74;19;127;56;129;30;215;3;30;6;39;59;159;36;254;2020
17060;55;160;28;243;9;18;2;29;64;178;30;272;67;128;26;221;10;28;6;44;77;156;32;265;122;288;54;464;19;46;8;73;141;334;62;537;2020
17061;20;76;20;116;0;4;1;5;20;80;21;121;20;61;26;107;0;5;1;6;20;66;27;113;40;137;46;223;0;9;2;11;40;146;48;234;2020
17062;742;2262;563;3567;359;1067;194;1620;1101;3329;757;5187;836;2151;506;3493;359;995;210;1564;1195;3146;716;5057;1578;4413;1069;7060;718;2062;404;3184;2296;6475;1473;10244;2020
17063;19;75;14;108;1;3;0;4;20;78;14;112;26;59;18;103;0;6;0;6;26;65;18;109;45;134;32;211;1;9;0;10;46;143;32;221;2020
17064;58;102;23;183;3;11;7;21;61;113;30;204;63;108;19;190;2;16;0;18;65;124;19;208;121;210;42;373;5;27;7;39;126;237;49;412;2020
17065;51;117;45;213;3;15;3;21;54;132;48;234;57;112;37;206;2;17;4;23;59;129;41;229;108;229;82;419;5;32;7;44;113;261;89;463;2020
17066;2839;10443;3315;16597;238;5240;1288;6766;3077;15683;4603;23363;4002;10720;3047;17769;269;4616;1218;6103;4271;15336;4265;23872;6841;21163;6362;34366;507;9856;2506;12869;7348;31019;8868;47235;2020
17067;88;247;60;395;2;117;37;156;90;364;97;551;132;243;65;440;5;99;35;139;137;342;100;579;220;490;125;835;7;216;72;295;227;706;197;1130;2020
17068;38;94;13;145;2;3;1;6;40;97;14;151;51;75;17;143;2;7;0;9;53;82;17;152;89;169;30;288;4;10;1;15;93;179;31;303;2020
17069;51;130;21;202;1;9;0;10;52;139;21;212;53;123;30;206;2;15;2;19;55;138;32;225;104;253;51;408;3;24;2;29;107;277;53;437;2020
17070;18;44;10;72;1;8;0;9;19;52;10;81;19;29;8;56;1;8;0;9;20;37;8;65;37;73;18;128;2;16;0;18;39;89;18;146;2020
17071;129;442;136;707;2;18;5;25;131;460;141;732;124;463;120;707;6;23;1;30;130;486;121;737;253;905;256;1414;8;41;6;55;261;946;262;1469;2020
17073;167;813;297;1277;3;46;7;56;170;859;304;1333;190;826;253;1269;0;59;9;68;190;885;262;1337;357;1639;550;2546;3;105;16;124;360;1744;566;2670;2020
17074;66;203;57;326;6;60;3;69;72;263;60;395;78;208;57;343;8;36;5;49;86;244;62;392;144;411;114;669;14;96;8;118;158;507;122;787;2020
17075;39;140;38;217;1;12;4;17;40;152;42;234;41;121;34;196;0;19;2;21;41;140;36;217;80;261;72;413;1;31;6;38;81;292;78;451;2020
17076;18;47;10;75;0;10;3;13;18;57;13;88;17;40;13;70;1;6;2;9;18;46;15;79;35;87;23;145;1;16;5;22;36;103;28;167;2020
17077;85;202;52;339;11;60;15;86;96;262;67;425;81;197;66;344;14;63;7;84;95;260;73;428;166;399;118;683;25;123;22;170;191;522;140;853;2020
17078;44;131;37;212;0;9;1;10;44;140;38;222;45;124;42;211;0;15;1;16;45;139;43;227;89;255;79;423;0;24;2;26;89;279;81;449;2020
17079;6538;24979;7307;38824;273;8830;1882;10985;6811;33809;9189;49809;9128;26634;6911;42673;449;8705;1733;10887;9577;35339;8644;53560;15666;51613;14218;81497;722;17535;3615;21872;16388;69148;17833;103369;2020
17080;17;53;21;91;0;2;2;4;17;55;23;95;27;51;15;93;0;4;0;4;27;55;15;97;44;104;36;184;0;6;2;8;44;110;38;192;2020
17081;36;106;37;179;5;48;2;55;41;154;39;234;29;86;26;141;4;21;2;27;33;107;28;168;65;192;63;320;9;69;4;82;74;261;67;402;2020
17082;52;188;39;279;2;13;0;15;54;201;39;294;51;155;41;247;0;8;0;8;51;163;41;255;103;343;80;526;2;21;0;23;105;364;80;549;2020
17083;326;1186;333;1845;3;238;72;313;329;1424;405;2158;410;1122;297;1829;12;219;73;304;422;1341;370;2133;736;2308;630;3674;15;457;145;617;751;2765;775;4291;2020
17084;35;99;23;157;0;6;0;6;35;105;23;163;27;68;19;114;0;4;0;4;27;72;19;118;62;167;42;271;0;10;0;10;62;177;42;281;2020
17085;44;105;27;176;3;26;4;33;47;131;31;209;55;90;19;164;3;10;1;14;58;100;20;178;99;195;46;340;6;36;5;47;105;231;51;387;2020
17086;209;666;211;1086;11;450;114;575;220;1116;325;1661;255;656;178;1089;17;442;111;570;272;1098;289;1659;464;1322;389;2175;28;892;225;1145;492;2214;614;3320;2020
17087;26;88;29;143;0;18;2;20;26;106;31;163;32;80;26;138;0;14;4;18;32;94;30;156;58;168;55;281;0;32;6;38;58;200;61;319;2020
17088;68;234;79;381;0;26;4;30;68;260;83;411;62;248;92;402;3;26;2;31;65;274;94;433;130;482;171;783;3;52;6;61;133;534;177;844;2020
17089;618;2350;640;3608;34;581;150;765;652;2931;790;4373;781;2167;630;3578;37;505;154;696;818;2672;784;4274;1399;4517;1270;7186;71;1086;304;1461;1470;5603;1574;8647;2020
17090;61;228;66;355;0;10;1;11;61;238;67;366;68;210;56;334;0;12;1;13;68;222;57;347;129;438;122;689;0;22;2;24;129;460;124;713;2020
17091;74;141;30;245;1;22;6;29;75;163;36;274;64;125;36;225;2;29;5;36;66;154;41;261;138;266;66;470;3;51;11;65;141;317;77;535;2020
17092;423;1311;307;2041;43;222;47;312;466;1533;354;2353;563;1244;286;2093;44;243;42;329;607;1487;328;2422;986;2555;593;4134;87;465;89;641;1073;3020;682;4775;2020
17093;117;346;84;547;5;51;6;62;122;397;90;609;135;343;92;570;6;46;6;58;141;389;98;628;252;689;176;1117;11;97;12;120;263;786;188;1237;2020
17094;123;448;87;658;7;70;10;87;130;518;97;745;128;368;97;593;2;81;10;93;130;449;107;686;251;816;184;1251;9;151;20;180;260;967;204;1431;2020
17095;2111;8274;2024;12409;482;5751;1284;7517;2593;14025;3308;19926;2453;7553;1959;11965;700;5331;1167;7198;3153;12884;3126;19163;4564;15827;3983;24374;1182;11082;2451;14715;5746;26909;6434;39089;2020
17096;17;76;18;111;0;8;2;10;17;84;20;121;16;52;16;84;0;6;1;7;16;58;17;91;33;128;34;195;0;14;3;17;33;142;37;212;2020
17097;24;78;25;127;3;5;2;10;27;83;27;137;26;79;26;131;5;14;1;20;31;93;27;151;50;157;51;258;8;19;3;30;58;176;54;288;2020
17098;43;134;25;202;7;44;7;58;50;178;32;260;43;102;32;177;4;19;3;26;47;121;35;203;86;236;57;379;11;63;10;84;97;299;67;463;2020
17099;9;34;10;53;0;2;0;2;9;36;10;55;9;26;7;42;0;3;0;3;9;29;7;45;18;60;17;95;0;5;0;5;18;65;17;100;2020
17100;23;72;15;110;0;40;0;40;23;112;15;150;29;70;17;116;2;18;2;22;31;88;19;138;52;142;32;226;2;58;2;62;54;200;34;288;2020
17101;91;227;79;397;2;16;5;23;93;243;84;420;75;205;78;358;3;14;1;18;78;219;79;376;166;432;157;755;5;30;6;41;171;462;163;796;2020
17102;87;200;29;316;4;28;4;36;91;228;33;352;115;167;34;316;1;25;4;30;116;192;38;346;202;367;63;632;5;53;8;66;207;420;71;698;2020
17103;582;2083;473;3138;34;400;64;498;616;2483;537;3636;651;1856;514;3021;31;307;71;409;682;2163;585;3430;1233;3939;987;6159;65;707;135;907;1298;4646;1122;7066;2020
17105;30;106;23;159;4;12;1;17;34;118;24;176;40;88;28;156;5;8;0;13;45;96;28;169;70;194;51;315;9;20;1;30;79;214;52;345;2020
17106;27;48;19;94;1;9;0;10;28;57;19;104;30;42;15;87;2;5;0;7;32;47;15;94;57;90;34;181;3;14;0;17;60;104;34;198;2020
17107;40;95;20;155;3;8;0;11;43;103;20;166;52;83;28;163;2;5;0;7;54;88;28;170;92;178;48;318;5;13;0;18;97;191;48;336;2020
17109;76;295;64;435;8;36;2;46;84;331;66;481;86;271;67;424;3;21;1;25;89;292;68;449;162;566;131;859;11;57;3;71;173;623;134;930;2020
17110;166;515;101;782;7;47;15;69;173;562;116;851;179;488;86;753;12;54;10;76;191;542;96;829;345;1003;187;1535;19;101;25;145;364;1104;212;1680;2020
17111;99;382;132;613;20;54;5;79;119;436;137;692;115;409;113;637;23;63;12;98;138;472;125;735;214;791;245;1250;43;117;17;177;257;908;262;1427;2020
17112;28;85;17;130;0;2;0;2;28;87;17;132;23;64;17;104;0;4;0;4;23;68;17;108;51;149;34;234;0;6;0;6;51;155;34;240;2020
17114;2853;8692;2219;13764;96;3478;651;4225;2949;12170;2870;17989;3923;8295;2120;14338;105;2850;644;3599;4028;11145;2764;17937;6776;16987;4339;28102;201;6328;1295;7824;6977;23315;5634;35926;2020
17115;44;106;29;179;1;12;1;14;45;118;30;193;34;96;28;158;0;9;1;10;34;105;29;168;78;202;57;337;1;21;2;24;79;223;59;361;2020
17116;46;143;31;220;1;10;1;12;47;153;32;232;49;113;18;180;1;14;1;16;50;127;19;196;95;256;49;400;2;24;2;28;97;280;51;428;2020
17117;1689;5610;1578;8877;157;1934;563;2654;1846;7544;2141;11531;2204;5317;1491;9012;170;2019;512;2701;2374;7336;2003;11713;3893;10927;3069;17889;327;3953;1075;5355;4220;14880;4144;23244;2020
17118;1513;4859;1172;7544;89;1051;189;1329;1602;5910;1361;8873;2006;4854;1099;7959;108;1034;161;1303;2114;5888;1260;9262;3519;9713;2271;15503;197;2085;350;2632;3716;11798;2621;18135;2020
17119;14;29;7;50;1;0;0;1;15;29;7;51;10;21;5;36;1;2;0;3;11;23;5;39;24;50;12;86;2;2;0;4;26;52;12;90;2020
17120;89;331;118;538;67;110;23;200;156;441;141;738;109;318;99;526;61;108;23;192;170;426;122;718;198;649;217;1064;128;218;46;392;326;867;263;1456;2020
17121;38;85;25;148;2;18;1;21;40;103;26;169;35;72;22;129;0;10;2;12;35;82;24;141;73;157;47;277;2;28;3;33;75;185;50;310;2020
17123;45;130;36;211;3;9;0;12;48;139;36;223;50;125;40;215;2;7;1;10;52;132;41;225;95;255;76;426;5;16;1;22;100;271;77;448;2020
17124;212;627;153;992;47;169;24;240;259;796;177;1232;223;558;148;929;47;169;18;234;270;727;166;1163;435;1185;301;1921;94;338;42;474;529;1523;343;2395;2020
17125;18;56;13;87;0;3;0;3;18;59;13;90;23;41;11;75;0;4;0;4;23;45;11;79;41;97;24;162;0;7;0;7;41;104;24;169;2020
17126;44;114;28;186;3;6;1;10;47;120;29;196;53;105;29;187;2;6;0;8;55;111;29;195;97;219;57;373;5;12;1;18;102;231;58;391;2020
17128;33;130;35;198;32;43;7;82;65;173;42;280;47;124;30;201;28;44;4;76;75;168;34;277;80;254;65;399;60;87;11;158;140;341;76;557;2020
17129;15;52;19;86;1;10;0;11;16;62;19;97;19;54;15;88;0;5;1;6;19;59;16;94;34;106;34;174;1;15;1;17;35;121;35;191;2020
17130;35;123;37;195;2;16;4;22;37;139;41;217;58;110;26;194;4;18;2;24;62;128;28;218;93;233;63;389;6;34;6;46;99;267;69;435;2020
17132;142;540;123;805;32;89;11;132;174;629;134;937;188;515;135;838;29;84;10;123;217;599;145;961;330;1055;258;1643;61;173;21;255;391;1228;279;1898;2020
17133;202;441;123;766;4;74;22;100;206;515;145;866;251;400;93;744;3;79;20;102;254;479;113;846;453;841;216;1510;7;153;42;202;460;994;258;1712;2020
17134;37;91;20;148;1;12;4;17;38;103;24;165;40;66;15;121;2;14;2;18;42;80;17;139;77;157;35;269;3;26;6;35;80;183;41;304;2020
17135;53;158;31;242;3;15;1;19;56;173;32;261;51;139;35;225;3;26;1;30;54;165;36;255;104;297;66;467;6;41;2;49;110;338;68;516;2020
17136;25;76;25;126;1;14;0;15;26;90;25;141;25;62;16;103;4;10;2;16;29;72;18;119;50;138;41;229;5;24;2;31;55;162;43;260;2020
17137;382;1397;382;2161;3;119;21;143;385;1516;403;2304;452;1363;396;2211;10;135;17;162;462;1498;413;2373;834;2760;778;4372;13;254;38;305;847;3014;816;4677;2020
17138;152;267;26;445;17;50;9;76;169;317;35;521;188;224;45;457;16;62;7;85;204;286;52;542;340;491;71;902;33;112;16;161;373;603;87;1063;2020
17139;148;573;162;883;0;30;8;38;148;603;170;921;185;546;168;899;1;28;6;35;186;574;174;934;333;1119;330;1782;1;58;14;73;334;1177;344;1855;2020
17140;105;228;46;379;24;73;21;118;129;301;67;497;115;192;34;341;21;82;17;120;136;274;51;461;220;420;80;720;45;155;38;238;265;575;118;958;2020
17141;612;2437;601;3650;19;876;167;1062;631;3313;768;4712;799;2336;580;3715;50;846;163;1059;849;3182;743;4774;1411;4773;1181;7365;69;1722;330;2121;1480;6495;1511;9486;2020
17142;239;1159;428;1826;7;63;14;84;246;1222;442;1910;276;1119;408;1803;6;68;11;85;282;1187;419;1888;515;2278;836;3629;13;131;25;169;528;2409;861;3798;2020
17143;21;46;10;77;1;12;2;15;22;58;12;92;28;43;9;80;0;10;2;12;28;53;11;92;49;89;19;157;1;22;4;27;50;111;23;184;2020
17144;32;89;15;136;3;8;3;14;35;97;18;150;31;71;15;117;2;6;1;9;33;77;16;126;63;160;30;253;5;14;4;23;68;174;34;276;2020
17145;213;514;94;821;2;52;8;62;215;566;102;883;276;453;71;800;1;66;10;77;277;519;81;877;489;967;165;1621;3;118;18;139;492;1085;183;1760;2020
17146;311;1343;336;1990;5;106;9;120;316;1449;345;2110;318;1292;284;1894;10;125;14;149;328;1417;298;2043;629;2635;620;3884;15;231;23;269;644;2866;643;4153;2020
17147;1069;2843;668;4580;16;601;172;789;1085;3444;840;5369;1398;2721;606;4725;21;532;156;709;1419;3253;762;5434;2467;5564;1274;9305;37;1133;328;1498;2504;6697;1602;10803;2020
17148;192;629;174;995;8;114;17;139;200;743;191;1134;198;584;160;942;8;99;21;128;206;683;181;1070;390;1213;334;1937;16;213;38;267;406;1426;372;2204;2020
17149;40;141;40;221;0;9;0;9;40;150;40;230;45;143;52;240;0;10;1;11;45;153;53;251;85;284;92;461;0;19;1;20;85;303;93;481;2020
17150;165;571;157;893;0;132;30;162;165;703;187;1055;183;547;141;871;6;117;22;145;189;664;163;1016;348;1118;298;1764;6;249;52;307;354;1367;350;2071;2020
17151;26;58;16;100;2;18;1;21;28;76;17;121;32;65;18;115;2;8;0;10;34;73;18;125;58;123;34;215;4;26;1;31;62;149;35;246;2020
17152;1179;4461;1293;6933;458;2194;431;3083;1637;6655;1724;10016;1464;4244;1193;6901;478;1970;442;2890;1942;6214;1635;9791;2643;8705;2486;13834;936;4164;873;5973;3579;12869;3359;19807;2020
17153;35;68;19;122;3;15;0;18;38;83;19;140;31;58;25;114;1;17;1;19;32;75;26;133;66;126;44;236;4;32;1;37;70;158;45;273;2020
17154;10;50;9;69;3;9;1;13;13;59;10;82;5;40;12;57;3;13;4;20;8;53;16;77;15;90;21;126;6;22;5;33;21;112;26;159;2020
17155;1593;6090;2166;9849;119;5451;1501;7071;1712;11541;3667;16920;2095;5606;1975;9676;159;4052;1331;5542;2254;9658;3306;15218;3688;11696;4141;19525;278;9503;2832;12613;3966;21199;6973;32138;2020
17157;14;46;15;75;0;3;0;3;14;49;15;78;21;45;11;77;0;5;0;5;21;50;11;82;35;91;26;152;0;8;0;8;35;99;26;160;2020
17158;48;309;34;391;3;42;3;48;51;351;37;439;64;128;45;237;3;19;9;31;67;147;54;268;112;437;79;628;6;61;12;79;118;498;91;707;2020
17159;87;258;44;389;3;19;3;25;90;277;47;414;74;218;63;355;2;25;1;28;76;243;64;383;161;476;107;744;5;44;4;53;166;520;111;797;2020
17160;1802;5472;1463;8737;153;1620;361;2134;1955;7092;1824;10871;2334;5455;1429;9218;150;1506;352;2008;2484;6961;1781;11226;4136;10927;2892;17955;303;3126;713;4142;4439;14053;3605;22097;2020
17161;140;356;116;612;3;91;18;112;143;447;134;724;171;369;97;637;3;67;6;76;174;436;103;713;311;725;213;1249;6;158;24;188;317;883;237;1437;2020
17162;23;61;28;112;3;10;0;13;26;71;28;125;19;53;23;95;3;13;0;16;22;66;23;111;42;114;51;207;6;23;0;29;48;137;51;236;2020
17163;308;1193;407;1908;2;89;18;109;310;1282;425;2017;325;1155;348;1828;4;69;10;83;329;1224;358;1911;633;2348;755;3736;6;158;28;192;639;2506;783;3928;2020
17164;545;1431;318;2294;13;443;134;590;558;1874;452;2884;639;1348;334;2321;10;346;142;498;649;1694;476;2819;1184;2779;652;4615;23;789;276;1088;1207;3568;928;5703;2020
17165;90;225;66;381;3;33;3;39;93;258;69;420;112;215;51;378;4;52;17;73;116;267;68;451;202;440;117;759;7;85;20;112;209;525;137;871;2020
17166;71;203;58;332;4;33;8;45;75;236;66;377;80;203;60;343;1;34;5;40;81;237;65;383;151;406;118;675;5;67;13;85;156;473;131;760;2020
17167;395;889;195;1479;4;90;22;116;399;979;217;1595;510;833;184;1527;4;82;16;102;514;915;200;1629;905;1722;379;3006;8;172;38;218;913;1894;417;3224;2020
17168;45;141;31;217;0;18;6;24;45;159;37;241;52;141;45;238;0;17;2;19;52;158;47;257;97;282;76;455;0;35;8;43;97;317;84;498;2020
17169;231;1082;337;1650;6;125;33;164;237;1207;370;1814;239;1044;325;1608;10;115;29;154;249;1159;354;1762;470;2126;662;3258;16;240;62;318;486;2366;724;3576;2020
17170;31;61;11;103;0;4;0;4;31;65;11;107;30;49;7;86;0;2;1;3;30;51;8;89;61;110;18;189;0;6;1;7;61;116;19;196;2020
17171;22;69;13;104;3;23;4;30;25;92;17;134;29;57;14;100;6;21;4;31;35;78;18;131;51;126;27;204;9;44;8;61;60;170;35;265;2020
17172;52;195;56;303;1;28;2;31;53;223;58;334;34;192;54;280;4;21;2;27;38;213;56;307;86;387;110;583;5;49;4;58;91;436;114;641;2020
17173;21;83;13;117;1;15;3;19;22;98;16;136;28;57;14;99;1;13;2;16;29;70;16;115;49;140;27;216;2;28;5;35;51;168;32;251;2020
17174;21;67;22;110;0;16;1;17;21;83;23;127;22;57;17;96;0;4;2;6;22;61;19;102;43;124;39;206;0;20;3;23;43;144;42;229;2020
17175;70;220;59;349;3;34;10;47;73;254;69;396;68;192;55;315;3;40;7;50;71;232;62;365;138;412;114;664;6;74;17;97;144;486;131;761;2020
17176;17;47;11;75;1;8;0;9;18;55;11;84;18;41;12;71;1;10;0;11;19;51;12;82;35;88;23;146;2;18;0;20;37;106;23;166;2020
17177;89;189;52;330;0;13;1;14;89;202;53;344;101;183;43;327;0;16;1;17;101;199;44;344;190;372;95;657;0;29;2;31;190;401;97;688;2020
17178;131;427;105;663;21;349;79;449;152;776;184;1112;157;369;126;652;28;235;63;326;185;604;189;978;288;796;231;1315;49;584;142;775;337;1380;373;2090;2020
17180;977;3361;860;5198;41;1155;368;1564;1018;4516;1228;6762;1200;3220;870;5290;34;926;351;1311;1234;4146;1221;6601;2177;6581;1730;10488;75;2081;719;2875;2252;8662;2449;13363;2020
17181;349;1445;389;2183;95;319;64;478;444;1764;453;2661;387;1394;396;2177;122;268;59;449;509;1662;455;2626;736;2839;785;4360;217;587;123;927;953;3426;908;5287;2020
17182;23;123;35;181;0;6;2;8;23;129;37;189;33;105;37;175;0;4;0;4;33;109;37;179;56;228;72;356;0;10;2;12;56;238;74;368;2020
17183;34;101;27;162;2;15;1;18;36;116;28;180;33;90;25;148;0;16;1;17;33;106;26;165;67;191;52;310;2;31;2;35;69;222;54;345;2020
17184;182;463;130;775;2;55;5;62;184;518;135;837;186;448;110;744;1;31;1;33;187;479;111;777;368;911;240;1519;3;86;6;95;371;997;246;1614;2020
17185;321;841;217;1379;5;134;35;174;326;975;252;1553;385;760;181;1326;5;127;33;165;390;887;214;1491;706;1601;398;2705;10;261;68;339;716;1862;466;3044;2020
17186;379;1536;464;2379;5;154;29;188;384;1690;493;2567;487;1512;442;2441;8;185;28;221;495;1697;470;2662;866;3048;906;4820;13;339;57;409;879;3387;963;5229;2020
17187;90;230;67;387;0;38;1;39;90;268;68;426;105;222;67;394;3;30;3;36;108;252;70;430;195;452;134;781;3;68;4;75;198;520;138;856;2020
17188;29;64;10;103;0;2;0;2;29;66;10;105;26;48;5;79;1;10;0;11;27;58;5;90;55;112;15;182;1;12;0;13;56;124;15;195;2020
17189;199;542;147;888;4;57;10;71;203;599;157;959;248;513;133;894;5;77;15;97;253;590;148;991;447;1055;280;1782;9;134;25;168;456;1189;305;1950;2020
17190;96;332;106;534;4;33;3;40;100;365;109;574;101;324;93;518;3;32;6;41;104;356;99;559;197;656;199;1052;7;65;9;81;204;721;208;1133;2020
17191;23;64;21;108;1;12;0;13;24;76;21;121;25;54;13;92;0;8;1;9;25;62;14;101;48;118;34;200;1;20;1;22;49;138;35;222;2020
17192;29;51;9;89;0;5;2;7;29;56;11;96;17;44;5;66;1;7;0;8;18;51;5;74;46;95;14;155;1;12;2;15;47;107;16;170;2020
17193;468;1772;507;2747;9;340;91;440;477;2112;598;3187;514;1730;461;2705;17;246;64;327;531;1976;525;3032;982;3502;968;5452;26;586;155;767;1008;4088;1123;6219;2020
17194;12;33;2;47;0;8;0;8;12;41;2;55;8;23;4;35;0;2;1;3;8;25;5;38;20;56;6;82;0;10;1;11;20;66;7;93;2020
17195;53;125;32;210;5;20;2;27;58;145;34;237;45;121;38;204;2;10;1;13;47;131;39;217;98;246;70;414;7;30;3;40;105;276;73;454;2020
17196;30;100;23;153;2;10;1;13;32;110;24;166;35;92;28;155;2;14;1;17;37;106;29;172;65;192;51;308;4;24;2;30;69;216;53;338;2020
17197;19;52;9;80;0;7;0;7;19;59;9;87;18;36;13;67;0;9;1;10;18;45;14;77;37;88;22;147;0;16;1;17;37;104;23;164;2020
17198;41;193;49;283;17;63;4;84;58;256;53;367;47;168;47;262;12;57;5;74;59;225;52;336;88;361;96;545;29;120;9;158;117;481;105;703;2020
17199;854;2677;748;4279;171;1246;287;1704;1025;3923;1035;5983;963;2634;719;4316;192;1111;234;1537;1155;3745;953;5853;1817;5311;1467;8595;363;2357;521;3241;2180;7668;1988;11836;2020
17200;85;231;53;369;2;18;2;22;87;249;55;391;100;219;66;385;2;35;5;42;102;254;71;427;185;450;119;754;4;53;7;64;189;503;126;818;2020
17201;23;63;10;96;0;2;0;2;23;65;10;98;13;41;14;68;0;2;0;2;13;43;14;70;36;104;24;164;0;4;0;4;36;108;24;168;2020
17202;472;1500;297;2269;50;529;79;658;522;2029;376;2927;574;1386;303;2263;67;468;93;628;641;1854;396;2891;1046;2886;600;4532;117;997;172;1286;1163;3883;772;5818;2020
17203;28;56;25;109;0;8;0;8;28;64;25;117;31;51;17;99;0;7;2;9;31;58;19;108;59;107;42;208;0;15;2;17;59;122;44;225;2020
17204;71;254;87;412;13;187;36;236;84;441;123;648;78;216;69;363;8;114;44;166;86;330;113;529;149;470;156;775;21;301;80;402;170;771;236;1177;2020
17205;27;80;17;124;4;7;3;14;31;87;20;138;31;68;24;123;1;10;2;13;32;78;26;136;58;148;41;247;5;17;5;27;63;165;46;274;2020
17206;15;66;7;88;0;6;2;8;15;72;9;96;23;62;8;93;2;5;0;7;25;67;8;100;38;128;15;181;2;11;2;15;40;139;17;196;2020
17207;294;942;270;1506;6;47;9;62;300;989;279;1568;336;909;232;1477;3;38;7;48;339;947;239;1525;630;1851;502;2983;9;85;16;110;639;1936;518;3093;2020
17208;110;399;92;601;0;33;7;40;110;432;99;641;119;384;100;603;3;24;4;31;122;408;104;634;229;783;192;1204;3;57;11;71;232;840;203;1275;2020
17209;42;286;83;411;11;26;3;40;53;312;86;451;48;265;83;396;13;36;1;50;61;301;84;446;90;551;166;807;24;62;4;90;114;613;170;897;2020
17210;76;218;66;360;10;51;7;68;86;269;73;428;85;210;61;356;8;49;5;62;93;259;66;418;161;428;127;716;18;100;12;130;179;528;139;846;2020
17211;120;287;82;489;5;69;12;86;125;356;94;575;155;286;84;525;3;46;20;69;158;332;104;594;275;573;166;1014;8;115;32;155;283;688;198;1169;2020
17212;17;56;13;86;0;2;0;2;17;58;13;88;14;57;18;89;0;0;0;0;14;57;18;89;31;113;31;175;0;2;0;2;31;115;31;177;2020
17213;629;2295;596;3520;45;478;87;610;674;2773;683;4130;698;2100;538;3336;28;373;84;485;726;2473;622;3821;1327;4395;1134;6856;73;851;171;1095;1400;5246;1305;7951;2020
17214;93;259;109;461;2;27;3;32;95;286;112;493;108;278;82;468;1;28;3;32;109;306;85;500;201;537;191;929;3;55;6;64;204;592;197;993;2020
17215;227;947;313;1487;3;22;5;30;230;969;318;1517;245;965;298;1508;2;35;1;38;247;1000;299;1546;472;1912;611;2995;5;57;6;68;477;1969;617;3063;2020
17216;17;62;19;98;0;10;2;12;17;72;21;110;22;56;9;87;1;7;1;9;23;63;10;96;39;118;28;185;1;17;3;21;40;135;31;206;2020
17217;50;138;27;215;4;10;3;17;54;148;30;232;52;116;38;206;2;17;1;20;54;133;39;226;102;254;65;421;6;27;4;37;108;281;69;458;2020
17218;75;226;68;369;4;43;15;62;79;269;83;431;73;216;70;359;1;39;5;45;74;255;75;404;148;442;138;728;5;82;20;107;153;524;158;835;2020
17220;84;312;69;465;2;30;11;43;86;342;80;508;116;304;79;499;0;33;7;40;116;337;86;539;200;616;148;964;2;63;18;83;202;679;166;1047;2020
17221;452;1593;466;2511;8;120;21;149;460;1713;487;2660;540;1648;413;2601;13;126;21;160;553;1774;434;2761;992;3241;879;5112;21;246;42;309;1013;3487;921;5421;2020
17222;17;34;19;70;0;9;1;10;17;43;20;80;12;43;12;67;1;7;3;11;13;50;15;78;29;77;31;137;1;16;4;21;30;93;35;158;2020
17223;83;331;77;491;7;55;5;67;90;386;82;558;91;325;79;495;8;50;5;63;99;375;84;558;174;656;156;986;15;105;10;130;189;761;166;1116;2020
17224;49;117;16;182;0;24;7;31;49;141;23;213;49;89;12;150;0;25;10;35;49;114;22;185;98;206;28;332;0;49;17;66;98;255;45;398;2020
17225;32;76;18;126;1;71;13;85;33;147;31;211;40;69;24;133;0;24;9;33;40;93;33;166;72;145;42;259;1;95;22;118;73;240;64;377;2020
17226;99;359;98;556;2;22;6;30;101;381;104;586;109;331;100;540;1;32;2;35;110;363;102;575;208;690;198;1096;3;54;8;65;211;744;206;1161;2020
17227;22;65;17;104;6;10;1;17;28;75;18;121;17;49;11;77;3;9;2;14;20;58;13;91;39;114;28;181;9;19;3;31;48;133;31;212;2020
17228;30;115;29;174;1;16;3;20;31;131;32;194;34;107;36;177;1;13;1;15;35;120;37;192;64;222;65;351;2;29;4;35;66;251;69;386;2020
17230;57;194;68;319;8;45;5;58;65;239;73;377;70;189;80;339;7;32;3;42;77;221;83;381;127;383;148;658;15;77;8;100;142;460;156;758;2020
17232;27;56;18;101;2;6;0;8;29;62;18;109;28;43;13;84;1;9;1;11;29;52;14;95;55;99;31;185;3;15;1;19;58;114;32;204;2020
17233;263;992;272;1527;3;166;36;205;266;1158;308;1732;292;871;260;1423;8;136;34;178;300;1007;294;1601;555;1863;532;2950;11;302;70;383;566;2165;602;3333;2020
17234;32;65;14;111;6;8;0;14;38;73;14;125;30;58;11;99;4;13;0;17;34;71;11;116;62;123;25;210;10;21;0;31;72;144;25;241;2020
17901;122;372;86;580;4;42;6;52;126;414;92;632;125;377;90;592;6;34;6;46;131;411;96;638;247;749;176;1172;10;76;12;98;257;825;188;1270;2020
17902;164;466;119;749;5;56;17;78;169;522;136;827;195;487;110;792;3;57;16;76;198;544;126;868;359;953;229;1541;8;113;33;154;367;1066;262;1695;2020
17903;93;368;98;559;4;78;19;101;97;446;117;660;100;356;104;560;6;72;15;93;106;428;119;653;193;724;202;1119;10;150;34;194;203;874;236;1313;2020
18001;27;82;13;122;0;9;0;9;27;91;13;131;34;64;21;119;1;8;1;10;35;72;22;129;61;146;34;241;1;17;1;19;62;163;35;260;2020
18002;70;196;20;286;0;1;0;1;70;197;20;287;84;176;19;279;0;3;0;3;84;179;19;282;154;372;39;565;0;4;0;4;154;376;39;569;2020
18003;1122;6234;1670;9026;20;275;50;345;1142;6509;1720;9371;1276;6250;1643;9169;20;346;56;422;1296;6596;1699;9591;2398;12484;3313;18195;40;621;106;767;2438;13105;3419;18962;2020
18004;70;257;40;367;6;19;0;25;76;276;40;392;89;184;19;292;5;21;2;28;94;205;21;320;159;441;59;659;11;40;2;53;170;481;61;712;2020
18005;50;140;20;210;0;0;1;1;50;140;21;211;71;112;12;195;0;3;0;3;71;115;12;198;121;252;32;405;0;3;1;4;121;255;33;409;2020
18006;405;1671;406;2482;45;1281;242;1568;450;2952;648;4050;485;1587;368;2440;38;591;234;863;523;2178;602;3303;890;3258;774;4922;83;1872;476;2431;973;5130;1250;7353;2020
18007;101;247;40;388;3;4;0;7;104;251;40;395;147;212;33;392;3;12;0;15;150;224;33;407;248;459;73;780;6;16;0;22;254;475;73;802;2020
18010;79;204;30;313;5;9;0;14;84;213;30;327;83;167;35;285;3;10;5;18;86;177;40;303;162;371;65;598;8;19;5;32;170;390;70;630;2020
18011;393;1877;464;2734;4;53;10;67;397;1930;474;2801;425;1783;389;2597;6;66;18;90;431;1849;407;2687;818;3660;853;5331;10;119;28;157;828;3779;881;5488;2020
18012;321;778;112;1211;14;43;7;64;335;821;119;1275;382;642;112;1136;8;42;6;56;390;684;118;1192;703;1420;224;2347;22;85;13;120;725;1505;237;2467;2020
18013;479;1654;324;2457;15;537;109;661;494;2191;433;3118;578;1500;307;2385;14;263;87;364;592;1763;394;2749;1057;3154;631;4842;29;800;196;1025;1086;3954;827;5867;2020
18014;451;3158;1014;4623;13;150;32;195;464;3308;1046;4818;516;2982;968;4466;14;179;32;225;530;3161;1000;4691;967;6140;1982;9089;27;329;64;420;994;6469;2046;9509;2020
18015;51;160;24;235;0;0;0;0;51;160;24;235;59;147;30;236;0;0;0;0;59;147;30;236;110;307;54;471;0;0;0;0;110;307;54;471;2020
18016;47;97;10;154;2;8;0;10;49;105;10;164;63;83;12;158;2;11;2;15;65;94;14;173;110;180;22;312;4;19;2;25;114;199;24;337;2020
18017;1932;6986;1783;10701;634;1239;209;2082;2566;8225;1992;12783;2424;7012;1611;11047;578;1323;196;2097;3002;8335;1807;13144;4356;13998;3394;21748;1212;2562;405;4179;5568;16560;3799;25927;2020
18018;73;195;19;287;0;2;0;2;73;197;19;289;100;166;18;284;1;6;0;7;101;172;18;291;173;361;37;571;1;8;0;9;174;369;37;580;2020
18020;62;195;23;280;5;64;3;72;67;259;26;352;62;172;27;261;6;31;3;40;68;203;30;301;124;367;50;541;11;95;6;112;135;462;56;653;2020
18021;1328;7657;2025;11010;35;800;174;1009;1363;8457;2199;12019;1585;7861;1841;11287;52;824;158;1034;1637;8685;1999;12321;2913;15518;3866;22297;87;1624;332;2043;3000;17142;4198;24340;2020
18022;1009;6035;1974;9018;19;377;73;469;1028;6412;2047;9487;1262;5941;1857;9060;16;340;57;413;1278;6281;1914;9473;2271;11976;3831;18078;35;717;130;882;2306;12693;3961;18960;2020
18023;1654;6154;1517;9325;34;645;133;812;1688;6799;1650;10137;2095;6096;1410;9601;34;545;113;692;2129;6641;1523;10293;3749;12250;2927;18926;68;1190;246;1504;3817;13440;3173;20430;2020
18024;118;329;59;506;2;3;3;8;120;332;62;514;126;269;59;454;2;8;2;12;128;277;61;466;244;598;118;960;4;11;5;20;248;609;123;980;2020
18025;37;109;18;164;0;2;0;2;37;111;18;166;48;90;24;162;0;1;0;1;48;91;24;163;85;199;42;326;0;3;0;3;85;202;42;329;2020
18027;262;1058;304;1624;0;12;3;15;262;1070;307;1639;338;994;313;1645;0;25;1;26;338;1019;314;1671;600;2052;617;3269;0;37;4;41;600;2089;621;3310;2020
18028;125;342;50;517;0;24;6;30;125;366;56;547;129;308;46;483;1;17;6;24;130;325;52;507;254;650;96;1000;1;41;12;54;255;691;108;1054;2020
18029;238;671;170;1079;17;34;2;53;255;705;172;1132;275;635;156;1066;11;46;5;62;286;681;161;1128;513;1306;326;2145;28;80;7;115;541;1386;333;2260;2020
18030;62;243;29;334;7;34;4;45;69;277;33;379;88;178;30;296;7;25;5;37;95;203;35;333;150;421;59;630;14;59;9;82;164;480;68;712;2020
18032;29;94;15;138;4;11;3;18;33;105;18;156;25;83;12;120;3;16;3;22;28;99;15;142;54;177;27;258;7;27;6;40;61;204;33;298;2020
18033;23;104;7;134;0;8;2;10;23;112;9;144;35;75;13;123;1;8;3;12;36;83;16;135;58;179;20;257;1;16;5;22;59;195;25;279;2020
18034;69;179;21;269;6;13;0;19;75;192;21;288;94;149;26;269;4;7;0;11;98;156;26;280;163;328;47;538;10;20;0;30;173;348;47;568;2020
18035;165;443;93;701;13;54;14;81;178;497;107;782;184;386;70;640;5;35;3;43;189;421;73;683;349;829;163;1341;18;89;17;124;367;918;180;1465;2020
18036;306;1685;452;2443;9;60;7;76;315;1745;459;2519;466;1687;419;2572;12;85;17;114;478;1772;436;2686;772;3372;871;5015;21;145;24;190;793;3517;895;5205;2020
18037;49;215;45;309;0;7;1;8;49;222;46;317;56;206;50;312;0;7;2;9;56;213;52;321;105;421;95;621;0;14;3;17;105;435;98;638;2020
18038;122;415;74;611;1;20;3;24;123;435;77;635;150;367;58;575;0;13;6;19;150;380;64;594;272;782;132;1186;1;33;9;43;273;815;141;1229;2020
18039;454;1249;264;1967;21;56;11;88;475;1305;275;2055;520;1145;219;1884;18;59;5;82;538;1204;224;1966;974;2394;483;3851;39;115;16;170;1013;2509;499;4021;2020
18040;35;98;16;149;5;43;11;59;40;141;27;208;34;75;20;129;1;30;9;40;35;105;29;169;69;173;36;278;6;73;20;99;75;246;56;377;2020
18042;40;174;40;254;2;20;5;27;42;194;45;281;50;169;35;254;3;21;4;28;53;190;39;282;90;343;75;508;5;41;9;55;95;384;84;563;2020
18043;21;49;7;77;8;19;2;29;29;68;9;106;17;42;9;68;4;20;3;27;21;62;12;95;38;91;16;145;12;39;5;56;50;130;21;201;2020
18044;37;52;7;96;2;39;2;43;39;91;9;139;33;29;3;65;3;26;2;31;36;55;5;96;70;81;10;161;5;65;4;74;75;146;14;235;2020
18045;179;374;65;618;24;37;4;65;203;411;69;683;210;302;60;572;14;52;0;66;224;354;60;638;389;676;125;1190;38;89;4;131;427;765;129;1321;2020
18046;273;627;105;1005;14;28;4;46;287;655;109;1051;318;519;83;920;12;35;2;49;330;554;85;969;591;1146;188;1925;26;63;6;95;617;1209;194;2020;2020
18047;371;2772;686;3829;14;175;36;225;385;2947;722;4054;437;2750;633;3820;20;229;30;279;457;2979;663;4099;808;5522;1319;7649;34;404;66;504;842;5926;1385;8153;2020
18048;164;1139;350;1653;4;88;13;105;168;1227;363;1758;201;1060;320;1581;3;61;12;76;204;1121;332;1657;365;2199;670;3234;7;149;25;181;372;2348;695;3415;2020
18049;88;227;29;344;1;13;0;14;89;240;29;358;92;164;19;275;1;7;1;9;93;171;20;284;180;391;48;619;2;20;1;23;182;411;49;642;2020
18050;198;654;148;1000;0;9;0;9;198;663;148;1009;207;608;166;981;1;15;1;17;208;623;167;998;405;1262;314;1981;1;24;1;26;406;1286;315;2007;2020
18051;136;444;84;664;1;15;1;17;137;459;85;681;153;378;78;609;0;10;2;12;153;388;80;621;289;822;162;1273;1;25;3;29;290;847;165;1302;2020
18053;255;520;85;860;11;35;5;51;266;555;90;911;336;440;77;853;18;59;3;80;354;499;80;933;591;960;162;1713;29;94;8;131;620;1054;170;1844;2020
18054;106;321;73;500;0;11;2;13;106;332;75;513;116;285;51;452;1;13;3;17;117;298;54;469;222;606;124;952;1;24;5;30;223;630;129;982;2020
18056;484;1207;254;1945;16;70;13;99;500;1277;267;2044;587;1139;216;1942;18;76;11;105;605;1215;227;2047;1071;2346;470;3887;34;146;24;204;1105;2492;494;4091;2020
18057;368;2537;760;3665;7;137;24;168;375;2674;784;3833;435;2473;656;3564;13;123;14;150;448;2596;670;3714;803;5010;1416;7229;20;260;38;318;823;5270;1454;7547;2020
18059;359;1789;540;2688;4;42;13;59;363;1831;553;2747;454;1787;498;2739;2;51;13;66;456;1838;511;2805;813;3576;1038;5427;6;93;26;125;819;3669;1064;5552;2020
18061;137;390;58;585;2;47;15;64;139;437;73;649;164;316;60;540;0;47;15;62;164;363;75;602;301;706;118;1125;2;94;30;126;303;800;148;1251;2020
18062;757;4954;1607;7318;14;325;79;418;771;5279;1686;7736;856;4994;1563;7413;32;412;96;540;888;5406;1659;7953;1613;9948;3170;14731;46;737;175;958;1659;10685;3345;15689;2020
18063;121;521;172;814;1;14;7;22;122;535;179;836;124;509;152;785;0;10;3;13;124;519;155;798;245;1030;324;1599;1;24;10;35;246;1054;334;1634;2020
18064;54;129;21;204;0;2;0;2;54;131;21;206;66;122;24;212;0;4;0;4;66;126;24;216;120;251;45;416;0;6;0;6;120;257;45;422;2020
18065;71;242;36;349;0;8;0;8;71;250;36;357;80;198;42;320;0;8;3;11;80;206;45;331;151;440;78;669;0;16;3;19;151;456;81;688;2020
18066;240;838;224;1302;0;15;1;16;240;853;225;1318;276;797;191;1264;0;15;3;18;276;812;194;1282;516;1635;415;2566;0;30;4;34;516;1665;419;2600;2020
18067;82;255;53;390;1;9;6;16;83;264;59;406;88;212;41;341;1;12;4;17;89;224;45;358;170;467;94;731;2;21;10;33;172;488;104;764;2020
18068;169;663;180;1012;1;37;3;41;170;700;183;1053;186;660;146;992;3;40;4;47;189;700;150;1039;355;1323;326;2004;4;77;7;88;359;1400;333;2092;2020
18069;88;174;37;299;1;33;3;37;89;207;40;336;94;133;32;259;1;27;5;33;95;160;37;292;182;307;69;558;2;60;8;70;184;367;77;628;2020
18070;33;123;12;168;1;2;1;4;34;125;13;172;36;102;12;150;0;5;0;5;36;107;12;155;69;225;24;318;1;7;1;9;70;232;25;327;2020
18071;551;2299;535;3385;19;123;15;157;570;2422;550;3542;674;2253;494;3421;13;114;21;148;687;2367;515;3569;1225;4552;1029;6806;32;237;36;305;1257;4789;1065;7111;2020
18072;75;267;60;402;0;7;1;8;75;274;61;410;87;239;48;374;1;5;1;7;88;244;49;381;162;506;108;776;1;12;2;15;163;518;110;791;2020
18074;50;87;17;154;1;1;0;2;51;88;17;156;52;77;15;144;0;1;0;1;52;78;15;145;102;164;32;298;1;2;0;3;103;166;32;301;2020
18076;93;323;82;498;2;7;1;10;95;330;83;508;126;258;74;458;2;9;1;12;128;267;75;470;219;581;156;956;4;16;2;22;223;597;158;978;2020
18077;55;176;15;246;5;24;5;34;60;200;20;280;68;159;21;248;1;24;3;28;69;183;24;276;123;335;36;494;6;48;8;62;129;383;44;556;2020
18078;103;270;53;426;16;53;1;70;119;323;54;496;105;244;53;402;12;27;2;41;117;271;55;443;208;514;106;828;28;80;3;111;236;594;109;939;2020
18079;329;1405;363;2097;5;86;7;98;334;1491;370;2195;437;1333;329;2099;3;84;3;90;440;1417;332;2189;766;2738;692;4196;8;170;10;188;774;2908;702;4384;2020
18082;136;275;54;465;27;50;4;81;163;325;58;546;157;239;51;447;26;51;1;78;183;290;52;525;293;514;105;912;53;101;5;159;346;615;110;1071;2020
18083;41;70;3;114;1;0;0;1;42;70;3;115;50;60;3;113;0;1;0;1;50;61;3;114;91;130;6;227;1;1;0;2;92;131;6;229;2020
18084;384;2000;521;2905;10;84;14;108;394;2084;535;3013;404;1886;491;2781;11;91;13;115;415;1977;504;2896;788;3886;1012;5686;21;175;27;223;809;4061;1039;5909;2020
18085;126;222;17;365;2;33;3;38;128;255;20;403;138;176;15;329;3;8;1;12;141;184;16;341;264;398;32;694;5;41;4;50;269;439;36;744;2020
18086;62;114;9;185;4;5;0;9;66;119;9;194;63;100;13;176;2;11;0;13;65;111;13;189;125;214;22;361;6;16;0;22;131;230;22;383;2020
18087;19708;63312;15922;98942;295;7401;1191;8887;20003;70713;17113;107829;30641;71120;15244;117005;375;7271;1168;8814;31016;78391;16412;125819;50349;134432;31166;215947;670;14672;2359;17701;51019;149104;33525;233648;2020
18088;158;626;169;953;0;15;0;15;158;641;169;968;182;535;171;888;1;15;0;16;183;550;171;904;340;1161;340;1841;1;30;0;31;341;1191;340;1872;2020
18089;1467;5791;1421;8679;17;409;70;496;1484;6200;1491;9175;1884;5633;1337;8854;27;315;65;407;1911;5948;1402;9261;3351;11424;2758;17533;44;724;135;903;3395;12148;2893;18436;2020
18093;289;1130;329;1748;44;855;145;1044;333;1985;474;2792;356;1029;278;1663;36;565;134;735;392;1594;412;2398;645;2159;607;3411;80;1420;279;1779;725;3579;886;5190;2020
18094;257;1006;193;1456;1;55;13;69;258;1061;206;1525;264;819;160;1243;5;68;16;89;269;887;176;1332;521;1825;353;2699;6;123;29;158;527;1948;382;2857;2020
18095;156;940;268;1364;0;26;5;31;156;966;273;1395;166;839;218;1223;0;18;4;22;166;857;222;1245;322;1779;486;2587;0;44;9;53;322;1823;495;2640;2020
18096;42;136;28;206;0;5;2;7;42;141;30;213;41;114;28;183;0;5;0;5;41;119;28;188;83;250;56;389;0;10;2;12;83;260;58;401;2020
18097;130;388;55;573;1;48;5;54;131;436;60;627;162;288;38;488;0;50;5;55;162;338;43;543;292;676;93;1061;1;98;10;109;293;774;103;1170;2020
18098;755;2262;458;3475;21;60;12;93;776;2322;470;3568;900;2140;497;3537;19;63;8;90;919;2203;505;3627;1655;4402;955;7012;40;123;20;183;1695;4525;975;7195;2020
18099;151;664;137;952;0;16;1;17;151;680;138;969;156;604;130;890;2;19;2;23;158;623;132;913;307;1268;267;1842;2;35;3;40;309;1303;270;1882;2020
18100;716;3310;865;4891;11;274;46;331;727;3584;911;5222;888;3250;766;4904;8;218;47;273;896;3468;813;5177;1604;6560;1631;9795;19;492;93;604;1623;7052;1724;10399;2020
18101;750;4079;987;5816;18;175;21;214;768;4254;1008;6030;870;4023;890;5783;12;199;11;222;882;4222;901;6005;1620;8102;1877;11599;30;374;32;436;1650;8476;1909;12035;2020
18102;883;3316;728;4927;24;95;17;136;907;3411;745;5063;1127;3053;689;4869;15;92;26;133;1142;3145;715;5002;2010;6369;1417;9796;39;187;43;269;2049;6556;1460;10065;2020
18103;96;262;57;415;6;51;16;73;102;313;73;488;112;257;53;422;5;57;19;81;117;314;72;503;208;519;110;837;11;108;35;154;219;627;145;991;2020
18105;366;1653;511;2530;6;87;6;99;372;1740;517;2629;395;1524;511;2430;6;48;7;61;401;1572;518;2491;761;3177;1022;4960;12;135;13;160;773;3312;1035;5120;2020
18106;46;177;35;258;2;76;7;85;48;253;42;343;58;134;29;221;2;54;3;59;60;188;32;280;104;311;64;479;4;130;10;144;108;441;74;623;2020
18107;93;379;66;538;0;6;0;6;93;385;66;544;137;309;53;499;1;8;0;9;138;317;53;508;230;688;119;1037;1;14;0;15;231;702;119;1052;2020
18108;110;321;51;482;0;7;2;9;110;328;53;491;132;269;47;448;1;14;1;16;133;283;48;464;242;590;98;930;1;21;3;25;243;611;101;955;2020
18109;63;245;32;340;13;131;10;154;76;376;42;494;75;207;42;324;17;82;10;109;92;289;52;433;138;452;74;664;30;213;20;263;168;665;94;927;2020
18111;177;1306;392;1875;2;67;7;76;179;1373;399;1951;185;1290;373;1848;5;33;16;54;190;1323;389;1902;362;2596;765;3723;7;100;23;130;369;2696;788;3853;2020
18112;14;32;8;54;1;11;1;13;15;43;9;67;18;32;9;59;1;7;1;9;19;39;10;68;32;64;17;113;2;18;2;22;34;82;19;135;2020
18114;76;231;24;331;1;9;5;15;77;240;29;346;101;180;26;307;0;13;2;15;101;193;28;322;177;411;50;638;1;22;7;30;178;433;57;668;2020
18115;238;1156;307;1701;5;71;11;87;243;1227;318;1788;236;1106;306;1648;4;62;11;77;240;1168;317;1725;474;2262;613;3349;9;133;22;164;483;2395;635;3513;2020
18116;324;1097;231;1652;24;78;14;116;348;1175;245;1768;428;1033;182;1643;24;83;12;119;452;1116;194;1762;752;2130;413;3295;48;161;26;235;800;2291;439;3530;2020
18117;69;195;39;303;0;2;0;2;69;197;39;305;71;158;25;254;1;4;0;5;72;162;25;259;140;353;64;557;1;6;0;7;141;359;64;564;2020
18119;223;654;110;987;25;64;9;98;248;718;119;1085;280;570;122;972;24;68;7;99;304;638;129;1071;503;1224;232;1959;49;132;16;197;552;1356;248;2156;2020
18120;43;101;17;161;0;8;2;10;43;109;19;171;43;89;19;151;2;8;1;11;45;97;20;162;86;190;36;312;2;16;3;21;88;206;39;333;2020
18121;22;35;1;58;1;6;0;7;23;41;1;65;26;36;2;64;1;3;0;4;27;39;2;68;48;71;3;122;2;9;0;11;50;80;3;133;2020
18122;1568;6525;1596;9689;69;350;68;487;1637;6875;1664;10176;1993;6243;1519;9755;49;365;74;488;2042;6608;1593;10243;3561;12768;3115;19444;118;715;142;975;3679;13483;3257;20419;2020
18123;47;102;13;162;0;0;0;0;47;102;13;162;61;73;14;148;0;0;0;0;61;73;14;148;108;175;27;310;0;0;0;0;108;175;27;310;2020
18124;42;147;16;205;19;27;7;53;61;174;23;258;54;109;10;173;16;31;5;52;70;140;15;225;96;256;26;378;35;58;12;105;131;314;38;483;2020
18126;144;581;143;868;1;26;4;31;145;607;147;899;190;536;133;859;1;21;4;26;191;557;137;885;334;1117;276;1727;2;47;8;57;336;1164;284;1784;2020
18127;1359;7104;1950;10413;12;408;84;504;1371;7512;2034;10917;1782;7184;1892;10858;26;429;76;531;1808;7613;1968;11389;3141;14288;3842;21271;38;837;160;1035;3179;15125;4002;22306;2020
18128;46;114;33;193;0;3;1;4;46;117;34;197;58;111;36;205;0;11;1;12;58;122;37;217;104;225;69;398;0;14;2;16;104;239;71;414;2020
18132;374;1181;173;1728;22;39;5;66;396;1220;178;1794;459;1124;172;1755;22;45;6;73;481;1169;178;1828;833;2305;345;3483;44;84;11;139;877;2389;356;3622;2020
18133;230;829;183;1242;9;138;27;174;239;967;210;1416;314;738;164;1216;9;108;23;140;323;846;187;1356;544;1567;347;2458;18;246;50;314;562;1813;397;2772;2020
18134;536;2689;640;3865;16;207;33;256;552;2896;673;4121;600;2438;590;3628;13;213;32;258;613;2651;622;3886;1136;5127;1230;7493;29;420;65;514;1165;5547;1295;8007;2020
18135;536;1648;330;2514;12;185;11;208;548;1833;341;2722;691;1528;278;2497;13;67;14;94;704;1595;292;2591;1227;3176;608;5011;25;252;25;302;1252;3428;633;5313;2020
18136;221;703;160;1084;1;3;0;4;222;706;160;1088;241;634;137;1012;1;9;0;10;242;643;137;1022;462;1337;297;2096;2;12;0;14;464;1349;297;2110;2020
18137;118;372;47;537;3;49;6;58;121;421;53;595;143;322;47;512;3;18;1;22;146;340;48;534;261;694;94;1049;6;67;7;80;267;761;101;1129;2020
18138;242;1043;230;1515;30;27;4;61;272;1070;234;1576;302;936;225;1463;27;42;9;78;329;978;234;1541;544;1979;455;2978;57;69;13;139;601;2048;468;3117;2020
18140;3803;17223;4868;25894;104;2304;471;2879;3907;19527;5339;28773;4993;17455;4525;26973;132;2098;484;2714;5125;19553;5009;29687;8796;34678;9393;52867;236;4402;955;5593;9032;39080;10348;58460;2020
18141;63;166;19;248;6;8;1;15;69;174;20;263;64;98;15;177;1;14;0;15;65;112;15;192;127;264;34;425;7;22;1;30;134;286;35;455;2020
18143;112;365;77;554;9;35;5;49;121;400;82;603;120;351;67;538;8;33;3;44;128;384;70;582;232;716;144;1092;17;68;8;93;249;784;152;1185;2020
18144;65;351;102;518;1;11;2;14;66;362;104;532;77;311;99;487;0;15;2;17;77;326;101;504;142;662;201;1005;1;26;4;31;143;688;205;1036;2020
18145;915;4671;1271;6857;13;203;44;260;928;4874;1315;7117;1041;4690;1189;6920;23;241;47;311;1064;4931;1236;7231;1956;9361;2460;13777;36;444;91;571;1992;9805;2551;14348;2020
18146;132;340;59;531;5;51;11;67;137;391;70;598;172;301;56;529;5;48;5;58;177;349;61;587;304;641;115;1060;10;99;16;125;314;740;131;1185;2020
18147;363;1477;286;2126;148;538;88;774;511;2015;374;2900;468;1385;300;2153;131;509;91;731;599;1894;391;2884;831;2862;586;4279;279;1047;179;1505;1110;3909;765;5784;2020
18148;97;304;55;456;6;48;3;57;103;352;58;513;109;289;57;455;3;37;3;43;112;326;60;498;206;593;112;911;9;85;6;100;215;678;118;1011;2020
18149;506;2313;567;3386;13;100;13;126;519;2413;580;3512;521;2236;568;3325;12;112;21;145;533;2348;589;3470;1027;4549;1135;6711;25;212;34;271;1052;4761;1169;6982;2020
18150;607;2965;631;4203;18;129;16;163;625;3094;647;4366;756;2768;615;4139;16;156;17;189;772;2924;632;4328;1363;5733;1246;8342;34;285;33;352;1397;6018;1279;8694;2020
18151;24;102;16;142;3;12;0;15;27;114;16;157;28;94;22;144;1;12;3;16;29;106;25;160;52;196;38;286;4;24;3;31;56;220;41;317;2020
18152;137;327;83;547;0;7;2;9;137;334;85;556;173;302;98;573;1;7;1;9;174;309;99;582;310;629;181;1120;1;14;3;18;311;643;184;1138;2020
18153;694;3797;1075;5566;8;100;18;126;702;3897;1093;5692;829;3816;1006;5651;9;118;22;149;838;3934;1028;5800;1523;7613;2081;11217;17;218;40;275;1540;7831;2121;11492;2020
18154;126;384;78;588;3;5;0;8;129;389;78;596;149;329;85;563;1;6;1;8;150;335;86;571;275;713;163;1151;4;11;1;16;279;724;164;1167;2020
18157;97;539;105;741;4;22;8;34;101;561;113;775;106;442;124;672;1;35;7;43;107;477;131;715;203;981;229;1413;5;57;15;77;208;1038;244;1490;2020
18158;802;3233;823;4858;0;93;15;108;802;3326;838;4966;1056;3004;786;4846;4;65;13;82;1060;3069;799;4928;1858;6237;1609;9704;4;158;28;190;1862;6395;1637;9894;2020
18159;119;402;51;572;0;30;4;34;119;432;55;606;121;323;43;487;1;9;0;10;122;332;43;497;240;725;94;1059;1;39;4;44;241;764;98;1103;2020
18161;36;91;12;139;0;3;0;3;36;94;12;142;35;76;9;120;0;1;0;1;35;77;9;121;71;167;21;259;0;4;0;4;71;171;21;263;2020
18162;125;361;75;561;8;331;59;398;133;692;134;959;115;330;58;503;13;200;47;260;128;530;105;763;240;691;133;1064;21;531;106;658;261;1222;239;1722;2020
18163;33;125;20;178;1;8;1;10;34;133;21;188;41;120;12;173;0;5;2;7;41;125;14;180;74;245;32;351;1;13;3;17;75;258;35;368;2020
18164;235;677;165;1077;1;54;7;62;236;731;172;1139;277;610;149;1036;0;49;14;63;277;659;163;1099;512;1287;314;2113;1;103;21;125;513;1390;335;2238;2020
18165;308;1903;473;2684;1;56;5;62;309;1959;478;2746;333;1835;507;2675;2;41;2;45;335;1876;509;2720;641;3738;980;5359;3;97;7;107;644;3835;987;5466;2020
18167;188;758;198;1144;2;25;3;30;190;783;201;1174;234;689;183;1106;2;22;2;26;236;711;185;1132;422;1447;381;2250;4;47;5;56;426;1494;386;2306;2020
18168;107;311;48;466;3;15;3;21;110;326;51;487;111;271;55;437;1;20;2;23;112;291;57;460;218;582;103;903;4;35;5;44;222;617;108;947;2020
18170;38;127;10;175;5;25;2;32;43;152;12;207;38;97;14;149;3;22;1;26;41;119;15;175;76;224;24;324;8;47;3;58;84;271;27;382;2020
18171;241;823;217;1281;7;12;4;23;248;835;221;1304;278;804;206;1288;6;22;1;29;284;826;207;1317;519;1627;423;2569;13;34;5;52;532;1661;428;2621;2020
18173;915;3698;891;5504;217;451;76;744;1132;4149;967;6248;1141;3509;845;5495;220;489;61;770;1361;3998;906;6265;2056;7207;1736;10999;437;940;137;1514;2493;8147;1873;12513;2020
18174;61;163;26;250;4;16;2;22;65;179;28;272;59;147;34;240;3;15;1;19;62;162;35;259;120;310;60;490;7;31;3;41;127;341;63;531;2020
18175;1089;4767;1293;7149;10;277;44;331;1099;5044;1337;7480;1477;4699;1257;7433;13;257;39;309;1490;4956;1296;7742;2566;9466;2550;14582;23;534;83;640;2589;10000;2633;15222;2020
18176;38;87;7;132;2;6;1;9;40;93;8;141;40;69;6;115;2;5;1;8;42;74;7;123;78;156;13;247;4;11;2;17;82;167;15;264;2020
18177;57;143;16;216;3;51;16;70;60;194;32;286;62;116;8;186;4;39;12;55;66;155;20;241;119;259;24;402;7;90;28;125;126;349;52;527;2020
18178;115;239;30;384;0;1;0;1;115;240;30;385;103;194;31;328;0;2;1;3;103;196;32;331;218;433;61;712;0;3;1;4;218;436;62;716;2020
18179;74;177;34;285;12;31;4;47;86;208;38;332;84;154;22;260;8;22;3;33;92;176;25;293;158;331;56;545;20;53;7;80;178;384;63;625;2020
18180;74;268;34;376;1;7;5;13;75;275;39;389;89;210;36;335;1;10;1;12;90;220;37;347;163;478;70;711;2;17;6;25;165;495;76;736;2020
18181;38;77;4;119;3;14;0;17;41;91;4;136;29;46;6;81;4;11;0;15;33;57;6;96;67;123;10;200;7;25;0;32;74;148;10;232;2020
18182;259;712;189;1160;9;61;16;86;268;773;205;1246;292;688;187;1167;11;84;9;104;303;772;196;1271;551;1400;376;2327;20;145;25;190;571;1545;401;2517;2020
18183;84;199;35;318;4;27;1;32;88;226;36;350;110;171;27;308;3;16;0;19;113;187;27;327;194;370;62;626;7;43;1;51;201;413;63;677;2020
18184;220;898;181;1299;40;96;15;151;260;994;196;1450;279;832;166;1277;30;111;22;163;309;943;188;1440;499;1730;347;2576;70;207;37;314;569;1937;384;2890;2020
18185;59;232;44;335;0;20;5;25;59;252;49;360;63;189;29;281;1;14;1;16;64;203;30;297;122;421;73;616;1;34;6;41;123;455;79;657;2020
18187;72;198;30;300;1;1;0;2;73;199;30;302;74;158;26;258;0;2;0;2;74;160;26;260;146;356;56;558;1;3;0;4;147;359;56;562;2020
18188;168;665;143;976;0;15;4;19;168;680;147;995;220;617;163;1000;2;23;1;26;222;640;164;1026;388;1282;306;1976;2;38;5;45;390;1320;311;2021;2020
18189;70;347;78;495;1;15;3;19;71;362;81;514;86;295;76;457;2;17;3;22;88;312;79;479;156;642;154;952;3;32;6;41;159;674;160;993;2020
18192;181;542;93;816;0;208;95;303;181;750;188;1119;215;479;96;790;1;135;75;211;216;614;171;1001;396;1021;189;1606;1;343;170;514;397;1364;359;2120;2020
18193;1145;6382;1645;9172;14;318;78;410;1159;6700;1723;9582;1433;6380;1507;9320;25;342;61;428;1458;6722;1568;9748;2578;12762;3152;18492;39;660;139;838;2617;13422;3291;19330;2020
18194;280;757;134;1171;8;88;15;111;288;845;149;1282;302;694;137;1133;11;101;17;129;313;795;154;1262;582;1451;271;2304;19;189;32;240;601;1640;303;2544;2020
18901;69;176;34;279;21;32;13;66;90;208;47;345;84;147;27;258;17;44;6;67;101;191;33;325;153;323;61;537;38;76;19;133;191;399;80;670;2020
18902;115;264;39;418;10;20;3;33;125;284;42;451;165;214;39;418;9;26;3;38;174;240;42;456;280;478;78;836;19;46;6;71;299;524;84;907;2020
18903;117;331;62;510;7;33;3;43;124;364;65;553;131;291;60;482;3;34;0;37;134;325;60;519;248;622;122;992;10;67;3;80;258;689;125;1072;2020
18904;127;285;27;439;9;95;8;112;136;380;35;551;140;183;28;351;5;57;5;67;145;240;33;418;267;468;55;790;14;152;13;179;281;620;68;969;2020
18905;961;7219;2193;10373;25;416;80;521;986;7635;2273;10894;1064;7006;2039;10109;36;447;57;540;1100;7453;2096;10649;2025;14225;4232;20482;61;863;137;1061;2086;15088;4369;21543;2020
18906;149;337;30;516;6;44;3;53;155;381;33;569;159;251;41;451;3;29;1;33;162;280;42;484;308;588;71;967;9;73;4;86;317;661;75;1053;2020
18907;244;649;160;1053;1;16;4;21;245;665;164;1074;288;583;131;1002;0;25;4;29;288;608;135;1031;532;1232;291;2055;1;41;8;50;533;1273;299;2105;2020
18908;89;316;51;456;2;18;5;25;91;334;56;481;110;262;62;434;1;17;1;19;111;279;63;453;199;578;113;890;3;35;6;44;202;613;119;934;2020
18909;81;203;24;308;0;2;0;2;81;205;24;310;88;140;31;259;1;2;0;3;89;142;31;262;169;343;55;567;1;4;0;5;170;347;55;572;2020
18910;98;291;36;425;8;30;3;41;106;321;39;466;115;215;38;368;4;24;3;31;119;239;41;399;213;506;74;793;12;54;6;72;225;560;80;865;2020
18911;433;3799;1440;5672;6;137;24;167;439;3936;1464;5839;502;3516;1396;5414;10;155;14;179;512;3671;1410;5593;935;7315;2836;11086;16;292;38;346;951;7607;2874;11432;2020
18912;201;476;91;768;16;90;11;117;217;566;102;885;247;428;93;768;11;69;11;91;258;497;104;859;448;904;184;1536;27;159;22;208;475;1063;206;1744;2020
18913;89;275;34;398;1;61;7;69;90;336;41;467;111;258;40;409;1;7;1;9;112;265;41;418;200;533;74;807;2;68;8;78;202;601;82;885;2020
18914;171;656;181;1008;0;11;1;12;171;667;182;1020;216;646;171;1033;0;13;0;13;216;659;171;1046;387;1302;352;2041;0;24;1;25;387;1326;353;2066;2020
18915;107;273;65;445;0;7;2;9;107;280;67;454;119;243;51;413;0;11;0;11;119;254;51;424;226;516;116;858;0;18;2;20;226;534;118;878;2020
18916;209;756;182;1147;12;250;37;299;221;1006;219;1446;243;666;168;1077;12;221;40;273;255;887;208;1350;452;1422;350;2224;24;471;77;572;476;1893;427;2796;2020
19001;11;15;0;26;0;3;1;4;11;18;1;30;14;5;0;19;0;3;1;4;14;8;1;23;25;20;0;45;0;6;2;8;25;26;2;53;2020
19002;15;14;0;29;0;1;0;1;15;15;0;30;13;10;1;24;0;1;0;1;13;11;1;25;28;24;1;53;0;2;0;2;28;26;1;55;2020
19003;8;11;1;20;0;0;0;0;8;11;1;20;5;9;0;14;0;0;1;1;5;9;1;15;13;20;1;34;0;0;1;1;13;20;2;35;2020
19004;9;19;0;28;0;0;0;0;9;19;0;28;17;13;0;30;0;0;0;0;17;13;0;30;26;32;0;58;0;0;0;0;26;32;0;58;2020
19005;19;35;3;57;0;30;0;30;19;65;3;87;17;17;1;35;0;13;2;15;17;30;3;50;36;52;4;92;0;43;2;45;36;95;6;137;2020
19006;110;309;45;464;1;47;7;55;111;356;52;519;112;211;38;361;2;41;7;50;114;252;45;411;222;520;83;825;3;88;14;105;225;608;97;930;2020
19007;78;140;21;239;2;21;6;29;80;161;27;268;101;112;16;229;0;13;3;16;101;125;19;245;179;252;37;468;2;34;9;45;181;286;46;513;2020
19008;5;21;4;30;0;1;0;1;5;22;4;31;3;9;5;17;0;2;0;2;3;11;5;19;8;30;9;47;0;3;0;3;8;33;9;50;2020
19009;50;81;6;137;1;26;4;31;51;107;10;168;66;53;9;128;1;26;5;32;67;79;14;160;116;134;15;265;2;52;9;63;118;186;24;328;2020
19010;3;4;1;8;0;0;0;0;3;4;1;8;3;1;2;6;0;0;0;0;3;1;2;6;6;5;3;14;0;0;0;0;6;5;3;14;2020
19011;55;68;9;132;0;37;12;49;55;105;21;181;58;48;10;116;1;26;3;30;59;74;13;146;113;116;19;248;1;63;15;79;114;179;34;327;2020
19013;22;45;1;68;1;10;0;11;23;55;1;79;16;29;2;47;0;1;0;1;16;30;2;48;38;74;3;115;1;11;0;12;39;85;3;127;2020
19015;20;32;0;52;0;0;0;0;20;32;0;52;23;9;1;33;0;1;0;1;23;10;1;34;43;41;1;85;0;1;0;1;43;42;1;86;2020
19016;14;26;0;40;0;0;0;0;14;26;0;40;5;10;0;15;0;0;0;0;5;10;0;15;19;36;0;55;0;0;0;0;19;36;0;55;2020
19017;19;17;2;38;0;4;0;4;19;21;2;42;12;7;0;19;0;5;0;5;12;12;0;24;31;24;2;57;0;9;0;9;31;33;2;66;2020
19018;32;51;6;89;0;2;0;2;32;53;6;91;36;26;5;67;1;2;0;3;37;28;5;70;68;77;11;156;1;4;0;5;69;81;11;161;2020
19019;4;3;0;7;0;0;0;0;4;3;0;7;7;0;0;7;0;0;0;0;7;0;0;7;11;3;0;14;0;0;0;0;11;3;0;14;2020
19020;5;22;0;27;0;10;0;10;5;32;0;37;5;8;0;13;0;5;0;5;5;13;0;18;10;30;0;40;0;15;0;15;10;45;0;55;2020
19021;113;400;89;602;2;55;9;66;115;455;98;668;133;363;82;578;2;43;9;54;135;406;91;632;246;763;171;1180;4;98;18;120;250;861;189;1300;2020
19022;99;195;24;318;1;25;6;32;100;220;30;350;137;154;21;312;2;29;3;34;139;183;24;346;236;349;45;630;3;54;9;66;239;403;54;696;2020
19023;16;50;9;75;0;5;1;6;16;55;10;81;15;37;18;70;0;8;2;10;15;45;20;80;31;87;27;145;0;13;3;16;31;100;30;161;2020
19024;418;4123;1471;6012;20;428;98;546;438;4551;1569;6558;512;3918;1317;5747;26;440;89;555;538;4358;1406;6302;930;8041;2788;11759;46;868;187;1101;976;8909;2975;12860;2020
19027;32;46;6;84;0;5;1;6;32;51;7;90;27;28;3;58;0;5;2;7;27;33;5;65;59;74;9;142;0;10;3;13;59;84;12;155;2020
19031;3;3;0;6;0;0;0;0;3;3;0;6;1;0;0;1;0;0;0;0;1;0;0;1;4;3;0;7;0;0;0;0;4;3;0;7;2020
19032;42;36;2;80;1;2;0;3;43;38;2;83;34;32;4;70;0;2;0;2;34;34;4;72;76;68;6;150;1;4;0;5;77;72;6;155;2020
19033;8;19;0;27;0;0;0;0;8;19;0;27;10;8;0;18;0;1;0;1;10;9;0;19;18;27;0;45;0;1;0;1;18;28;0;46;2020
19034;6;11;0;17;0;0;0;0;6;11;0;17;4;5;0;9;0;3;0;3;4;8;0;12;10;16;0;26;0;3;0;3;10;19;0;29;2020
19036;40;87;27;154;1;27;12;40;41;114;39;194;48;64;17;129;3;24;8;35;51;88;25;164;88;151;44;283;4;51;20;75;92;202;64;358;2020
19037;26;51;4;81;0;7;0;7;26;58;4;88;19;35;5;59;0;2;0;2;19;37;5;61;45;86;9;140;0;9;0;9;45;95;9;149;2020
19038;4;11;0;15;0;0;0;0;4;11;0;15;3;2;0;5;0;0;0;0;3;2;0;5;7;13;0;20;0;0;0;0;7;13;0;20;2020
19039;15;25;0;40;1;0;0;1;16;25;0;41;13;2;3;18;0;0;0;0;13;2;3;18;28;27;3;58;1;0;0;1;29;27;3;59;2020
19040;12;18;0;30;0;0;0;0;12;18;0;30;9;15;0;24;0;0;0;0;9;15;0;24;21;33;0;54;0;0;0;0;21;33;0;54;2020
19041;17;80;18;115;1;6;0;7;18;86;18;122;17;56;19;92;2;12;1;15;19;68;20;107;34;136;37;207;3;18;1;22;37;154;38;229;2020
19042;5;6;0;11;0;0;0;0;5;6;0;11;6;4;0;10;0;0;0;0;6;4;0;10;11;10;0;21;0;0;0;0;11;10;0;21;2020
19043;33;32;0;65;0;0;0;0;33;32;0;65;21;11;0;32;0;0;0;0;21;11;0;32;54;43;0;97;0;0;0;0;54;43;0;97;2020
19044;60;99;11;170;1;37;13;51;61;136;24;221;41;81;4;126;4;27;7;38;45;108;11;164;101;180;15;296;5;64;20;89;106;244;35;385;2020
19045;40;31;4;75;0;3;0;3;40;34;4;78;32;17;3;52;1;3;0;4;33;20;3;56;72;48;7;127;1;6;0;7;73;54;7;134;2020
19046;1754;9733;2960;14447;67;2759;655;3481;1821;12492;3615;17928;2025;9383;2727;14135;140;2584;620;3344;2165;11967;3347;17479;3779;19116;5687;28582;207;5343;1275;6825;3986;24459;6962;35407;2020
19047;9;18;0;27;0;1;0;1;9;19;0;28;9;17;1;27;0;1;0;1;9;18;1;28;18;35;1;54;0;2;0;2;18;37;1;56;2020
19048;8;5;0;13;0;0;0;0;8;5;0;13;1;4;0;5;0;0;0;0;1;4;0;5;9;9;0;18;0;0;0;0;9;9;0;18;2020
19049;2;6;0;8;1;2;0;3;3;8;0;11;0;0;0;0;0;2;0;2;0;2;0;2;2;6;0;8;1;4;0;5;3;10;0;13;2020
19050;3;7;0;10;0;0;0;0;3;7;0;10;1;4;0;5;0;0;0;0;1;4;0;5;4;11;0;15;0;0;0;0;4;11;0;15;2020
19051;23;11;0;34;0;0;0;0;23;11;0;34;8;10;0;18;0;0;0;0;8;10;0;18;31;21;0;52;0;0;0;0;31;21;0;52;2020
19052;8;8;0;16;0;0;0;0;8;8;0;16;7;0;0;7;0;0;0;0;7;0;0;7;15;8;0;23;0;0;0;0;15;8;0;23;2020
19053;277;707;126;1110;3;106;27;136;280;813;153;1246;325;552;111;988;5;117;22;144;330;669;133;1132;602;1259;237;2098;8;223;49;280;610;1482;286;2378;2020
19054;53;50;5;108;0;6;1;7;53;56;6;115;34;28;6;68;0;5;1;6;34;33;7;74;87;78;11;176;0;11;2;13;87;89;13;189;2020
19055;10;12;0;22;0;2;0;2;10;14;0;24;11;11;2;24;0;1;1;2;11;12;3;26;21;23;2;46;0;3;1;4;21;26;3;50;2020
19057;22;20;2;44;0;1;0;1;22;21;2;45;10;14;3;27;0;2;0;2;10;16;3;29;32;34;5;71;0;3;0;3;32;37;5;74;2020
19058;467;3462;996;4925;16;328;101;445;483;3790;1097;5370;498;3318;977;4793;28;374;92;494;526;3692;1069;5287;965;6780;1973;9718;44;702;193;939;1009;7482;2166;10657;2020
19059;16;28;1;45;0;2;0;2;16;30;1;47;15;14;3;32;0;1;0;1;15;15;3;33;31;42;4;77;0;3;0;3;31;45;4;80;2020
19060;21;75;2;98;0;2;0;2;21;77;2;100;13;46;2;61;0;7;3;10;13;53;5;71;34;121;4;159;0;9;3;12;34;130;7;171;2020
19061;15;29;0;44;0;2;0;2;15;31;0;46;6;8;0;14;0;0;0;0;6;8;0;14;21;37;0;58;0;2;0;2;21;39;0;60;2020
19064;23;17;1;41;0;0;0;0;23;17;1;41;12;10;1;23;0;0;0;0;12;10;1;23;35;27;2;64;0;0;0;0;35;27;2;64;2020
19065;22;48;7;77;0;9;2;11;22;57;9;88;17;24;9;50;0;6;2;8;17;30;11;58;39;72;16;127;0;15;4;19;39;87;20;146;2020
19066;14;14;3;31;0;1;0;1;14;15;3;32;12;8;0;20;0;1;0;1;12;9;0;21;26;22;3;51;0;2;0;2;26;24;3;53;2020
19067;10;24;1;35;0;0;0;0;10;24;1;35;10;11;0;21;0;1;0;1;10;12;0;22;20;35;1;56;0;1;0;1;20;36;1;57;2020
19070;14;19;2;35;0;8;4;12;14;27;6;47;12;17;3;32;1;6;5;12;13;23;8;44;26;36;5;67;1;14;9;24;27;50;14;91;2020
19071;553;3859;1231;5643;25;488;135;648;578;4347;1366;6291;609;3614;1157;5380;41;581;122;744;650;4195;1279;6124;1162;7473;2388;11023;66;1069;257;1392;1228;8542;2645;12415;2020
19073;1;13;0;14;0;0;0;0;1;13;0;14;1;4;0;5;0;0;0;0;1;4;0;5;2;17;0;19;0;0;0;0;2;17;0;19;2020
19074;15;31;1;47;3;8;1;12;18;39;2;59;11;14;2;27;1;8;1;10;12;22;3;37;26;45;3;74;4;16;2;22;30;61;5;96;2020
19075;12;26;2;40;0;0;0;0;12;26;2;40;11;12;0;23;0;1;0;1;11;13;0;24;23;38;2;63;0;1;0;1;23;39;2;64;2020
19076;4;12;0;16;0;2;0;2;4;14;0;18;7;4;0;11;0;0;0;0;7;4;0;11;11;16;0;27;0;2;0;2;11;18;0;29;2020
19078;14;21;0;35;0;0;0;0;14;21;0;35;7;8;0;15;0;2;0;2;7;10;0;17;21;29;0;50;0;2;0;2;21;31;0;52;2020
19079;0;5;0;5;0;0;0;0;0;5;0;5;0;2;0;2;0;0;0;0;0;2;0;2;0;7;0;7;0;0;0;0;0;7;0;7;2020
19080;17;16;1;34;0;1;0;1;17;17;1;35;17;14;2;33;0;0;0;0;17;14;2;33;34;30;3;67;0;1;0;1;34;31;3;68;2020
19081;8;8;1;17;0;0;0;0;8;8;1;17;4;4;0;8;0;0;0;0;4;4;0;8;12;12;1;25;0;0;0;0;12;12;1;25;2020
19082;9;44;11;64;0;2;1;3;9;46;12;67;13;33;5;51;0;3;0;3;13;36;5;54;22;77;16;115;0;5;1;6;22;82;17;121;2020
19086;221;498;58;777;0;54;15;69;221;552;73;846;255;404;60;719;1;52;16;69;256;456;76;788;476;902;118;1496;1;106;31;138;477;1008;149;1634;2020
19087;4;6;0;10;0;0;0;0;4;6;0;10;5;2;0;7;0;2;0;2;5;4;0;9;9;8;0;17;0;2;0;2;9;10;0;19;2020
19088;16;38;4;58;2;3;0;5;18;41;4;63;13;21;4;38;4;7;0;11;17;28;4;49;29;59;8;96;6;10;0;16;35;69;8;112;2020
19089;5;8;0;13;0;0;0;0;5;8;0;13;5;1;0;6;0;0;0;0;5;1;0;6;10;9;0;19;0;0;0;0;10;9;0;19;2020
19090;16;29;3;48;0;3;1;4;16;32;4;52;22;21;6;49;0;5;0;5;22;26;6;54;38;50;9;97;0;8;1;9;38;58;10;106;2020
19091;7;7;0;14;0;1;0;1;7;8;0;15;5;3;0;8;0;1;0;1;5;4;0;9;12;10;0;22;0;2;0;2;12;12;0;24;2020
19092;71;170;14;255;2;35;13;50;73;205;27;305;65;94;15;174;1;32;7;40;66;126;22;214;136;264;29;429;3;67;20;90;139;331;49;519;2020
19095;0;7;1;8;0;1;0;1;0;8;1;9;2;1;0;3;1;0;0;1;3;1;0;4;2;8;1;11;1;1;0;2;3;9;1;13;2020
19096;23;34;1;58;0;6;1;7;23;40;2;65;17;15;5;37;0;9;0;9;17;24;5;46;40;49;6;95;0;15;1;16;40;64;7;111;2020
19097;4;6;1;11;0;0;0;0;4;6;1;11;1;2;0;3;0;0;0;0;1;2;0;3;5;8;1;14;0;0;0;0;5;8;1;14;2020
19098;2;11;0;13;1;5;1;7;3;16;1;20;3;3;0;6;1;5;0;6;4;8;0;12;5;14;0;19;2;10;1;13;7;24;1;32;2020
19099;43;129;13;185;0;3;0;3;43;132;13;188;45;69;26;140;0;8;3;11;45;77;29;151;88;198;39;325;0;11;3;14;88;209;42;339;2020
19102;13;38;5;56;0;7;2;9;13;45;7;65;14;22;9;45;1;5;3;9;15;27;12;54;27;60;14;101;1;12;5;18;28;72;19;119;2020
19103;47;105;9;161;0;7;2;9;47;112;11;170;47;50;5;102;0;8;5;13;47;58;10;115;94;155;14;263;0;15;7;22;94;170;21;285;2020
19104;4;5;0;9;0;0;0;0;4;5;0;9;4;5;0;9;0;0;0;0;4;5;0;9;8;10;0;18;0;0;0;0;8;10;0;18;2020
19105;192;1204;366;1762;6;97;21;124;198;1301;387;1886;199;1046;342;1587;9;120;21;150;208;1166;363;1737;391;2250;708;3349;15;217;42;274;406;2467;750;3623;2020
19106;15;32;0;47;0;2;1;3;15;34;1;50;17;15;3;35;0;4;1;5;17;19;4;40;32;47;3;82;0;6;2;8;32;53;5;90;2020
19107;64;106;11;181;2;8;1;11;66;114;12;192;62;67;18;147;0;9;0;9;62;76;18;156;126;173;29;328;2;17;1;20;128;190;30;348;2020
19108;18;36;0;54;0;1;0;1;18;37;0;55;20;21;0;41;0;3;0;3;20;24;0;44;38;57;0;95;0;4;0;4;38;61;0;99;2020
19109;6;14;0;20;0;0;0;0;6;14;0;20;9;6;0;15;0;0;0;0;9;6;0;15;15;20;0;35;0;0;0;0;15;20;0;35;2020
19110;13;18;0;31;0;2;2;4;13;20;2;35;11;8;0;19;0;2;0;2;11;10;0;21;24;26;0;50;0;4;2;6;24;30;2;56;2020
19111;25;72;8;105;0;5;0;5;25;77;8;110;27;36;1;64;0;2;2;4;27;38;3;68;52;108;9;169;0;7;2;9;52;115;11;178;2020
19112;7;16;2;25;0;0;0;0;7;16;2;25;13;12;1;26;0;1;0;1;13;13;1;27;20;28;3;51;0;1;0;1;20;29;3;52;2020
19113;78;160;28;266;1;50;7;58;79;210;35;324;83;151;26;260;0;36;9;45;83;187;35;305;161;311;54;526;1;86;16;103;162;397;70;629;2020
19114;11;5;0;16;0;2;1;3;11;7;1;19;5;6;0;11;0;1;1;2;5;7;1;13;16;11;0;27;0;3;2;5;16;14;2;32;2020
19115;8;13;1;22;0;0;0;0;8;13;1;22;4;5;3;12;0;1;0;1;4;6;3;13;12;18;4;34;0;1;0;1;12;19;4;35;2020
19116;2;6;1;9;0;0;0;0;2;6;1;9;3;2;0;5;0;0;0;0;3;2;0;5;5;8;1;14;0;0;0;0;5;8;1;14;2020
19117;110;768;246;1124;5;102;29;136;115;870;275;1260;115;675;205;995;9;116;26;151;124;791;231;1146;225;1443;451;2119;14;218;55;287;239;1661;506;2406;2020
19118;2;5;0;7;0;1;0;1;2;6;0;8;1;2;1;4;0;0;0;0;1;2;1;4;3;7;1;11;0;1;0;1;3;8;1;12;2020
19119;16;32;2;50;0;2;0;2;16;34;2;52;10;16;1;27;0;3;0;3;10;19;1;30;26;48;3;77;0;5;0;5;26;53;3;82;2020
19120;17;46;5;68;0;6;2;8;17;52;7;76;24;20;3;47;0;7;1;8;24;27;4;55;41;66;8;115;0;13;3;16;41;79;11;131;2020
19121;45;91;10;146;0;20;7;27;45;111;17;173;54;67;10;131;0;6;2;8;54;73;12;139;99;158;20;277;0;26;9;35;99;184;29;312;2020
19122;18;22;3;43;1;3;2;6;19;25;5;49;16;18;3;37;0;2;1;3;16;20;4;40;34;40;6;80;1;5;3;9;35;45;9;89;2020
19123;7;14;2;23;0;3;2;5;7;17;4;28;7;9;0;16;0;2;1;3;7;11;1;19;14;23;2;39;0;5;3;8;14;28;5;47;2020
19124;49;162;36;247;0;32;5;37;49;194;41;284;42;114;33;189;3;29;8;40;45;143;41;229;91;276;69;436;3;61;13;77;94;337;82;513;2020
19125;10;19;0;29;0;3;1;4;10;22;1;33;7;8;0;15;1;4;1;6;8;12;1;21;17;27;0;44;1;7;2;10;18;34;2;54;2020
19126;95;856;264;1215;3;70;14;87;98;926;278;1302;91;711;272;1074;3;86;10;99;94;797;282;1173;186;1567;536;2289;6;156;24;186;192;1723;560;2475;2020
19127;19;30;2;51;0;8;1;9;19;38;3;60;23;17;2;42;0;6;1;7;23;23;3;49;42;47;4;93;0;14;2;16;42;61;6;109;2020
19129;7;10;0;17;0;0;0;0;7;10;0;17;6;5;0;11;0;1;0;1;6;6;0;12;13;15;0;28;0;1;0;1;13;16;0;29;2020
19130;6391;23412;6283;36086;143;4786;1076;6005;6534;28198;7359;42091;8587;24777;6050;39414;251;4742;986;5979;8838;29519;7036;45393;14978;48189;12333;75500;394;9528;2062;11984;15372;57717;14395;87484;2020
19132;29;19;0;48;0;1;3;4;29;20;3;52;24;13;0;37;0;4;3;7;24;17;3;44;53;32;0;85;0;5;6;11;53;37;6;96;2020
19133;12;33;9;54;3;79;13;95;15;112;22;149;17;18;4;39;3;54;10;67;20;72;14;106;29;51;13;93;6;133;23;162;35;184;36;255;2020
19134;5;7;0;12;0;0;0;0;5;7;0;12;5;7;0;12;0;0;0;0;5;7;0;12;10;14;0;24;0;0;0;0;10;14;0;24;2020
19135;25;30;2;57;0;9;2;11;25;39;4;68;22;11;0;33;0;6;2;8;22;17;2;41;47;41;2;90;0;15;4;19;47;56;6;109;2020
19136;2;3;1;6;0;3;0;3;2;6;1;9;2;5;2;9;0;0;0;0;2;5;2;9;4;8;3;15;0;3;0;3;4;11;3;18;2020
19138;45;87;9;141;1;14;5;20;46;101;14;161;35;50;12;97;0;25;5;30;35;75;17;127;80;137;21;238;1;39;10;50;81;176;31;288;2020
19139;4;16;0;20;0;1;2;3;4;17;2;23;5;2;1;8;0;2;2;4;5;4;3;12;9;18;1;28;0;3;4;7;9;21;5;35;2020
19142;36;121;13;170;1;18;3;22;37;139;16;192;30;79;22;131;0;13;3;16;30;92;25;147;66;200;35;301;1;31;6;38;67;231;41;339;2020
19143;170;770;195;1135;6;144;37;187;176;914;232;1322;205;701;214;1120;8;128;44;180;213;829;258;1300;375;1471;409;2255;14;272;81;367;389;1743;490;2622;2020
19145;13;12;0;25;0;0;0;0;13;12;0;25;9;6;0;15;0;0;0;0;9;6;0;15;22;18;0;40;0;0;0;0;22;18;0;40;2020
19146;13;19;1;33;0;2;0;2;13;21;1;35;8;11;1;20;0;1;0;1;8;12;1;21;21;30;2;53;0;3;0;3;21;33;2;56;2020
19147;12;16;0;28;0;0;0;0;12;16;0;28;6;7;0;13;0;0;0;0;6;7;0;13;18;23;0;41;0;0;0;0;18;23;0;41;2020
19148;15;15;0;30;1;4;0;5;16;19;0;35;8;4;3;15;0;3;1;4;8;7;4;19;23;19;3;45;1;7;1;9;24;26;4;54;2020
19150;17;47;8;72;0;3;0;3;17;50;8;75;15;29;1;45;0;0;0;0;15;29;1;45;32;76;9;117;0;3;0;3;32;79;9;120;2020
19151;166;391;64;621;5;101;33;139;171;492;97;760;207;324;91;622;7;98;24;129;214;422;115;751;373;715;155;1243;12;199;57;268;385;914;212;1511;2020
19152;93;212;22;327;4;35;2;41;97;247;24;368;85;153;29;267;1;23;5;29;86;176;34;296;178;365;51;594;5;58;7;70;183;423;58;664;2020
19153;2;13;0;15;0;0;0;0;2;13;0;15;1;7;0;8;0;0;0;0;1;7;0;8;3;20;0;23;0;0;0;0;3;20;0;23;2020
19154;19;20;0;39;0;0;0;0;19;20;0;39;14;5;0;19;0;0;0;0;14;5;0;19;33;25;0;58;0;0;0;0;33;25;0;58;2020
19155;12;30;0;42;1;2;1;4;13;32;1;46;10;10;0;20;0;3;3;6;10;13;3;26;22;40;0;62;1;5;4;10;23;45;4;72;2020
19156;150;335;66;551;7;135;33;175;157;470;99;726;165;274;56;495;5;112;32;149;170;386;88;644;315;609;122;1046;12;247;65;324;327;856;187;1370;2020
19157;16;21;0;37;0;0;0;0;16;21;0;37;9;7;0;16;0;2;0;2;9;9;0;18;25;28;0;53;0;2;0;2;25;30;0;55;2020
19159;16;35;0;51;0;1;0;1;16;36;0;52;24;17;0;41;0;9;2;11;24;26;2;52;40;52;0;92;0;10;2;12;40;62;2;104;2020
19160;89;423;95;607;1;66;13;80;90;489;108;687;65;340;89;494;6;60;17;83;71;400;106;577;154;763;184;1101;7;126;30;163;161;889;214;1264;2020
19161;40;82;13;135;0;1;0;1;40;83;13;136;37;60;25;122;0;1;0;1;37;61;25;123;77;142;38;257;0;2;0;2;77;144;38;259;2020
19162;12;25;0;37;0;2;0;2;12;27;0;39;11;15;2;28;0;0;0;0;11;15;2;28;23;40;2;65;0;2;0;2;23;42;2;67;2020
19163;16;15;1;32;0;1;1;2;16;16;2;34;15;17;3;35;0;0;0;0;15;17;3;35;31;32;4;67;0;1;1;2;31;33;5;69;2020
19165;9;18;2;29;0;1;2;3;9;19;4;32;8;12;1;21;0;2;0;2;8;14;1;23;17;30;3;50;0;3;2;5;17;33;5;55;2020
19166;32;58;5;95;0;5;2;7;32;63;7;102;32;33;12;77;1;3;2;6;33;36;14;83;64;91;17;172;1;8;4;13;65;99;21;185;2020
19167;16;51;12;79;0;3;2;5;16;54;14;84;22;39;4;65;0;5;4;9;22;44;8;74;38;90;16;144;0;8;6;14;38;98;22;158;2020
19168;49;82;3;134;0;5;1;6;49;87;4;140;74;58;6;138;0;8;1;9;74;66;7;147;123;140;9;272;0;13;2;15;123;153;11;287;2020
19169;8;12;0;20;0;1;0;1;8;13;0;21;4;6;0;10;0;0;0;0;4;6;0;10;12;18;0;30;0;1;0;1;12;19;0;31;2020
19170;39;61;8;108;0;13;3;16;39;74;11;124;50;38;7;95;1;11;3;15;51;49;10;110;89;99;15;203;1;24;6;31;90;123;21;234;2020
19171;412;2396;643;3451;13;297;88;398;425;2693;731;3849;460;2277;680;3417;18;329;71;418;478;2606;751;3835;872;4673;1323;6868;31;626;159;816;903;5299;1482;7684;2020
19172;7;20;0;27;0;0;0;0;7;20;0;27;16;5;0;21;1;0;0;1;17;5;0;22;23;25;0;48;1;0;0;1;24;25;0;49;2020
19173;7;24;3;34;1;3;0;4;8;27;3;38;4;9;2;15;0;2;2;4;4;11;4;19;11;33;5;49;1;5;2;8;12;38;7;57;2020
19174;26;24;2;52;0;3;1;4;26;27;3;56;22;15;1;38;1;2;4;7;23;17;5;45;48;39;3;90;1;5;5;11;49;44;8;101;2020
19175;6;7;0;13;0;2;3;5;6;9;3;18;11;4;0;15;1;1;0;2;12;5;0;17;17;11;0;28;1;3;3;7;18;14;3;35;2020
19176;43;82;7;132;1;17;2;20;44;99;9;152;48;51;7;106;1;6;1;8;49;57;8;114;91;133;14;238;2;23;3;28;93;156;17;266;2020
19177;11;20;1;32;0;0;0;0;11;20;1;32;13;13;2;28;0;0;0;0;13;13;2;28;24;33;3;60;0;0;0;0;24;33;3;60;2020
19178;5;11;1;17;0;0;0;0;5;11;1;17;7;5;0;12;0;0;0;0;7;5;0;12;12;16;1;29;0;0;0;0;12;16;1;29;2020
19179;28;15;2;45;0;2;2;4;28;17;4;49;25;7;4;36;0;2;0;2;25;9;4;38;53;22;6;81;0;4;2;6;53;26;8;87;2020
19181;16;17;1;34;0;1;0;1;16;18;1;35;12;6;0;18;0;0;0;0;12;6;0;18;28;23;1;52;0;1;0;1;28;24;1;53;2020
19182;10;14;1;25;0;1;0;1;10;15;1;26;4;8;1;13;0;0;0;0;4;8;1;13;14;22;2;38;0;1;0;1;14;23;2;39;2020
19183;20;25;3;48;0;0;0;0;20;25;3;48;12;16;0;28;0;1;1;2;12;17;1;30;32;41;3;76;0;1;1;2;32;42;4;78;2020
19184;15;19;3;37;0;23;7;30;15;42;10;67;14;9;0;23;1;11;3;15;15;20;3;38;29;28;3;60;1;34;10;45;30;62;13;105;2020
19185;5;12;0;17;0;0;0;0;5;12;0;17;5;4;0;9;0;0;0;0;5;4;0;9;10;16;0;26;0;0;0;0;10;16;0;26;2020
19186;23;23;1;47;0;0;0;0;23;23;1;47;14;12;1;27;0;0;0;0;14;12;1;27;37;35;2;74;0;0;0;0;37;35;2;74;2020
19187;10;13;0;23;1;4;1;6;11;17;1;29;13;6;2;21;0;3;0;3;13;9;2;24;23;19;2;44;1;7;1;9;24;26;3;53;2020
19188;13;5;1;19;0;2;0;2;13;7;1;21;14;4;0;18;0;1;0;1;14;5;0;19;27;9;1;37;0;3;0;3;27;12;1;40;2020
19189;9;57;11;77;0;14;4;18;9;71;15;95;22;35;15;72;1;14;1;16;23;49;16;88;31;92;26;149;1;28;5;34;32;120;31;183;2020
19190;319;809;150;1278;8;219;92;319;327;1028;242;1597;405;762;155;1322;12;236;66;314;417;998;221;1636;724;1571;305;2600;20;455;158;633;744;2026;463;3233;2020
19191;2;3;1;6;0;0;0;0;2;3;1;6;3;5;0;8;0;0;0;0;3;5;0;8;5;8;1;14;0;0;0;0;5;8;1;14;2020
19192;223;694;179;1096;4;222;60;286;227;916;239;1382;259;635;172;1066;15;157;66;238;274;792;238;1304;482;1329;351;2162;19;379;126;524;501;1708;477;2686;2020
19193;6;9;0;15;0;0;0;0;6;9;0;15;4;6;0;10;0;0;0;0;4;6;0;10;10;15;0;25;0;0;0;0;10;15;0;25;2020
19194;19;32;1;52;0;3;0;3;19;35;1;55;22;21;1;44;0;1;0;1;22;22;1;45;41;53;2;96;0;4;0;4;41;57;2;100;2020
19195;6;15;0;21;0;1;0;1;6;16;0;22;8;7;0;15;0;0;0;0;8;7;0;15;14;22;0;36;0;1;0;1;14;23;0;37;2020
19196;15;35;2;52;0;1;0;1;15;36;2;53;14;26;2;42;0;5;0;5;14;31;2;47;29;61;4;94;0;6;0;6;29;67;4;100;2020
19197;11;10;1;22;0;0;0;0;11;10;1;22;4;6;0;10;0;0;0;0;4;6;0;10;15;16;1;32;0;0;0;0;15;16;1;32;2020
19198;3;6;0;9;0;0;0;0;3;6;0;9;5;3;0;8;0;0;0;0;5;3;0;8;8;9;0;17;0;0;0;0;8;9;0;17;2020
19199;8;4;1;13;0;0;0;0;8;4;1;13;2;3;0;5;0;0;0;0;2;3;0;5;10;7;1;18;0;0;0;0;10;7;1;18;2020
19200;14;23;1;38;0;0;0;0;14;23;1;38;8;18;4;30;0;1;0;1;8;19;4;31;22;41;5;68;0;1;0;1;22;42;5;69;2020
19201;13;19;1;33;1;4;0;5;14;23;1;38;18;11;0;29;0;0;0;0;18;11;0;29;31;30;1;62;1;4;0;5;32;34;1;67;2020
19202;1;7;0;8;0;0;0;0;1;7;0;8;2;5;0;7;0;0;0;0;2;5;0;7;3;12;0;15;0;0;0;0;3;12;0;15;2020
19203;7;9;0;16;0;0;0;0;7;9;0;16;7;4;1;12;0;0;0;0;7;4;1;12;14;13;1;28;0;0;0;0;14;13;1;28;2020
19204;28;62;11;101;0;5;1;6;28;67;12;107;21;38;7;66;0;6;2;8;21;44;9;74;49;100;18;167;0;11;3;14;49;111;21;181;2020
19208;16;10;0;26;0;0;0;0;16;10;0;26;9;5;0;14;0;0;0;0;9;5;0;14;25;15;0;40;0;0;0;0;25;15;0;40;2020
19209;9;15;1;25;0;0;0;0;9;15;1;25;10;8;0;18;0;0;0;0;10;8;0;18;19;23;1;43;0;0;0;0;19;23;1;43;2020
19210;4;5;0;9;0;0;1;1;4;5;1;10;7;2;0;9;0;3;0;3;7;5;0;12;11;7;0;18;0;3;1;4;11;10;1;22;2020
19211;84;129;13;226;0;8;0;8;84;137;13;234;59;75;11;145;2;12;0;14;61;87;11;159;143;204;24;371;2;20;0;22;145;224;24;393;2020
19212;118;227;48;393;0;30;7;37;118;257;55;430;141;198;45;384;2;32;10;44;143;230;55;428;259;425;93;777;2;62;17;81;261;487;110;858;2020
19213;14;29;1;44;0;1;0;1;14;30;1;45;10;14;1;25;0;1;1;2;10;15;2;27;24;43;2;69;0;2;1;3;24;45;3;72;2020
19214;17;25;1;43;0;0;0;0;17;25;1;43;20;12;0;32;0;0;0;0;20;12;0;32;37;37;1;75;0;0;0;0;37;37;1;75;2020
19215;35;48;1;84;0;3;0;3;35;51;1;87;24;20;1;45;0;1;0;1;24;21;1;46;59;68;2;129;0;4;0;4;59;72;2;133;2020
19216;18;50;3;71;0;5;4;9;18;55;7;80;20;39;4;63;1;7;1;9;21;46;5;72;38;89;7;134;1;12;5;18;39;101;12;152;2020
19217;15;11;0;26;0;1;1;2;15;12;1;28;4;5;0;9;0;1;0;1;4;6;0;10;19;16;0;35;0;2;1;3;19;18;1;38;2020
19218;9;15;2;26;0;0;0;0;9;15;2;26;10;9;1;20;0;1;0;1;10;10;1;21;19;24;3;46;0;1;0;1;19;25;3;47;2020
19219;1;6;0;7;0;0;0;0;1;6;0;7;1;1;0;2;0;0;0;0;1;1;0;2;2;7;0;9;0;0;0;0;2;7;0;9;2020
19220;123;1345;446;1914;13;263;85;361;136;1608;531;2275;114;1128;435;1677;22;305;73;400;136;1433;508;2077;237;2473;881;3591;35;568;158;761;272;3041;1039;4352;2020
19221;8;14;1;23;0;5;7;12;8;19;8;35;2;6;1;9;0;6;2;8;2;12;3;17;10;20;2;32;0;11;9;20;10;31;11;52;2020
19222;23;29;1;53;0;3;1;4;23;32;2;57;24;17;6;47;0;4;0;4;24;21;6;51;47;46;7;100;0;7;1;8;47;53;8;108;2020
19223;16;40;0;56;0;3;0;3;16;43;0;59;15;29;5;49;0;5;1;6;15;34;6;55;31;69;5;105;0;8;1;9;31;77;6;114;2020
19224;28;34;1;63;0;1;0;1;28;35;1;64;24;17;0;41;0;2;0;2;24;19;0;43;52;51;1;104;0;3;0;3;52;54;1;107;2020
19225;61;418;139;618;4;74;17;95;65;492;156;713;53;352;107;512;4;83;20;107;57;435;127;619;114;770;246;1130;8;157;37;202;122;927;283;1332;2020
19226;7;19;1;27;0;8;0;8;7;27;1;35;5;6;1;12;0;0;0;0;5;6;1;12;12;25;2;39;0;8;0;8;12;33;2;47;2020
19227;11;30;1;42;0;0;0;0;11;30;1;42;7;10;1;18;0;0;0;0;7;10;1;18;18;40;2;60;0;0;0;0;18;40;2;60;2020
19228;3;13;2;18;0;5;1;6;3;18;3;24;4;4;3;11;0;3;5;8;4;7;8;19;7;17;5;29;0;8;6;14;7;25;11;43;2020
19229;15;18;0;33;0;0;0;0;15;18;0;33;16;10;0;26;0;0;0;0;16;10;0;26;31;28;0;59;0;0;0;0;31;28;0;59;2020
19230;26;263;104;393;0;36;4;40;26;299;108;433;23;262;85;370;0;23;4;27;23;285;89;397;49;525;189;763;0;59;8;67;49;584;197;830;2020
19231;1;4;0;5;0;2;0;2;1;6;0;7;2;1;0;3;0;0;0;0;2;1;0;3;3;5;0;8;0;2;0;2;3;7;0;10;2020
19232;18;18;0;36;0;0;0;0;18;18;0;36;11;9;3;23;0;0;0;0;11;9;3;23;29;27;3;59;0;0;0;0;29;27;3;59;2020
19233;11;39;5;55;1;2;1;4;12;41;6;59;10;24;2;36;1;4;0;5;11;28;2;41;21;63;7;91;2;6;1;9;23;69;8;100;2020
19234;9;21;0;30;0;1;0;1;9;22;0;31;1;11;0;12;0;0;0;0;1;11;0;12;10;32;0;42;0;1;0;1;10;33;0;43;2020
19235;26;31;4;61;0;0;0;0;26;31;4;61;17;21;1;39;0;2;0;2;17;23;1;41;43;52;5;100;0;2;0;2;43;54;5;102;2020
19237;9;17;0;26;0;0;0;0;9;17;0;26;6;7;3;16;0;0;0;0;6;7;3;16;15;24;3;42;0;0;0;0;15;24;3;42;2020
19238;9;18;1;28;0;3;2;5;9;21;3;33;6;14;0;20;0;2;2;4;6;16;2;24;15;32;1;48;0;5;4;9;15;37;5;57;2020
19239;22;26;1;49;0;12;0;12;22;38;1;61;22;19;2;43;0;10;3;13;22;29;5;56;44;45;3;92;0;22;3;25;44;67;6;117;2020
19240;10;17;0;27;0;0;0;0;10;17;0;27;9;7;0;16;0;1;0;1;9;8;0;17;19;24;0;43;0;1;0;1;19;25;0;44;2020
19241;8;15;0;23;0;1;0;1;8;16;0;24;7;5;0;12;0;0;0;0;7;5;0;12;15;20;0;35;0;1;0;1;15;21;0;36;2020
19242;14;28;4;46;0;2;0;2;14;30;4;48;16;19;7;42;2;3;0;5;18;22;7;47;30;47;11;88;2;5;0;7;32;52;11;95;2020
19243;6;22;0;28;0;0;0;0;6;22;0;28;7;3;1;11;0;0;0;0;7;3;1;11;13;25;1;39;0;0;0;0;13;25;1;39;2020
19244;21;24;1;46;0;4;1;5;21;28;2;51;19;11;3;33;0;4;1;5;19;15;4;38;40;35;4;79;0;8;2;10;40;43;6;89;2020
19245;183;422;75;680;2;84;27;113;185;506;102;793;195;365;69;629;6;80;15;101;201;445;84;730;378;787;144;1309;8;164;42;214;386;951;186;1523;2020
19246;10;13;0;23;0;0;0;0;10;13;0;23;9;5;2;16;0;0;0;0;9;5;2;16;19;18;2;39;0;0;0;0;19;18;2;39;2020
19247;26;50;5;81;0;0;0;0;26;50;5;81;22;35;2;59;0;0;0;0;22;35;2;59;48;85;7;140;0;0;0;0;48;85;7;140;2020
19248;16;29;0;45;0;1;1;2;16;30;1;47;11;16;0;27;0;0;0;0;11;16;0;27;27;45;0;72;0;1;1;2;27;46;1;74;2020
19249;10;10;1;21;0;2;0;2;10;12;1;23;11;6;0;17;0;0;0;0;11;6;0;17;21;16;1;38;0;2;0;2;21;18;1;40;2020
19250;5;4;0;9;0;0;0;0;5;4;0;9;1;4;0;5;0;0;0;0;1;4;0;5;6;8;0;14;0;0;0;0;6;8;0;14;2020
19251;11;16;4;31;0;2;0;2;11;18;4;33;5;10;2;17;0;6;0;6;5;16;2;23;16;26;6;48;0;8;0;8;16;34;6;56;2020
19252;9;26;2;37;0;3;1;4;9;29;3;41;11;8;3;22;1;3;1;5;12;11;4;27;20;34;5;59;1;6;2;9;21;40;7;68;2020
19254;11;8;1;20;1;1;0;2;12;9;1;22;12;9;0;21;0;1;0;1;12;10;0;22;23;17;1;41;1;2;0;3;24;19;1;44;2020
19255;13;25;0;38;0;5;0;5;13;30;0;43;20;12;1;33;0;4;0;4;20;16;1;37;33;37;1;71;0;9;0;9;33;46;1;80;2020
19256;10;15;0;25;0;6;0;6;10;21;0;31;10;10;0;20;0;1;0;1;10;11;0;21;20;25;0;45;0;7;0;7;20;32;0;52;2020
19257;462;1141;227;1830;4;273;77;354;466;1414;304;2184;635;1015;186;1836;10;220;69;299;645;1235;255;2135;1097;2156;413;3666;14;493;146;653;1111;2649;559;4319;2020
19258;15;35;0;50;1;1;0;2;16;36;0;52;16;19;0;35;0;1;0;1;16;20;0;36;31;54;0;85;1;2;0;3;32;56;0;88;2020
19259;6;10;0;16;0;0;0;0;6;10;0;16;6;7;0;13;0;0;0;0;6;7;0;13;12;17;0;29;0;0;0;0;12;17;0;29;2020
19260;11;10;0;21;0;1;0;1;11;11;0;22;13;7;0;20;1;0;0;1;14;7;0;21;24;17;0;41;1;1;0;2;25;18;0;43;2020
19261;12;6;0;18;1;0;0;1;13;6;0;19;8;6;0;14;0;0;0;0;8;6;0;14;20;12;0;32;1;0;0;1;21;12;0;33;2020
19262;31;39;1;71;0;3;0;3;31;42;1;74;37;21;2;60;1;2;0;3;38;23;2;63;68;60;3;131;1;5;0;6;69;65;3;137;2020
19263;6;9;0;15;0;12;0;12;6;21;0;27;6;1;1;8;0;9;0;9;6;10;1;17;12;10;1;23;0;21;0;21;12;31;1;44;2020
19264;7;14;1;22;0;3;0;3;7;17;1;25;3;8;0;11;0;0;0;0;3;8;0;11;10;22;1;33;0;3;0;3;10;25;1;36;2020
19265;33;35;3;71;0;10;4;14;33;45;7;85;30;23;0;53;0;6;0;6;30;29;0;59;63;58;3;124;0;16;4;20;63;74;7;144;2020
19266;41;86;12;139;0;26;4;30;41;112;16;169;38;58;11;107;0;23;5;28;38;81;16;135;79;144;23;246;0;49;9;58;79;193;32;304;2020
19267;3;9;0;12;0;0;0;0;3;9;0;12;4;4;2;10;0;0;0;0;4;4;2;10;7;13;2;22;0;0;0;0;7;13;2;22;2020
19268;4;20;4;28;1;1;1;3;5;21;5;31;5;15;2;22;0;2;0;2;5;17;2;24;9;35;6;50;1;3;1;5;10;38;7;55;2020
19269;23;31;0;54;0;0;0;0;23;31;0;54;21;9;0;30;0;1;0;1;21;10;0;31;44;40;0;84;0;1;0;1;44;41;0;85;2020
19270;2;6;0;8;0;0;0;0;2;6;0;8;1;2;0;3;0;0;0;0;1;2;0;3;3;8;0;11;0;0;0;0;3;8;0;11;2020
19271;11;10;0;21;0;3;0;3;11;13;0;24;14;8;0;22;0;1;0;1;14;9;0;23;25;18;0;43;0;4;0;4;25;22;0;47;2020
19272;11;29;4;44;0;5;1;6;11;34;5;50;13;17;2;32;0;1;2;3;13;18;4;35;24;46;6;76;0;6;3;9;24;52;9;85;2020
19274;67;443;153;663;0;100;30;130;67;543;183;793;79;393;133;605;5;94;30;129;84;487;163;734;146;836;286;1268;5;194;60;259;151;1030;346;1527;2020
19277;5;7;1;13;0;0;0;0;5;7;1;13;1;2;2;5;0;0;0;0;1;2;2;5;6;9;3;18;0;0;0;0;6;9;3;18;2020
19278;8;8;0;16;0;0;0;0;8;8;0;16;7;4;0;11;0;0;0;0;7;4;0;11;15;12;0;27;0;0;0;0;15;12;0;27;2020
19279;8;25;0;33;2;292;14;308;10;317;14;341;11;13;0;24;4;219;23;246;15;232;23;270;19;38;0;57;6;511;37;554;25;549;37;611;2020
19280;262;1754;571;2587;9;266;76;351;271;2020;647;2938;257;1557;514;2328;10;276;71;357;267;1833;585;2685;519;3311;1085;4915;19;542;147;708;538;3853;1232;5623;2020
19281;2;9;0;11;0;0;0;0;2;9;0;11;2;7;1;10;0;0;0;0;2;7;1;10;4;16;1;21;0;0;0;0;4;16;1;21;2020
19282;35;43;2;80;0;13;5;18;35;56;7;98;31;27;4;62;0;9;3;12;31;36;7;74;66;70;6;142;0;22;8;30;66;92;14;172;2020
19283;9;6;0;15;0;3;1;4;9;9;1;19;10;5;0;15;0;3;1;4;10;8;1;19;19;11;0;30;0;6;2;8;19;17;2;38;2020
19284;3;3;0;6;0;0;0;0;3;3;0;6;2;1;0;3;0;0;0;0;2;1;0;3;5;4;0;9;0;0;0;0;5;4;0;9;2020
19285;5;7;0;12;0;0;0;0;5;7;0;12;7;1;0;8;0;0;0;0;7;1;0;8;12;8;0;20;0;0;0;0;12;8;0;20;2020
19286;63;374;113;550;3;61;18;82;66;435;131;632;63;296;104;463;1;57;12;70;64;353;116;533;126;670;217;1013;4;118;30;152;130;788;247;1165;2020
19287;29;48;10;87;1;11;2;14;30;59;12;101;27;36;9;72;1;13;4;18;28;49;13;90;56;84;19;159;2;24;6;32;58;108;25;191;2020
19288;6;6;0;12;0;0;0;0;6;6;0;12;3;1;0;4;0;0;0;0;3;1;0;4;9;7;0;16;0;0;0;0;9;7;0;16;2020
19289;9;7;0;16;0;1;0;1;9;8;0;17;5;3;0;8;0;0;0;0;5;3;0;8;14;10;0;24;0;1;0;1;14;11;0;25;2020
19290;106;381;61;548;3;96;13;112;109;477;74;660;84;311;73;468;4;83;11;98;88;394;84;566;190;692;134;1016;7;179;24;210;197;871;158;1226;2020
19291;164;440;31;635;3;49;10;62;167;489;41;697;184;369;37;590;2;42;7;51;186;411;44;641;348;809;68;1225;5;91;17;113;353;900;85;1338;2020
19293;165;900;214;1279;8;98;25;131;173;998;239;1410;184;770;236;1190;12;86;17;115;196;856;253;1305;349;1670;450;2469;20;184;42;246;369;1854;492;2715;2020
19294;4;9;2;15;0;1;0;1;4;10;2;16;8;5;1;14;0;0;0;0;8;5;1;14;12;14;3;29;0;1;0;1;12;15;3;30;2020
19296;3;20;3;26;0;1;0;1;3;21;3;27;6;2;2;10;0;2;0;2;6;4;2;12;9;22;5;36;0;3;0;3;9;25;5;39;2020
19297;7;9;5;21;0;0;0;0;7;9;5;21;3;15;1;19;0;0;0;0;3;15;1;19;10;24;6;40;0;0;0;0;10;24;6;40;2020
19298;4;30;0;34;2;12;1;15;6;42;1;49;9;11;1;21;1;6;1;8;10;17;2;29;13;41;1;55;3;18;2;23;16;59;3;78;2020
19299;22;33;0;55;0;1;0;1;22;34;0;56;17;26;6;49;0;0;0;0;17;26;6;49;39;59;6;104;0;1;0;1;39;60;6;105;2020
19300;68;376;81;525;3;35;8;46;71;411;89;571;66;317;85;468;0;40;5;45;66;357;90;513;134;693;166;993;3;75;13;91;137;768;179;1084;2020
19301;10;10;0;20;0;1;0;1;10;11;0;21;4;11;1;16;0;0;0;0;4;11;1;16;14;21;1;36;0;1;0;1;14;22;1;37;2020
19302;10;22;2;34;0;0;0;0;10;22;2;34;12;8;1;21;0;0;0;0;12;8;1;21;22;30;3;55;0;0;0;0;22;30;3;55;2020
19303;10;16;1;27;0;1;0;1;10;17;1;28;8;6;0;14;0;0;0;0;8;6;0;14;18;22;1;41;0;1;0;1;18;23;1;42;2020
19304;20;96;21;137;0;4;1;5;20;100;22;142;25;81;16;122;0;4;1;5;25;85;17;127;45;177;37;259;0;8;2;10;45;185;39;269;2020
19305;36;48;1;85;0;0;0;0;36;48;1;85;30;26;5;61;2;1;0;3;32;27;5;64;66;74;6;146;2;1;0;3;68;75;6;149;2020
19306;6;5;0;11;0;1;0;1;6;6;0;12;7;4;0;11;0;0;0;0;7;4;0;11;13;9;0;22;0;1;0;1;13;10;0;23;2020
19307;4;10;0;14;0;0;0;0;4;10;0;14;3;4;0;7;0;0;1;1;3;4;1;8;7;14;0;21;0;0;1;1;7;14;1;22;2020
19308;14;31;0;45;0;0;0;0;14;31;0;45;9;10;0;19;0;0;0;0;9;10;0;19;23;41;0;64;0;0;0;0;23;41;0;64;2020
19309;3;9;0;12;0;0;0;0;3;9;0;12;2;7;0;9;0;1;0;1;2;8;0;10;5;16;0;21;0;1;0;1;5;17;0;22;2020
19310;1;3;0;4;0;0;0;0;1;3;0;4;2;1;0;3;0;0;0;0;2;1;0;3;3;4;0;7;0;0;0;0;3;4;0;7;2020
19311;16;30;1;47;1;2;0;3;17;32;1;50;21;18;2;41;0;2;0;2;21;20;2;43;37;48;3;88;1;4;0;5;38;52;3;93;2020
19314;11;19;0;30;0;0;0;0;11;19;0;30;9;5;0;14;0;0;0;0;9;5;0;14;20;24;0;44;0;0;0;0;20;24;0;44;2020
19317;23;41;3;67;0;8;7;15;23;49;10;82;34;24;0;58;0;7;1;8;34;31;1;66;57;65;3;125;0;15;8;23;57;80;11;148;2020
19318;12;5;4;21;0;0;0;0;12;5;4;21;2;8;6;16;0;0;0;0;2;8;6;16;14;13;10;37;0;0;0;0;14;13;10;37;2020
19319;247;2200;685;3132;14;164;37;215;261;2364;722;3347;279;2151;647;3077;10;163;34;207;289;2314;681;3284;526;4351;1332;6209;24;327;71;422;550;4678;1403;6631;2020
19321;16;7;1;24;0;3;1;4;16;10;2;28;10;0;0;10;1;3;1;5;11;3;1;15;26;7;1;34;1;6;2;9;27;13;3;43;2020
19322;4;7;1;12;0;0;0;0;4;7;1;12;9;4;0;13;0;0;0;0;9;4;0;13;13;11;1;25;0;0;0;0;13;11;1;25;2020
19323;7;11;1;19;0;0;1;1;7;11;2;20;4;14;0;18;0;1;0;1;4;15;0;19;11;25;1;37;0;1;1;2;11;26;2;39;2020
19324;46;48;2;96;0;5;3;8;46;53;5;104;36;30;1;67;0;5;2;7;36;35;3;74;82;78;3;163;0;10;5;15;82;88;8;178;2020
19325;32;50;2;84;0;0;0;0;32;50;2;84;38;38;2;78;0;0;0;0;38;38;2;78;70;88;4;162;0;0;0;0;70;88;4;162;2020
19326;111;1287;430;1828;16;276;68;360;127;1563;498;2188;101;1115;403;1619;22;303;57;382;123;1418;460;2001;212;2402;833;3447;38;579;125;742;250;2981;958;4189;2020
19327;63;139;13;215;0;21;10;31;63;160;23;246;69;103;15;187;0;14;6;20;69;117;21;207;132;242;28;402;0;35;16;51;132;277;44;453;2020
19329;12;15;1;28;0;4;1;5;12;19;2;33;14;10;2;26;0;2;2;4;14;12;4;30;26;25;3;54;0;6;3;9;26;31;6;63;2020
19330;16;25;0;41;0;3;0;3;16;28;0;44;12;15;2;29;0;1;0;1;12;16;2;30;28;40;2;70;0;4;0;4;28;44;2;74;2020
19331;234;1179;343;1756;3;302;94;399;237;1481;437;2155;270;1091;327;1688;9;265;88;362;279;1356;415;2050;504;2270;670;3444;12;567;182;761;516;2837;852;4205;2020
19332;20;30;2;52;0;1;0;1;20;31;2;53;18;17;2;37;0;0;0;0;18;17;2;37;38;47;4;89;0;1;0;1;38;48;4;90;2020
19333;34;30;1;65;0;7;0;7;34;37;1;72;18;12;0;30;0;2;0;2;18;14;0;32;52;42;1;95;0;9;0;9;52;51;1;104;2020
19334;14;13;0;27;0;0;0;0;14;13;0;27;10;5;0;15;0;0;0;0;10;5;0;15;24;18;0;42;0;0;0;0;24;18;0;42;2020
19335;9;20;2;31;0;4;1;5;9;24;3;36;11;9;3;23;0;9;2;11;11;18;5;34;20;29;5;54;0;13;3;16;20;42;8;70;2020
19901;8;12;0;20;0;0;0;0;8;12;0;20;12;3;0;15;0;0;0;0;12;3;0;15;20;15;0;35;0;0;0;0;20;15;0;35;2020
20001;25;119;29;173;0;2;0;2;25;121;29;175;27;90;23;140;0;3;0;3;27;93;23;143;52;209;52;313;0;5;0;5;52;214;52;318;2020
20002;36;160;57;253;0;1;0;1;36;161;57;254;35;131;50;216;0;2;0;2;35;133;50;218;71;291;107;469;0;3;0;3;71;294;107;472;2020
20003;70;219;82;371;0;18;6;24;70;237;88;395;58;209;87;354;0;28;2;30;58;237;89;384;128;428;169;725;0;46;8;54;128;474;177;779;2020
20004;24;94;37;155;0;1;0;1;24;95;37;156;28;82;32;142;0;4;0;4;28;86;32;146;52;176;69;297;0;5;0;5;52;181;69;302;2020
20005;174;489;135;798;2;84;25;111;176;573;160;909;190;456;120;766;0;75;18;93;190;531;138;859;364;945;255;1564;2;159;43;204;366;1104;298;1768;2020
20006;26;107;43;176;1;2;1;4;27;109;44;180;30;106;50;186;1;4;0;5;31;110;50;191;56;213;93;362;2;6;1;9;58;219;94;371;2020
20007;39;149;36;224;0;13;0;13;39;162;36;237;28;133;47;208;1;12;2;15;29;145;49;223;67;282;83;432;1;25;2;28;68;307;85;460;2020
20008;101;297;85;483;0;17;1;18;101;314;86;501;92;246;69;407;1;23;3;27;93;269;72;434;193;543;154;890;1;40;4;45;194;583;158;935;2020
20009;1491;4226;1089;6806;6;376;108;490;1497;4602;1197;7296;1902;3942;1068;6912;16;373;94;483;1918;4315;1162;7395;3393;8168;2157;13718;22;749;202;973;3415;8917;2359;14691;2020
20010;165;618;187;970;4;77;25;106;169;695;212;1076;180;593;158;931;3;62;13;78;183;655;171;1009;345;1211;345;1901;7;139;38;184;352;1350;383;2085;2020
20011;198;631;179;1008;1;38;6;45;199;669;185;1053;238;583;189;1010;1;31;7;39;239;614;196;1049;436;1214;368;2018;2;69;13;84;438;1283;381;2102;2020
20012;18;57;17;92;1;5;1;7;19;62;18;99;19;56;15;90;1;12;0;13;20;68;15;103;37;113;32;182;2;17;1;20;39;130;33;202;2020
20013;692;2071;617;3380;3;170;28;201;695;2241;645;3581;848;1923;551;3322;8;173;19;200;856;2096;570;3522;1540;3994;1168;6702;11;343;47;401;1551;4337;1215;7103;2020
20014;135;484;140;759;2;38;3;43;137;522;143;802;128;443;133;704;2;42;11;55;130;485;144;759;263;927;273;1463;4;80;14;98;267;1007;287;1561;2020
20015;182;470;178;830;4;37;6;47;186;507;184;877;195;411;162;768;4;40;7;51;199;451;169;819;377;881;340;1598;8;77;13;98;385;958;353;1696;2020
20016;177;643;209;1029;2;43;4;49;179;686;213;1078;151;575;182;908;7;42;4;53;158;617;186;961;328;1218;391;1937;9;85;8;102;337;1303;399;2039;2020
20017;1011;3281;949;5241;7;404;131;542;1018;3685;1080;5783;1242;3092;945;5279;11;407;147;565;1253;3499;1092;5844;2253;6373;1894;10520;18;811;278;1107;2271;7184;2172;11627;2020
20018;1428;4243;1236;6907;9;501;130;640;1437;4744;1366;7547;1731;4116;1128;6975;17;457;110;584;1748;4573;1238;7559;3159;8359;2364;13882;26;958;240;1224;3185;9317;2604;15106;2020
20019;1222;3687;1041;5950;15;794;244;1053;1237;4481;1285;7003;1542;3612;952;6106;25;607;197;829;1567;4219;1149;6935;2764;7299;1993;12056;40;1401;441;1882;2804;8700;2434;13938;2020
20020;19;51;15;85;0;3;0;3;19;54;15;88;9;37;9;55;0;2;1;3;9;39;10;58;28;88;24;140;0;5;1;6;28;93;25;146;2020
20021;35;70;20;125;0;7;0;7;35;77;20;132;29;59;17;105;0;6;0;6;29;65;17;111;64;129;37;230;0;13;0;13;64;142;37;243;2020
20022;110;354;81;545;0;7;1;8;110;361;82;553;108;301;99;508;0;13;1;14;108;314;100;522;218;655;180;1053;0;20;2;22;218;675;182;1075;2020
20023;58;174;54;286;0;26;6;32;58;200;60;318;56;156;46;258;2;19;4;25;58;175;50;283;114;330;100;544;2;45;10;57;116;375;110;601;2020
20024;50;173;51;274;0;11;0;11;50;184;51;285;32;153;41;226;2;11;1;14;34;164;42;240;82;326;92;500;2;22;1;25;84;348;93;525;2020
20025;131;435;145;711;0;43;14;57;131;478;159;768;166;381;147;694;1;49;12;62;167;430;159;756;297;816;292;1405;1;92;26;119;298;908;318;1524;2020
20026;37;68;17;122;1;8;0;9;38;76;17;131;35;72;29;136;1;2;0;3;36;74;29;139;72;140;46;258;2;10;0;12;74;150;46;270;2020
20027;340;1114;363;1817;4;122;27;153;344;1236;390;1970;376;989;283;1648;4;122;28;154;380;1111;311;1802;716;2103;646;3465;8;244;55;307;724;2347;701;3772;2020
20028;302;845;225;1372;3;127;24;154;305;972;249;1526;332;817;235;1384;3;91;21;115;335;908;256;1499;634;1662;460;2756;6;218;45;269;640;1880;505;3025;2020
20029;598;1550;382;2530;6;152;19;177;604;1702;401;2707;690;1538;352;2580;4;151;18;173;694;1689;370;2753;1288;3088;734;5110;10;303;37;350;1298;3391;771;5460;2020
20030;2894;7367;1835;12096;26;1102;290;1418;2920;8469;2125;13514;3905;7260;1759;12924;36;1043;252;1331;3941;8303;2011;14255;6799;14627;3594;25020;62;2145;542;2749;6861;16772;4136;27769;2020
20031;21;77;23;121;0;1;0;1;21;78;23;122;26;64;24;114;0;7;0;7;26;71;24;121;47;141;47;235;0;8;0;8;47;149;47;243;2020
20032;1129;3171;855;5155;10;423;121;554;1139;3594;976;5709;1471;2984;874;5329;20;413;99;532;1491;3397;973;5861;2600;6155;1729;10484;30;836;220;1086;2630;6991;1949;11570;2020
20033;87;350;100;537;2;30;3;35;89;380;103;572;107;325;100;532;2;24;1;27;109;349;101;559;194;675;200;1069;4;54;4;62;198;729;204;1131;2020
20034;410;1217;289;1916;4;99;26;129;414;1316;315;2045;495;1148;293;1936;8;93;24;125;503;1241;317;2061;905;2365;582;3852;12;192;50;254;917;2557;632;4106;2020
20035;72;181;49;302;0;11;3;14;72;192;52;316;64;164;40;268;1;13;3;17;65;177;43;285;136;345;89;570;1;24;6;31;137;369;95;601;2020
20036;1707;4927;1257;7891;29;413;82;524;1736;5340;1339;8415;2116;4737;1142;7995;32;381;58;471;2148;5118;1200;8466;3823;9664;2399;15886;61;794;140;995;3884;10458;2539;16881;2020
20037;17;39;11;67;0;3;0;3;17;42;11;70;9;31;9;49;0;2;0;2;9;33;9;51;26;70;20;116;0;5;0;5;26;75;20;121;2020
20038;55;160;39;254;1;10;0;11;56;170;39;265;46;141;33;220;0;10;0;10;46;151;33;230;101;301;72;474;1;20;0;21;102;321;72;495;2020
20039;245;836;212;1293;2;96;17;115;247;932;229;1408;298;774;188;1260;6;99;23;128;304;873;211;1388;543;1610;400;2553;8;195;40;243;551;1805;440;2796;2020
20040;1757;6037;1466;9260;24;595;111;730;1781;6632;1577;9990;2341;5959;1387;9687;34;610;117;761;2375;6569;1504;10448;4098;11996;2853;18947;58;1205;228;1491;4156;13201;3081;20438;2020
20041;39;95;21;155;0;6;0;6;39;101;21;161;27;93;16;136;3;3;0;6;30;96;16;142;66;188;37;291;3;9;0;12;69;197;37;303;2020
20042;457;1115;329;1901;3;161;46;210;460;1276;375;2111;565;1115;279;1959;2;137;39;178;567;1252;318;2137;1022;2230;608;3860;5;298;85;388;1027;2528;693;4248;2020
20043;244;631;217;1092;4;55;6;65;248;686;223;1157;280;609;199;1088;2;39;7;48;282;648;206;1136;524;1240;416;2180;6;94;13;113;530;1334;429;2293;2020
20044;46;135;37;218;1;21;7;29;47;156;44;247;48;125;32;205;0;21;6;27;48;146;38;232;94;260;69;423;1;42;13;56;95;302;82;479;2020
20045;5750;17277;4103;27130;108;2932;589;3629;5858;20209;4692;30759;7818;16988;3939;28745;130;2749;527;3406;7948;19737;4466;32151;13568;34265;8042;55875;238;5681;1116;7035;13806;39946;9158;62910;2020
20046;83;578;211;872;1;89;16;106;84;667;227;978;105;504;185;794;1;68;11;80;106;572;196;874;188;1082;396;1666;2;157;27;186;190;1239;423;1852;2020
20047;51;194;58;303;0;36;8;44;51;230;66;347;63;159;58;280;1;27;13;41;64;186;71;321;114;353;116;583;1;63;21;85;115;416;137;668;2020
20048;19;92;29;140;0;4;0;4;19;96;29;144;11;73;25;109;1;2;0;3;12;75;25;112;30;165;54;249;1;6;0;7;31;171;54;256;2020
20049;469;1678;447;2594;4;257;73;334;473;1935;520;2928;602;1523;462;2587;6;232;77;315;608;1755;539;2902;1071;3201;909;5181;10;489;150;649;1081;3690;1059;5830;2020
20050;47;110;31;188;0;13;3;16;47;123;34;204;37;93;26;156;0;22;4;26;37;115;30;182;84;203;57;344;0;35;7;42;84;238;64;386;2020
20051;980;2462;571;4013;1;154;36;191;981;2616;607;4204;1171;2231;512;3914;5;160;38;203;1176;2391;550;4117;2151;4693;1083;7927;6;314;74;394;2157;5007;1157;8321;2020
20052;147;381;107;635;1;68;18;87;148;449;125;722;176;354;107;637;3;50;9;62;179;404;116;699;323;735;214;1272;4;118;27;149;327;853;241;1421;2020
20053;528;1930;450;2908;4;121;24;149;532;2051;474;3057;581;1909;416;2906;6;118;16;140;587;2027;432;3046;1109;3839;866;5814;10;239;40;289;1119;4078;906;6103;2020
20054;74;181;36;291;1;27;6;34;75;208;42;325;62;154;55;271;0;17;4;21;62;171;59;292;136;335;91;562;1;44;10;55;137;379;101;617;2020
20055;2402;6178;1405;9985;15;699;134;848;2417;6877;1539;10833;3109;5841;1400;10350;29;739;122;890;3138;6580;1522;11240;5511;12019;2805;20335;44;1438;256;1738;5555;13457;3061;22073;2020
20056;502;1536;403;2441;9;175;37;221;511;1711;440;2662;606;1490;376;2472;2;134;39;175;608;1624;415;2647;1108;3026;779;4913;11;309;76;396;1119;3335;855;5309;2020
20057;26;84;26;136;0;1;1;2;26;85;27;138;28;66;23;117;0;0;0;0;28;66;23;117;54;150;49;253;0;1;1;2;54;151;50;255;2020
20058;108;277;57;442;1;34;7;42;109;311;64;484;143;227;66;436;2;30;5;37;145;257;71;473;251;504;123;878;3;64;12;79;254;568;135;957;2020
20059;1184;3211;961;5356;8;238;46;292;1192;3449;1007;5648;1461;3154;888;5503;13;276;57;346;1474;3430;945;5849;2645;6365;1849;10859;21;514;103;638;2666;6879;1952;11497;2020
20060;11;36;18;65;0;1;0;1;11;37;18;66;10;33;8;51;0;0;0;0;10;33;8;51;21;69;26;116;0;1;0;1;21;70;26;117;2020
20061;475;1790;541;2806;8;194;50;252;483;1984;591;3058;533;1748;507;2788;7;194;44;245;540;1942;551;3033;1008;3538;1048;5594;15;388;94;497;1023;3926;1142;6091;2020
20062;133;350;108;591;1;30;12;43;134;380;120;634;142;325;112;579;3;38;4;45;145;363;116;624;275;675;220;1170;4;68;16;88;279;743;236;1258;2020
20063;936;3078;812;4826;10;200;42;252;946;3278;854;5078;1114;3093;784;4991;12;191;37;240;1126;3284;821;5231;2050;6171;1596;9817;22;391;79;492;2072;6562;1675;10309;2020
20064;1366;4568;1042;6976;17;621;102;740;1383;5189;1144;7716;2143;4453;1015;7611;29;580;99;708;2172;5033;1114;8319;3509;9021;2057;14587;46;1201;201;1448;3555;10222;2258;16035;2020
20065;391;1051;281;1723;4;183;59;246;395;1234;340;1969;536;965;234;1735;5;164;50;219;541;1129;284;1954;927;2016;515;3458;9;347;109;465;936;2363;624;3923;2020
20066;51;182;56;289;1;16;0;17;52;198;56;306;51;162;45;258;3;10;1;14;54;172;46;272;102;344;101;547;4;26;1;31;106;370;102;578;2020
20067;3849;11101;2643;17593;34;1218;267;1519;3883;12319;2910;19112;5452;10845;2546;18843;41;1269;275;1585;5493;12114;2821;20428;9301;21946;5189;36436;75;2487;542;3104;9376;24433;5731;39540;2020
20068;27;77;11;115;0;5;0;5;27;82;11;120;21;56;17;94;0;3;0;3;21;59;17;97;48;133;28;209;0;8;0;8;48;141;28;217;2020
20069;18210;51660;11594;81464;277;6038;1046;7361;18487;57698;12640;88825;26861;53264;10941;91066;374;7054;921;8349;27235;60318;11862;99415;45071;104924;22535;172530;651;13092;1967;15710;45722;118016;24502;188240;2020
20070;145;404;136;685;0;56;7;63;145;460;143;748;143;405;140;688;2;47;9;58;145;452;149;746;288;809;276;1373;2;103;16;121;290;912;292;1494;2020
20071;1810;5488;1480;8778;10;609;146;765;1820;6097;1626;9543;2570;5478;1377;9425;19;695;134;848;2589;6173;1511;10273;4380;10966;2857;18203;29;1304;280;1613;4409;12270;3137;19816;2020
20072;467;1991;472;2930;10;150;18;178;477;2141;490;3108;543;1899;450;2892;11;152;22;185;554;2051;472;3077;1010;3890;922;5822;21;302;40;363;1031;4192;962;6185;2020
20073;529;1872;543;2944;2;108;34;144;531;1980;577;3088;653;1780;485;2918;7;138;22;167;660;1918;507;3085;1182;3652;1028;5862;9;246;56;311;1191;3898;1084;6173;2020
20074;1519;4199;1016;6734;10;446;77;533;1529;4645;1093;7267;1964;3969;954;6887;15;428;62;505;1979;4397;1016;7392;3483;8168;1970;13621;25;874;139;1038;3508;9042;2109;14659;2020
20075;559;1627;427;2613;4;265;57;326;563;1892;484;2939;644;1597;370;2611;5;250;71;326;649;1847;441;2937;1203;3224;797;5224;9;515;128;652;1212;3739;925;5876;2020
20076;833;2617;718;4168;14;797;243;1054;847;3414;961;5222;1156;2540;645;4341;18;668;254;940;1174;3208;899;5281;1989;5157;1363;8509;32;1465;497;1994;2021;6622;1860;10503;2020
20077;644;1980;503;3127;1;172;41;214;645;2152;544;3341;854;1924;452;3230;5;172;34;211;859;2096;486;3441;1498;3904;955;6357;6;344;75;425;1504;4248;1030;6782;2020
20078;170;416;120;706;3;90;35;128;173;506;155;834;170;410;119;699;2;71;31;104;172;481;150;803;340;826;239;1405;5;161;66;232;345;987;305;1637;2020
20079;2129;6851;1714;10694;17;543;90;650;2146;7394;1804;11344;2675;6959;1655;11289;34;604;89;727;2709;7563;1744;12016;4804;13810;3369;21983;51;1147;179;1377;4855;14957;3548;23360;2020
20080;1025;2823;629;4477;7;270;78;355;1032;3093;707;4832;1357;2610;635;4602;12;271;64;347;1369;2881;699;4949;2382;5433;1264;9079;19;541;142;702;2401;5974;1406;9781;2020
20081;887;3003;877;4767;8;201;48;257;895;3204;925;5024;1051;2911;815;4777;9;247;54;310;1060;3158;869;5087;1938;5914;1692;9544;17;448;102;567;1955;6362;1794;10111;2020
20901;164;556;203;923;2;59;16;77;166;615;219;1000;188;525;176;889;4;68;15;87;192;593;191;976;352;1081;379;1812;6;127;31;164;358;1208;410;1976;2020
20902;1991;5042;1234;8267;14;602;116;732;2005;5644;1350;8999;2520;5029;1211;8760;27;666;142;835;2547;5695;1353;9595;4511;10071;2445;17027;41;1268;258;1567;4552;11339;2703;18594;2020
20903;392;2331;709;3432;14;111;21;146;406;2442;730;3578;412;2173;700;3285;10;137;19;166;422;2310;719;3451;804;4504;1409;6717;24;248;40;312;828;4752;1449;7029;2020
20904;8;40;29;77;0;8;1;9;8;48;30;86;11;35;15;61;0;6;0;6;11;41;15;67;19;75;44;138;0;14;1;15;19;89;45;153;2020
20905;17;71;20;108;0;3;0;3;17;74;20;111;18;61;30;109;0;7;0;7;18;68;30;116;35;132;50;217;0;10;0;10;35;142;50;227;2020
20906;19;44;20;83;0;2;1;3;19;46;21;86;15;52;21;88;0;3;1;4;15;55;22;92;34;96;41;171;0;5;2;7;34;101;43;178;2020
20907;18;50;12;80;0;1;0;1;18;51;12;81;12;39;16;67;0;5;1;6;12;44;17;73;30;89;28;147;0;6;1;7;30;95;29;154;2020
21001;61;270;41;372;4;17;0;21;65;287;41;393;81;214;48;343;4;19;0;23;85;233;48;366;142;484;89;715;8;36;0;44;150;520;89;759;2020
21002;1088;7094;2268;10450;24;176;33;233;1112;7270;2301;10683;1148;7158;2162;10468;27;262;34;323;1175;7420;2196;10791;2236;14252;4430;20918;51;438;67;556;2287;14690;4497;21474;2020
21003;90;279;53;422;6;10;2;18;96;289;55;440;92;235;54;381;1;15;3;19;93;250;57;400;182;514;107;803;7;25;5;37;189;539;112;840;2020
21004;186;681;76;943;2;12;3;17;188;693;79;960;238;488;81;807;1;17;3;21;239;505;84;828;424;1169;157;1750;3;29;6;38;427;1198;163;1788;2020
21005;1448;6598;1682;9728;31;1727;331;2089;1479;8325;2013;11817;1627;6454;1591;9672;35;2655;328;3018;1662;9109;1919;12690;3075;13052;3273;19400;66;4382;659;5107;3141;17434;3932;24507;2020
21006;390;1261;230;1881;1;43;11;55;391;1304;241;1936;538;1151;244;1933;3;52;9;64;541;1203;253;1997;928;2412;474;3814;4;95;20;119;932;2507;494;3933;2020
21007;603;2622;704;3929;8;98;24;130;611;2720;728;4059;784;2543;717;4044;7;127;18;152;791;2670;735;4196;1387;5165;1421;7973;15;225;42;282;1402;5390;1463;8255;2020
21008;266;1032;213;1511;1;7;3;11;267;1039;216;1522;364;974;180;1518;2;11;1;14;366;985;181;1532;630;2006;393;3029;3;18;4;25;633;2024;397;3054;2020
21009;111;318;54;483;0;1;0;1;111;319;54;484;139;270;51;460;0;3;0;3;139;273;51;463;250;588;105;943;0;4;0;4;250;592;105;947;2020
21010;1314;6116;1635;9065;262;1110;137;1509;1576;7226;1772;10574;1708;6035;1472;9215;206;973;136;1315;1914;7008;1608;10530;3022;12151;3107;18280;468;2083;273;2824;3490;14234;3380;21104;2020
21011;406;1370;307;2083;7;69;19;95;413;1439;326;2178;512;1246;304;2062;7;82;12;101;519;1328;316;2163;918;2616;611;4145;14;151;31;196;932;2767;642;4341;2020
21012;42;97;5;144;1;4;0;5;43;101;5;149;58;83;7;148;0;6;0;6;58;89;7;154;100;180;12;292;1;10;0;11;101;190;12;303;2020
21013;1164;4212;1121;6497;10;504;139;653;1174;4716;1260;7150;1373;4100;1013;6486;11;593;147;751;1384;4693;1160;7237;2537;8312;2134;12983;21;1097;286;1404;2558;9409;2420;14387;2020
21014;408;1677;456;2541;18;416;52;486;426;2093;508;3027;526;1553;428;2507;16;458;52;526;542;2011;480;3033;934;3230;884;5048;34;874;104;1012;968;4104;988;6060;2020
21015;75;266;26;367;1;3;0;4;76;269;26;371;102;202;21;325;1;9;0;10;103;211;21;335;177;468;47;692;2;12;0;14;179;480;47;706;2020
21016;90;413;75;578;0;7;1;8;90;420;76;586;153;348;55;556;0;17;0;17;153;365;55;573;243;761;130;1134;0;24;1;25;243;785;131;1159;2020
21017;242;934;228;1404;1;13;1;15;243;947;229;1419;326;801;197;1324;2;23;0;25;328;824;197;1349;568;1735;425;2728;3;36;1;40;571;1771;426;2768;2020
21018;197;641;130;968;1;9;1;11;198;650;131;979;256;632;134;1022;0;20;3;23;256;652;137;1045;453;1273;264;1990;1;29;4;34;454;1302;268;2024;2020
21019;82;225;48;355;0;6;0;6;82;231;48;361;86;211;47;344;0;8;0;8;86;219;47;352;168;436;95;699;0;14;0;14;168;450;95;713;2020
21020;48;132;17;197;1;0;0;1;49;132;17;198;68;102;25;195;2;1;0;3;70;103;25;198;116;234;42;392;3;1;0;4;119;235;42;396;2020
21021;1071;5386;1562;8019;55;1752;412;2219;1126;7138;1974;10238;1214;5108;1451;7773;53;1665;354;2072;1267;6773;1805;9845;2285;10494;3013;15792;108;3417;766;4291;2393;13911;3779;20083;2020
21022;19;86;7;112;2;8;0;10;21;94;7;122;18;68;6;92;2;11;1;14;20;79;7;106;37;154;13;204;4;19;1;24;41;173;14;228;2020
21023;258;750;132;1140;1;12;0;13;259;762;132;1153;336;685;145;1166;0;8;0;8;336;693;145;1174;594;1435;277;2306;1;20;0;21;595;1455;277;2327;2020
21024;49;192;29;270;0;11;0;11;49;203;29;281;71;148;26;245;2;7;1;10;73;155;27;255;120;340;55;515;2;18;1;21;122;358;56;536;2020
21025;461;1500;322;2283;4;41;5;50;465;1541;327;2333;552;1378;286;2216;2;46;5;53;554;1424;291;2269;1013;2878;608;4499;6;87;10;103;1019;2965;618;4602;2020
21026;25;96;15;136;0;6;0;6;25;102;15;142;44;89;18;151;1;5;0;6;45;94;18;157;69;185;33;287;1;11;0;12;70;196;33;299;2020
21027;3;22;2;27;1;3;0;4;4;25;2;31;8;12;0;20;0;0;0;0;8;12;0;20;11;34;2;47;1;3;0;4;12;37;2;51;2020
21028;41;133;10;184;1;1;0;2;42;134;10;186;82;105;3;190;0;0;0;0;82;105;3;190;123;238;13;374;1;1;0;2;124;239;13;376;2020
21029;168;582;109;859;1;7;1;9;169;589;110;868;231;530;100;861;0;19;1;20;231;549;101;881;399;1112;209;1720;1;26;2;29;400;1138;211;1749;2020
21030;191;759;156;1106;0;9;3;12;191;768;159;1118;235;674;177;1086;0;16;3;19;235;690;180;1105;426;1433;333;2192;0;25;6;31;426;1458;339;2223;2020
21031;168;421;67;656;0;9;0;9;168;430;67;665;230;347;58;635;0;10;0;10;230;357;58;645;398;768;125;1291;0;19;0;19;398;787;125;1310;2020
21032;187;710;196;1093;1;14;4;19;188;724;200;1112;239;695;206;1140;2;28;5;35;241;723;211;1175;426;1405;402;2233;3;42;9;54;429;1447;411;2287;2020
21033;53;236;59;348;2;8;1;11;55;244;60;359;61;215;59;335;0;12;3;15;61;227;62;350;114;451;118;683;2;20;4;26;116;471;122;709;2020
21034;131;436;93;660;1;20;3;24;132;456;96;684;177;421;74;672;3;21;2;26;180;442;76;698;308;857;167;1332;4;41;5;50;312;898;172;1382;2020
21035;963;4037;1079;6079;14;205;44;263;977;4242;1123;6342;1079;3875;1023;5977;10;380;28;418;1089;4255;1051;6395;2042;7912;2102;12056;24;585;72;681;2066;8497;2174;12737;2020
21036;28;76;13;117;0;5;0;5;28;81;13;122;27;70;17;114;0;5;2;7;27;75;19;121;55;146;30;231;0;10;2;12;55;156;32;243;2020
21037;70;180;20;270;7;6;0;13;77;186;20;283;73;149;18;240;1;8;0;9;74;157;18;249;143;329;38;510;8;14;0;22;151;343;38;532;2020
21038;134;448;74;656;1;13;3;17;135;461;77;673;166;352;81;599;2;14;3;19;168;366;84;618;300;800;155;1255;3;27;6;36;303;827;161;1291;2020
21039;44;102;21;167;0;0;0;0;44;102;21;167;50;93;19;162;0;1;0;1;50;94;19;163;94;195;40;329;0;1;0;1;94;196;40;330;2020
21040;378;1235;267;1880;6;84;23;113;384;1319;290;1993;413;1186;259;1858;7;91;12;110;420;1277;271;1968;791;2421;526;3738;13;175;35;223;804;2596;561;3961;2020
21041;11044;43295;11525;65864;108;2559;512;3179;11152;45854;12037;69043;15327;45241;10795;71363;128;2797;506;3431;15455;48038;11301;74794;26371;88536;22320;137227;236;5356;1018;6610;26607;93892;23338;143837;2020
21042;1347;6661;1801;9809;42;704;131;877;1389;7365;1932;10686;1620;6410;1673;9703;24;879;101;1004;1644;7289;1774;10707;2967;13071;3474;19512;66;1583;232;1881;3033;14654;3706;21393;2020
21043;174;784;146;1104;3;25;7;35;177;809;153;1139;232;710;155;1097;1;19;4;24;233;729;159;1121;406;1494;301;2201;4;44;11;59;410;1538;312;2260;2020
21044;1391;7947;2215;11553;85;2300;364;2749;1476;10247;2579;14302;1654;7622;2102;11378;65;1858;277;2200;1719;9480;2379;13578;3045;15569;4317;22931;150;4158;641;4949;3195;19727;4958;27880;2020
21045;18;92;12;122;1;2;1;4;19;94;13;126;33;78;20;131;0;3;2;5;33;81;22;136;51;170;32;253;1;5;3;9;52;175;35;262;2020
21046;168;703;206;1077;6;550;77;633;174;1253;283;1710;201;662;175;1038;5;445;63;513;206;1107;238;1551;369;1365;381;2115;11;995;140;1146;380;2360;521;3261;2020
21047;210;733;126;1069;1;9;1;11;211;742;127;1080;247;670;97;1014;1;20;3;24;248;690;100;1038;457;1403;223;2083;2;29;4;35;459;1432;227;2118;2020
21048;37;134;33;204;2;10;1;13;39;144;34;217;43;107;25;175;2;4;1;7;45;111;26;182;80;241;58;379;4;14;2;20;84;255;60;399;2020
21049;338;1261;231;1830;1;21;2;24;339;1282;233;1854;520;1162;233;1915;0;39;4;43;520;1201;237;1958;858;2423;464;3745;1;60;6;67;859;2483;470;3812;2020
21050;1144;5317;1587;8048;23;2556;299;2878;1167;7873;1886;10926;1334;5057;1472;7863;29;2742;307;3078;1363;7799;1779;10941;2478;10374;3059;15911;52;5298;606;5956;2530;15672;3665;21867;2020
21051;27;90;13;130;0;2;0;2;27;92;13;132;38;65;17;120;0;6;0;6;38;71;17;126;65;155;30;250;0;8;0;8;65;163;30;258;2020
21052;435;1663;330;2428;2;35;11;48;437;1698;341;2476;693;1607;323;2623;2;60;8;70;695;1667;331;2693;1128;3270;653;5051;4;95;19;118;1132;3365;672;5169;2020
21053;318;1321;329;1968;5;78;20;103;323;1399;349;2071;390;1260;304;1954;4;76;11;91;394;1336;315;2045;708;2581;633;3922;9;154;31;194;717;2735;664;4116;2020
21054;782;3341;1004;5127;6;197;74;277;788;3538;1078;5404;1000;3237;865;5102;10;229;56;295;1010;3466;921;5397;1782;6578;1869;10229;16;426;130;572;1798;7004;1999;10801;2020
21055;606;3238;956;4800;16;1012;143;1171;622;4250;1099;5971;672;2973;904;4549;15;1059;148;1222;687;4032;1052;5771;1278;6211;1860;9349;31;2071;291;2393;1309;8282;2151;11742;2020
21056;385;1131;229;1745;0;14;1;15;385;1145;230;1760;438;1017;212;1667;1;26;3;30;439;1043;215;1697;823;2148;441;3412;1;40;4;45;824;2188;445;3457;2020
21057;115;371;73;559;1;14;3;18;116;385;76;577;139;338;80;557;3;23;2;28;142;361;82;585;254;709;153;1116;4;37;5;46;258;746;158;1162;2020
21058;301;1012;246;1559;4;20;3;27;305;1032;249;1586;358;911;189;1458;3;38;7;48;361;949;196;1506;659;1923;435;3017;7;58;10;75;666;1981;445;3092;2020
21059;13;99;18;130;0;2;0;2;13;101;18;132;24;88;28;140;0;5;1;6;24;93;29;146;37;187;46;270;0;7;1;8;37;194;47;278;2020
21060;1239;5155;1135;7529;19;221;36;276;1258;5376;1171;7805;1346;4843;1050;7239;23;264;24;311;1369;5107;1074;7550;2585;9998;2185;14768;42;485;60;587;2627;10483;2245;15355;2020
21061;570;2055;536;3161;8;639;160;807;578;2694;696;3968;642;1895;471;3008;12;797;154;963;654;2692;625;3971;1212;3950;1007;6169;20;1436;314;1770;1232;5386;1321;7939;2020
21062;190;492;108;790;2;41;5;48;192;533;113;838;229;491;103;823;2;29;5;36;231;520;108;859;419;983;211;1613;4;70;10;84;423;1053;221;1697;2020
21063;306;1014;294;1614;5;216;36;257;311;1230;330;1871;341;979;259;1579;5;270;36;311;346;1249;295;1890;647;1993;553;3193;10;486;72;568;657;2479;625;3761;2020
21064;528;2901;915;4344;7;278;99;384;535;3179;1014;4728;639;2760;841;4240;14;364;65;443;653;3124;906;4683;1167;5661;1756;8584;21;642;164;827;1188;6303;1920;9411;2020
21065;37;99;14;150;19;30;0;49;56;129;14;199;43;85;26;154;17;27;6;50;60;112;32;204;80;184;40;304;36;57;6;99;116;241;46;403;2020
21066;78;187;27;292;5;22;3;30;83;209;30;322;87;136;34;257;4;29;2;35;91;165;36;292;165;323;61;549;9;51;5;65;174;374;66;614;2020
21067;41;148;21;210;2;7;1;10;43;155;22;220;63;154;32;249;1;5;0;6;64;159;32;255;104;302;53;459;3;12;1;16;107;314;54;475;2020
21068;128;326;50;504;1;12;0;13;129;338;50;517;167;296;55;518;1;7;0;8;168;303;55;526;295;622;105;1022;2;19;0;21;297;641;105;1043;2020
21069;174;690;164;1028;1;6;2;9;175;696;166;1037;199;619;152;970;0;14;1;15;199;633;153;985;373;1309;316;1998;1;20;3;24;374;1329;319;2022;2020
21070;634;2570;612;3816;5;71;13;89;639;2641;625;3905;755;2432;650;3837;4;94;22;120;759;2526;672;3957;1389;5002;1262;7653;9;165;35;209;1398;5167;1297;7862;2020
21071;25;71;10;106;1;1;0;2;26;72;10;108;38;69;14;121;0;2;0;2;38;71;14;123;63;140;24;227;1;3;0;4;64;143;24;231;2020
21072;1127;3911;1070;6108;10;130;19;159;1137;4041;1089;6267;1502;3816;960;6278;12;167;26;205;1514;3983;986;6483;2629;7727;2030;12386;22;297;45;364;2651;8024;2075;12750;2020
21073;191;810;192;1193;44;149;24;217;235;959;216;1410;223;707;214;1144;22;288;21;331;245;995;235;1475;414;1517;406;2337;66;437;45;548;480;1954;451;2885;2020
21074;305;1070;270;1645;1;13;4;18;306;1083;274;1663;386;1023;265;1674;1;27;1;29;387;1050;266;1703;691;2093;535;3319;2;40;5;47;693;2133;540;3366;2020
21075;50;111;16;177;0;2;2;4;50;113;18;181;73;107;20;200;0;5;1;6;73;112;21;206;123;218;36;377;0;7;3;10;123;225;39;387;2020
21076;219;868;190;1277;11;105;21;137;230;973;211;1414;290;797;171;1258;7;132;14;153;297;929;185;1411;509;1665;361;2535;18;237;35;290;527;1902;396;2825;2020
21077;218;689;163;1070;1;32;11;44;219;721;174;1114;253;610;158;1021;2;64;10;76;255;674;168;1097;471;1299;321;2091;3;96;21;120;474;1395;342;2211;2020
21078;298;1033;180;1511;3;16;2;21;301;1049;182;1532;417;912;162;1491;1;27;3;31;418;939;165;1522;715;1945;342;3002;4;43;5;52;719;1988;347;3054;2020
21079;78;272;49;399;1;9;4;14;79;281;53;413;104;220;49;373;1;9;0;10;105;229;49;383;182;492;98;772;2;18;4;24;184;510;102;796;2020
21902;119;474;40;633;0;1;0;1;119;475;40;634;186;375;51;612;1;6;0;7;187;381;51;619;305;849;91;1245;1;7;0;8;306;856;91;1253;2020
22001;36;84;10;130;0;3;2;5;36;87;12;135;39;61;15;115;1;6;1;8;40;67;16;123;75;145;25;245;1;9;3;13;76;154;28;258;2020
22002;17;33;5;55;2;13;0;15;19;46;5;70;14;33;8;55;3;11;0;14;17;44;8;69;31;66;13;110;5;24;0;29;36;90;13;139;2020
22003;24;50;14;88;0;8;2;10;24;58;16;98;19;45;10;74;0;7;1;8;19;52;11;82;43;95;24;162;0;15;3;18;43;110;27;180;2020
22004;27;43;1;71;0;0;0;0;27;43;1;71;28;22;2;52;0;2;0;2;28;24;2;54;55;65;3;123;0;2;0;2;55;67;3;125;2020
22006;48;108;8;164;1;6;0;7;49;114;8;171;29;88;17;134;0;6;2;8;29;94;19;142;77;196;25;298;1;12;2;15;78;208;27;313;2020
22007;115;262;62;439;4;131;21;156;119;393;83;595;135;232;44;411;0;74;19;93;135;306;63;504;250;494;106;850;4;205;40;249;254;699;146;1099;2020
22008;31;43;6;80;0;5;1;6;31;48;7;86;38;27;2;67;0;8;2;10;38;35;4;77;69;70;8;147;0;13;3;16;69;83;11;163;2020
22009;122;186;35;343;1;23;7;31;123;209;42;374;121;156;42;319;1;12;2;15;122;168;44;334;243;342;77;662;2;35;9;46;245;377;86;708;2020
22011;19;41;6;66;0;1;0;1;19;42;6;67;15;29;6;50;1;2;0;3;16;31;6;53;34;70;12;116;1;3;0;4;35;73;12;120;2020
22012;18;42;8;68;1;1;0;2;19;43;8;70;13;31;8;52;1;9;0;10;14;40;8;62;31;73;16;120;2;10;0;12;33;83;16;132;2020
22013;47;87;11;145;0;0;0;0;47;87;11;145;55;78;6;139;0;6;0;6;55;84;6;145;102;165;17;284;0;6;0;6;102;171;17;290;2020
22014;47;76;3;126;0;1;0;1;47;77;3;127;54;51;6;111;0;1;0;1;54;52;6;112;101;127;9;237;0;2;0;2;101;129;9;239;2020
22015;59;100;4;163;0;1;0;1;59;101;4;164;59;69;5;133;0;1;0;1;59;70;5;134;118;169;9;296;0;2;0;2;118;171;9;298;2020
22016;117;150;21;288;0;8;4;12;117;158;25;300;149;142;23;314;0;7;2;9;149;149;25;323;266;292;44;602;0;15;6;21;266;307;50;623;2020
22017;136;293;74;503;0;129;9;138;136;422;83;641;144;264;50;458;0;68;10;78;144;332;60;536;280;557;124;961;0;197;19;216;280;754;143;1177;2020
22018;59;109;12;180;2;12;4;18;61;121;16;198;74;67;11;152;0;11;1;12;74;78;12;164;133;176;23;332;2;23;5;30;135;199;28;362;2020
22019;32;59;10;101;0;2;0;2;32;61;10;103;33;54;7;94;1;2;0;3;34;56;7;97;65;113;17;195;1;4;0;5;66;117;17;200;2020
22020;19;40;3;62;0;3;0;3;19;43;3;65;23;34;5;62;1;2;0;3;24;36;5;65;42;74;8;124;1;5;0;6;43;79;8;130;2020
22021;281;686;164;1131;6;44;16;66;287;730;180;1197;341;601;169;1111;4;53;12;69;345;654;181;1180;622;1287;333;2242;10;97;28;135;632;1384;361;2377;2020
22022;93;195;41;329;1;8;2;11;94;203;43;340;92;178;40;310;0;16;0;16;92;194;40;326;185;373;81;639;1;24;2;27;186;397;83;666;2020
22023;75;124;24;223;0;13;1;14;75;137;25;237;76;113;19;208;0;8;4;12;76;121;23;220;151;237;43;431;0;21;5;26;151;258;48;457;2020
22024;40;81;12;133;5;18;5;28;45;99;17;161;33;69;13;115;8;26;2;36;41;95;15;151;73;150;25;248;13;44;7;64;86;194;32;312;2020
22025;153;374;76;603;1;139;28;168;154;513;104;771;206;293;73;572;0;57;20;77;206;350;93;649;359;667;149;1175;1;196;48;245;360;863;197;1420;2020
22027;60;112;8;180;0;8;0;8;60;120;8;188;59;83;9;151;0;12;2;14;59;95;11;165;119;195;17;331;0;20;2;22;119;215;19;353;2020
22028;70;105;17;192;0;2;0;2;70;107;17;194;73;102;15;190;0;2;0;2;73;104;15;192;143;207;32;382;0;4;0;4;143;211;32;386;2020
22029;26;36;7;69;0;1;0;1;26;37;7;70;24;29;9;62;0;3;0;3;24;32;9;65;50;65;16;131;0;4;0;4;50;69;16;135;2020
22032;14;40;6;60;0;0;0;0;14;40;6;60;20;28;3;51;0;0;0;0;20;28;3;51;34;68;9;111;0;0;0;0;34;68;9;111;2020
22035;46;75;12;133;2;36;0;38;48;111;12;171;46;59;10;115;0;20;2;22;46;79;12;137;92;134;22;248;2;56;2;60;94;190;24;308;2020
22036;23;26;6;55;0;2;0;2;23;28;6;57;17;17;4;38;0;0;0;0;17;17;4;38;40;43;10;93;0;2;0;2;40;45;10;95;2020
22037;14;52;4;70;0;0;1;1;14;52;5;71;13;34;5;52;0;2;0;2;13;36;5;54;27;86;9;122;0;2;1;3;27;88;10;125;2020
22039;147;271;62;480;3;19;5;27;150;290;67;507;165;249;63;477;1;24;8;33;166;273;71;510;312;520;125;957;4;43;13;60;316;563;138;1017;2020
22040;28;42;9;79;0;3;0;3;28;45;9;82;31;45;8;84;1;2;1;4;32;47;9;88;59;87;17;163;1;5;1;7;60;92;18;170;2020
22041;27;46;8;81;0;2;0;2;27;48;8;83;28;41;5;74;0;0;0;0;28;41;5;74;55;87;13;155;0;2;0;2;55;89;13;157;2020
22042;20;39;2;61;0;4;0;4;20;43;2;65;27;28;14;69;0;4;0;4;27;32;14;73;47;67;16;130;0;8;0;8;47;75;16;138;2020
22043;28;25;1;54;0;1;0;1;28;26;1;55;18;19;4;41;0;1;0;1;18;20;4;42;46;44;5;95;0;2;0;2;46;46;5;97;2020
22044;42;96;10;148;1;3;2;6;43;99;12;154;31;62;8;101;4;2;0;6;35;64;8;107;73;158;18;249;5;5;2;12;78;163;20;261;2020
22045;16;21;1;38;0;0;0;0;16;21;1;38;12;13;1;26;0;0;0;0;12;13;1;26;28;34;2;64;0;0;0;0;28;34;2;64;2020
22046;136;212;48;396;0;32;6;38;136;244;54;434;125;211;43;379;0;17;3;20;125;228;46;399;261;423;91;775;0;49;9;58;261;472;100;833;2020
22047;30;106;20;156;0;2;0;2;30;108;20;158;28;92;26;146;1;3;2;6;29;95;28;152;58;198;46;302;1;5;2;8;59;203;48;310;2020
22048;1538;4653;1239;7430;25;746;163;934;1563;5399;1402;8364;1959;4689;1208;7856;43;772;139;954;2002;5461;1347;8810;3497;9342;2447;15286;68;1518;302;1888;3565;10860;2749;17174;2020
22049;9;36;2;47;0;2;1;3;9;38;3;50;13;19;0;32;0;3;1;4;13;22;1;36;22;55;2;79;0;5;2;7;22;60;4;86;2020
22050;18;28;0;46;0;1;0;1;18;29;0;47;25;21;2;48;0;1;0;1;25;22;2;49;43;49;2;94;0;2;0;2;43;51;2;96;2020
22051;15;33;2;50;1;4;0;5;16;37;2;55;18;23;0;41;2;4;0;6;20;27;0;47;33;56;2;91;3;8;0;11;36;64;2;102;2020
22052;166;305;75;546;1;196;19;216;167;501;94;762;167;243;61;471;2;56;10;68;169;299;71;539;333;548;136;1017;3;252;29;284;336;800;165;1301;2020
22053;156;257;68;481;5;83;27;115;161;340;95;596;168;216;53;437;4;90;15;109;172;306;68;546;324;473;121;918;9;173;42;224;333;646;163;1142;2020
22054;131;765;186;1082;2;85;10;97;133;850;196;1179;121;637;124;882;4;107;12;123;125;744;136;1005;252;1402;310;1964;6;192;22;220;258;1594;332;2184;2020
22055;48;116;6;170;0;2;1;3;48;118;7;173;51;88;9;148;0;6;0;6;51;94;9;154;99;204;15;318;0;8;1;9;99;212;16;327;2020
22057;54;142;22;218;0;16;1;17;54;158;23;235;61;109;22;192;1;20;0;21;62;129;22;213;115;251;44;410;1;36;1;38;116;287;45;448;2020
22058;38;76;13;127;1;10;1;12;39;86;14;139;28;54;11;93;2;18;0;20;30;72;11;113;66;130;24;220;3;28;1;32;69;158;25;252;2020
22059;156;463;90;709;2;55;10;67;158;518;100;776;147;392;87;626;4;59;9;72;151;451;96;698;303;855;177;1335;6;114;19;139;309;969;196;1474;2020
22060;186;418;92;696;1;166;15;182;187;584;107;878;196;385;96;677;0;44;6;50;196;429;102;727;382;803;188;1373;1;210;21;232;383;1013;209;1605;2020
22061;834;2521;713;4068;14;890;149;1053;848;3411;862;5121;1063;2270;595;3928;10;538;145;693;1073;2808;740;4621;1897;4791;1308;7996;24;1428;294;1746;1921;6219;1602;9742;2020
22062;28;56;7;91;0;0;0;0;28;56;7;91;26;45;6;77;0;3;0;3;26;48;6;80;54;101;13;168;0;3;0;3;54;104;13;171;2020
22063;32;52;7;91;2;3;1;6;34;55;8;97;34;45;3;82;1;2;0;3;35;47;3;85;66;97;10;173;3;5;1;9;69;102;11;182;2020
22064;30;60;5;95;0;4;0;4;30;64;5;99;28;38;6;72;0;2;0;2;28;40;6;74;58;98;11;167;0;6;0;6;58;104;11;173;2020
22066;91;323;81;495;1;55;9;65;92;378;90;560;89;266;58;413;5;58;9;72;94;324;67;485;180;589;139;908;6;113;18;137;186;702;157;1045;2020
22067;11;28;6;45;0;4;0;4;11;32;6;49;10;23;4;37;0;1;0;1;10;24;4;38;21;51;10;82;0;5;0;5;21;56;10;87;2020
22068;6;29;2;37;0;1;0;1;6;30;2;38;11;15;2;28;0;4;0;4;11;19;2;32;17;44;4;65;0;5;0;5;17;49;4;70;2020
22069;50;185;31;266;1;28;4;33;51;213;35;299;50;147;20;217;0;22;0;22;50;169;20;239;100;332;51;483;1;50;4;55;101;382;55;538;2020
22072;39;76;12;127;1;2;0;3;40;78;12;130;34;46;9;89;1;5;1;7;35;51;10;96;73;122;21;216;2;7;1;10;75;129;22;226;2020
22074;46;127;13;186;1;37;5;43;47;164;18;229;51;92;20;163;1;33;10;44;52;125;30;207;97;219;33;349;2;70;15;87;99;289;48;436;2020
22075;27;35;1;63;0;3;0;3;27;38;1;66;28;21;6;55;0;5;1;6;28;26;7;61;55;56;7;118;0;8;1;9;55;64;8;127;2020
22076;58;98;12;168;1;6;1;8;59;104;13;176;54;66;8;128;3;14;2;19;57;80;10;147;112;164;20;296;4;20;3;27;116;184;23;323;2020
22077;66;128;16;210;0;15;2;17;66;143;18;227;77;87;15;179;0;10;3;13;77;97;18;192;143;215;31;389;0;25;5;30;143;240;36;419;2020
22078;44;215;36;295;1;14;1;16;45;229;37;311;43;143;42;228;0;19;0;19;43;162;42;247;87;358;78;523;1;33;1;35;88;391;79;558;2020
22079;24;40;7;71;0;16;1;17;24;56;8;88;22;31;4;57;0;66;0;66;22;97;4;123;46;71;11;128;0;82;1;83;46;153;12;211;2020
22080;55;84;13;152;3;28;4;35;58;112;17;187;52;74;17;143;2;27;1;30;54;101;18;173;107;158;30;295;5;55;5;65;112;213;35;360;2020
22081;51;91;6;148;1;3;0;4;52;94;6;152;52;56;5;113;0;9;1;10;52;65;6;123;103;147;11;261;1;12;1;14;104;159;12;275;2020
22082;45;105;11;161;0;2;0;2;45;107;11;163;51;85;11;147;0;2;0;2;51;87;11;149;96;190;22;308;0;4;0;4;96;194;22;312;2020
22083;99;146;12;257;0;18;1;19;99;164;13;276;96;106;15;217;0;15;2;17;96;121;17;234;195;252;27;474;0;33;3;36;195;285;30;510;2020
22084;51;244;52;347;1;28;5;34;52;272;57;381;73;222;50;345;0;36;2;38;73;258;52;383;124;466;102;692;1;64;7;72;125;530;109;764;2020
22085;21;29;1;51;0;2;0;2;21;31;1;53;24;20;3;47;0;3;0;3;24;23;3;50;45;49;4;98;0;5;0;5;45;54;4;103;2020
22086;22;88;13;123;0;3;0;3;22;91;13;126;17;64;10;91;1;3;0;4;18;67;10;95;39;152;23;214;1;6;0;7;40;158;23;221;2020
22087;8;28;7;43;0;5;1;6;8;33;8;49;11;11;4;26;0;4;0;4;11;15;4;30;19;39;11;69;0;9;1;10;19;48;12;79;2020
22088;22;46;6;74;0;2;0;2;22;48;6;76;35;37;4;76;0;1;0;1;35;38;4;77;57;83;10;150;0;3;0;3;57;86;10;153;2020
22089;47;95;15;157;0;6;0;6;47;101;15;163;54;75;16;145;1;9;0;10;55;84;16;155;101;170;31;302;1;15;0;16;102;185;31;318;2020
22090;19;34;4;57;2;4;2;8;21;38;6;65;23;13;5;41;2;9;0;11;25;22;5;52;42;47;9;98;4;13;2;19;46;60;11;117;2020
22094;16;36;5;57;0;2;1;3;16;38;6;60;20;22;5;47;0;5;1;6;20;27;6;53;36;58;10;104;0;7;2;9;36;65;12;113;2020
22095;11;31;10;52;1;0;0;1;12;31;10;53;10;16;3;29;0;1;0;1;10;17;3;30;21;47;13;81;1;1;0;2;22;48;13;83;2020
22096;35;124;36;195;0;4;1;5;35;128;37;200;47;128;24;199;0;2;1;3;47;130;25;202;82;252;60;394;0;6;2;8;82;258;62;402;2020
22099;74;171;33;278;3;36;7;46;77;207;40;324;115;145;21;281;1;23;3;27;116;168;24;308;189;316;54;559;4;59;10;73;193;375;64;632;2020
22102;34;71;5;110;0;4;2;6;34;75;7;116;29;43;4;76;0;6;1;7;29;49;5;83;63;114;9;186;0;10;3;13;63;124;12;199;2020
22103;109;223;46;378;0;9;4;13;109;232;50;391;134;203;47;384;1;18;2;21;135;221;49;405;243;426;93;762;1;27;6;34;244;453;99;796;2020
22105;19;32;6;57;0;4;0;4;19;36;6;61;21;28;6;55;1;4;0;5;22;32;6;60;40;60;12;112;1;8;0;9;41;68;12;121;2020
22106;4;8;0;12;0;0;0;0;4;8;0;12;4;4;0;8;0;0;0;0;4;4;0;8;8;12;0;20;0;0;0;0;8;12;0;20;2020
22107;22;38;1;61;0;1;2;3;22;39;3;64;11;19;2;32;0;4;0;4;11;23;2;36;33;57;3;93;0;5;2;7;33;62;5;100;2020
22109;39;110;20;169;1;10;1;12;40;120;21;181;33;83;14;130;0;17;3;20;33;100;17;150;72;193;34;299;1;27;4;32;73;220;38;331;2020
22110;124;229;36;389;1;35;7;43;125;264;43;432;165;186;39;390;3;22;4;29;168;208;43;419;289;415;75;779;4;57;11;72;293;472;86;851;2020
22111;30;51;4;85;0;3;4;7;30;54;8;92;26;35;2;63;0;7;0;7;26;42;2;70;56;86;6;148;0;10;4;14;56;96;10;162;2020
22112;1126;3708;947;5781;22;1655;396;2073;1148;5363;1343;7854;1446;3452;975;5873;22;1290;314;1626;1468;4742;1289;7499;2572;7160;1922;11654;44;2945;710;3699;2616;10105;2632;15353;2020
22113;83;171;51;305;0;13;3;16;83;184;54;321;80;146;39;265;0;11;3;14;80;157;42;279;163;317;90;570;0;24;6;30;163;341;96;600;2020
22114;35;38;7;80;0;0;1;1;35;38;8;81;24;30;11;65;0;1;0;1;24;31;11;66;59;68;18;145;0;1;1;2;59;69;19;147;2020
22115;68;117;13;198;2;6;2;10;70;123;15;208;66;96;9;171;2;14;0;16;68;110;9;187;134;213;22;369;4;20;2;26;138;233;24;395;2020
22116;210;496;79;785;1;92;27;120;211;588;106;905;240;401;70;711;5;93;24;122;245;494;94;833;450;897;149;1496;6;185;51;242;456;1082;200;1738;2020
22117;334;841;186;1361;11;244;42;297;345;1085;228;1658;432;795;179;1406;17;230;54;301;449;1025;233;1707;766;1636;365;2767;28;474;96;598;794;2110;461;3365;2020
22119;219;431;61;711;0;28;5;33;219;459;66;744;267;353;67;687;3;37;5;45;270;390;72;732;486;784;128;1398;3;65;10;78;489;849;138;1476;2020
22122;11;26;0;37;0;0;0;0;11;26;0;37;11;22;3;36;0;0;0;0;11;22;3;36;22;48;3;73;0;0;0;0;22;48;3;73;2020
22124;32;67;9;108;0;6;3;9;32;73;12;117;37;48;7;92;0;4;0;4;37;52;7;96;69;115;16;200;0;10;3;13;69;125;19;213;2020
22125;4471;14424;3900;22795;64;2293;550;2907;4535;16717;4450;25702;6344;15059;3853;25256;110;2398;490;2998;6454;17457;4343;28254;10815;29483;7753;48051;174;4691;1040;5905;10989;34174;8793;53956;2020
22126;22;31;1;54;0;2;1;3;22;33;2;57;18;20;2;40;0;2;1;3;18;22;3;43;40;51;3;94;0;4;2;6;40;55;5;100;2020
22127;37;243;75;355;0;14;2;16;37;257;77;371;36;204;68;308;2;12;2;16;38;216;70;324;73;447;143;663;2;26;4;32;75;473;147;695;2020
22128;34;57;2;93;0;3;0;3;34;60;2;96;42;49;5;96;1;4;0;5;43;53;5;101;76;106;7;189;1;7;0;8;77;113;7;197;2020
22129;35;47;5;87;0;28;0;28;35;75;5;115;34;48;6;88;1;25;2;28;35;73;8;116;69;95;11;175;1;53;2;56;70;148;13;231;2020
22130;1099;4005;895;5999;18;330;61;409;1117;4335;956;6408;1372;3851;949;6172;34;437;78;549;1406;4288;1027;6721;2471;7856;1844;12171;52;767;139;958;2523;8623;1983;13129;2020
22131;17;30;9;56;0;0;0;0;17;30;9;56;11;27;0;38;0;2;0;2;11;29;0;40;28;57;9;94;0;2;0;2;28;59;9;96;2020
22133;20;41;7;68;0;10;4;14;20;51;11;82;10;34;9;53;0;17;3;20;10;51;12;73;30;75;16;121;0;27;7;34;30;102;23;155;2020
22135;30;63;5;98;0;2;0;2;30;65;5;100;36;43;8;87;0;4;0;4;36;47;8;91;66;106;13;185;0;6;0;6;66;112;13;191;2020
22136;138;257;32;427;1;33;3;37;139;290;35;464;161;197;28;386;0;33;9;42;161;230;37;428;299;454;60;813;1;66;12;79;300;520;72;892;2020
22137;167;352;46;565;1;36;7;44;168;388;53;609;203;280;29;512;0;34;8;42;203;314;37;554;370;632;75;1077;1;70;15;86;371;702;90;1163;2020
22139;17;25;1;43;0;4;0;4;17;29;1;47;16;23;4;43;0;2;0;2;16;25;4;45;33;48;5;86;0;6;0;6;33;54;5;92;2020
22141;19;54;9;82;0;0;0;0;19;54;9;82;16;24;6;46;0;2;0;2;16;26;6;48;35;78;15;128;0;2;0;2;35;80;15;130;2020
22142;16;33;9;58;1;11;2;14;17;44;11;72;16;31;10;57;2;6;2;10;18;37;12;67;32;64;19;115;3;17;4;24;35;81;23;139;2020
22143;37;62;10;109;1;4;0;5;38;66;10;114;28;47;4;79;0;12;0;12;28;59;4;91;65;109;14;188;1;16;0;17;66;125;14;205;2020
22144;54;88;17;159;0;3;0;3;54;91;17;162;45;68;13;126;1;7;1;9;46;75;14;135;99;156;30;285;1;10;1;12;100;166;31;297;2020
22149;66;101;9;176;0;3;0;3;66;104;9;179;52;80;11;143;0;1;0;1;52;81;11;144;118;181;20;319;0;4;0;4;118;185;20;323;2020
22150;91;172;22;285;4;3;1;8;95;175;23;293;68;125;19;212;2;6;1;9;70;131;20;221;159;297;41;497;6;9;2;17;165;306;43;514;2020
22151;12;33;2;47;0;1;0;1;12;34;2;48;15;21;9;45;0;0;0;0;15;21;9;45;27;54;11;92;0;1;0;1;27;55;11;93;2020
22155;12;22;1;35;0;5;0;5;12;27;1;40;11;17;1;29;0;3;0;3;11;20;1;32;23;39;2;64;0;8;0;8;23;47;2;72;2020
22156;27;134;30;191;0;13;9;22;27;147;39;213;19;113;42;174;1;15;2;18;20;128;44;192;46;247;72;365;1;28;11;40;47;275;83;405;2020
22157;26;85;6;117;0;6;0;6;26;91;6;123;28;46;5;79;0;7;1;8;28;53;6;87;54;131;11;196;0;13;1;14;54;144;12;210;2020
22158;1402;4669;1301;7372;28;1129;313;1470;1430;5798;1614;8842;1836;4314;1152;7302;32;1047;246;1325;1868;5361;1398;8627;3238;8983;2453;14674;60;2176;559;2795;3298;11159;3012;17469;2020
22160;34;82;7;123;4;12;0;16;38;94;7;139;29;62;23;114;3;9;0;12;32;71;23;126;63;144;30;237;7;21;0;28;70;165;30;265;2020
22162;18;45;4;67;0;7;2;9;18;52;6;76;22;40;7;69;0;5;2;7;22;45;9;76;40;85;11;136;0;12;4;16;40;97;15;152;2020
22163;66;182;36;284;5;11;1;17;71;193;37;301;53;132;48;233;2;10;0;12;55;142;48;245;119;314;84;517;7;21;1;29;126;335;85;546;2020
22164;12;11;6;29;0;0;0;0;12;11;6;29;13;9;3;25;0;2;0;2;13;11;3;27;25;20;9;54;0;2;0;2;25;22;9;56;2020
22165;76;151;9;236;0;17;2;19;76;168;11;255;85;135;20;240;0;11;2;13;85;146;22;253;161;286;29;476;0;28;4;32;161;314;33;508;2020
22167;81;164;20;265;1;110;3;114;82;274;23;379;84;137;26;247;0;48;4;52;84;185;30;299;165;301;46;512;1;158;7;166;166;459;53;678;2020
22168;4;9;0;13;0;0;0;0;4;9;0;13;7;3;2;12;0;1;0;1;7;4;2;13;11;12;2;25;0;1;0;1;11;13;2;26;2020
22170;65;294;44;403;0;14;0;14;65;308;44;417;71;267;34;372;1;10;0;11;72;277;34;383;136;561;78;775;1;24;0;25;137;585;78;800;2020
22172;87;172;20;279;1;52;8;61;88;224;28;340;94;151;22;267;1;29;7;37;95;180;29;304;181;323;42;546;2;81;15;98;183;404;57;644;2020
22173;36;103;9;148;1;5;1;7;37;108;10;155;26;50;7;83;1;7;1;9;27;57;8;92;62;153;16;231;2;12;2;16;64;165;18;247;2020
22174;91;149;21;261;0;27;3;30;91;176;24;291;100;119;16;235;1;31;5;37;101;150;21;272;191;268;37;496;1;58;8;67;192;326;45;563;2020
22175;41;64;7;112;0;5;0;5;41;69;7;117;40;39;8;87;0;6;0;6;40;45;8;93;81;103;15;199;0;11;0;11;81;114;15;210;2020
22176;26;62;10;98;0;4;0;4;26;66;10;102;29;59;12;100;0;6;1;7;29;65;13;107;55;121;22;198;0;10;1;11;55;131;23;209;2020
22177;20;31;2;53;0;2;1;3;20;33;3;56;17;26;3;46;0;2;2;4;17;28;5;50;37;57;5;99;0;4;3;7;37;61;8;106;2020
22178;22;42;5;69;0;4;0;4;22;46;5;73;16;27;0;43;1;3;0;4;17;30;0;47;38;69;5;112;1;7;0;8;39;76;5;120;2020
22181;14;34;2;50;0;1;0;1;14;35;2;51;19;21;7;47;0;2;0;2;19;23;7;49;33;55;9;97;0;3;0;3;33;58;9;100;2020
22182;34;85;16;135;0;4;0;4;34;89;16;139;42;68;15;125;0;9;0;9;42;77;15;134;76;153;31;260;0;13;0;13;76;166;31;273;2020
22184;28;68;6;102;0;6;2;8;28;74;8;110;30;45;11;86;1;10;3;14;31;55;14;100;58;113;17;188;1;16;5;22;59;129;22;210;2020
22186;35;60;9;104;0;1;0;1;35;61;9;105;35;55;19;109;0;0;0;0;35;55;19;109;70;115;28;213;0;1;0;1;70;116;28;214;2020
22187;34;118;20;172;6;13;3;22;40;131;23;194;36;107;24;167;4;10;2;16;40;117;26;183;70;225;44;339;10;23;5;38;80;248;49;377;2020
22188;13;21;2;36;0;4;2;6;13;25;4;42;23;19;2;44;1;6;0;7;24;25;2;51;36;40;4;80;1;10;2;13;37;50;6;93;2020
22189;38;63;13;114;0;2;0;2;38;65;13;116;26;51;15;92;0;5;0;5;26;56;15;97;64;114;28;206;0;7;0;7;64;121;28;213;2020
22190;23;52;10;85;1;5;0;6;24;57;10;91;15;38;15;68;1;1;0;2;16;39;15;70;38;90;25;153;2;6;0;8;40;96;25;161;2020
22193;43;94;20;157;0;10;1;11;43;104;21;168;50;85;15;150;0;11;2;13;50;96;17;163;93;179;35;307;0;21;3;24;93;200;38;331;2020
22195;23;98;13;134;1;1;1;3;24;99;14;137;24;95;19;138;1;6;0;7;25;101;19;145;47;193;32;272;2;7;1;10;49;200;33;282;2020
22197;71;153;26;250;1;14;1;16;72;167;27;266;87;127;16;230;0;15;3;18;87;142;19;248;158;280;42;480;1;29;4;34;159;309;46;514;2020
22199;895;2602;535;4032;17;435;103;555;912;3037;638;4587;1125;2391;534;4050;18;451;79;548;1143;2842;613;4598;2020;4993;1069;8082;35;886;182;1103;2055;5879;1251;9185;2020
22200;39;87;22;148;0;7;0;7;39;94;22;155;31;85;21;137;1;10;0;11;32;95;21;148;70;172;43;285;1;17;0;18;71;189;43;303;2020
22201;49;80;17;146;1;9;0;10;50;89;17;156;59;74;11;144;0;6;0;6;59;80;11;150;108;154;28;290;1;15;0;16;109;169;28;306;2020
22202;22;53;4;79;0;9;0;9;22;62;4;88;26;49;13;88;0;7;2;9;26;56;15;97;48;102;17;167;0;16;2;18;48;118;19;185;2020
22203;19;26;1;46;0;4;1;5;19;30;2;51;16;15;3;34;0;6;0;6;16;21;3;40;35;41;4;80;0;10;1;11;35;51;5;91;2020
22204;104;470;90;664;6;51;8;65;110;521;98;729;108;457;120;685;4;51;8;63;112;508;128;748;212;927;210;1349;10;102;16;128;222;1029;226;1477;2020
22205;81;148;21;250;1;32;5;38;82;180;26;288;105;111;24;240;0;15;4;19;105;126;28;259;186;259;45;490;1;47;9;57;187;306;54;547;2020
22206;41;49;6;96;1;19;1;21;42;68;7;117;45;41;2;88;0;10;6;16;45;51;8;104;86;90;8;184;1;29;7;37;87;119;15;221;2020
22207;16;53;14;83;0;0;0;0;16;53;14;83;18;35;11;64;1;2;0;3;19;37;11;67;34;88;25;147;1;2;0;3;35;90;25;150;2020
22208;20;81;16;117;0;7;0;7;20;88;16;124;26;63;23;112;0;4;3;7;26;67;26;119;46;144;39;229;0;11;3;14;46;155;42;243;2020
22209;25;73;7;105;1;3;0;4;26;76;7;109;16;51;10;77;0;2;0;2;16;53;10;79;41;124;17;182;1;5;0;6;42;129;17;188;2020
22212;15;22;3;40;0;1;0;1;15;23;3;41;17;15;5;37;0;2;0;2;17;17;5;39;32;37;8;77;0;3;0;3;32;40;8;80;2020
22213;422;1095;244;1761;9;331;91;431;431;1426;335;2192;479;945;225;1649;9;270;64;343;488;1215;289;1992;901;2040;469;3410;18;601;155;774;919;2641;624;4184;2020
22214;15;35;5;55;0;6;1;7;15;41;6;62;20;42;8;70;0;7;1;8;20;49;9;78;35;77;13;125;0;13;2;15;35;90;15;140;2020
22215;25;50;4;79;0;4;1;5;25;54;5;84;25;27;4;56;0;4;1;5;25;31;5;61;50;77;8;135;0;8;2;10;50;85;10;145;2020
22217;82;116;22;220;0;41;7;48;82;157;29;268;70;104;21;195;0;29;9;38;70;133;30;233;152;220;43;415;0;70;16;86;152;290;59;501;2020
22218;8;13;0;21;0;0;0;0;8;13;0;21;7;11;1;19;0;0;0;0;7;11;1;19;15;24;1;40;0;0;0;0;15;24;1;40;2020
22220;30;51;5;86;0;1;0;1;30;52;5;87;35;29;3;67;0;0;0;0;35;29;3;67;65;80;8;153;0;1;0;1;65;81;8;154;2020
22221;7;37;16;60;0;1;0;1;7;38;16;61;9;36;11;56;0;5;0;5;9;41;11;61;16;73;27;116;0;6;0;6;16;79;27;122;2020
22222;58;239;62;359;0;14;5;19;58;253;67;378;55;187;50;292;2;15;2;19;57;202;52;311;113;426;112;651;2;29;7;38;115;455;119;689;2020
22223;8;35;5;48;0;3;0;3;8;38;5;51;13;24;1;38;1;1;0;2;14;25;1;40;21;59;6;86;1;4;0;5;22;63;6;91;2020
22225;396;919;202;1517;6;226;49;281;402;1145;251;1798;501;819;189;1509;4;137;39;180;505;956;228;1689;897;1738;391;3026;10;363;88;461;907;2101;479;3487;2020
22226;125;250;49;424;0;37;8;45;125;287;57;469;152;224;62;438;0;30;11;41;152;254;73;479;277;474;111;862;0;67;19;86;277;541;130;948;2020
22227;47;70;4;121;2;6;0;8;49;76;4;129;35;41;4;80;0;12;4;16;35;53;8;96;82;111;8;201;2;18;4;24;84;129;12;225;2020
22228;31;241;99;371;1;18;2;21;32;259;101;392;35;234;98;367;1;18;3;22;36;252;101;389;66;475;197;738;2;36;5;43;68;511;202;781;2020
22229;21;37;3;61;1;6;0;7;22;43;3;68;22;27;2;51;1;2;0;3;23;29;2;54;43;64;5;112;2;8;0;10;45;72;5;122;2020
22230;55;92;6;153;1;3;0;4;56;95;6;157;36;97;6;139;0;2;0;2;36;99;6;141;91;189;12;292;1;5;0;6;92;194;12;298;2020
22232;17;37;4;58;0;3;5;8;17;40;9;66;15;22;3;40;0;5;2;7;15;27;5;47;32;59;7;98;0;8;7;15;32;67;14;113;2020
22233;15;31;3;49;0;2;0;2;15;33;3;51;13;19;5;37;0;8;0;8;13;27;5;45;28;50;8;86;0;10;0;10;28;60;8;96;2020
22234;110;226;58;394;2;308;11;321;112;534;69;715;160;215;51;426;0;180;6;186;160;395;57;612;270;441;109;820;2;488;17;507;272;929;126;1327;2020
22235;19;30;0;49;0;0;0;0;19;30;0;49;15;16;0;31;0;2;0;2;15;18;0;33;34;46;0;80;0;2;0;2;34;48;0;82;2020
22236;33;77;6;116;0;5;2;7;33;82;8;123;49;66;5;120;0;6;2;8;49;72;7;128;82;143;11;236;0;11;4;15;82;154;15;251;2020
22239;20;36;3;59;0;4;0;4;20;40;3;63;17;12;3;32;0;3;0;3;17;15;3;35;37;48;6;91;0;7;0;7;37;55;6;98;2020
22242;10;25;4;39;0;0;0;0;10;25;4;39;18;6;0;24;0;0;0;0;18;6;0;24;28;31;4;63;0;0;0;0;28;31;4;63;2020
22243;12;10;0;22;0;0;0;0;12;10;0;22;9;9;0;18;0;0;0;0;9;9;0;18;21;19;0;40;0;0;0;0;21;19;0;40;2020
22244;8;15;1;24;0;6;0;6;8;21;1;30;11;7;0;18;0;3;0;3;11;10;0;21;19;22;1;42;0;9;0;9;19;31;1;51;2020
22245;59;102;16;177;0;54;10;64;59;156;26;241;56;98;27;181;0;29;9;38;56;127;36;219;115;200;43;358;0;83;19;102;115;283;62;460;2020
22246;15;26;2;43;1;1;0;2;16;27;2;45;11;13;4;28;1;1;0;2;12;14;4;30;26;39;6;71;2;2;0;4;28;41;6;75;2020
22247;4;15;0;19;0;4;1;5;4;19;1;24;3;8;0;11;0;2;0;2;3;10;0;13;7;23;0;30;0;6;1;7;7;29;1;37;2020
22248;20;39;3;62;0;1;0;1;20;40;3;63;16;26;4;46;0;1;0;1;16;27;4;47;36;65;7;108;0;2;0;2;36;67;7;110;2020
22249;12;51;19;82;0;5;0;5;12;56;19;87;18;53;12;83;0;4;0;4;18;57;12;87;30;104;31;165;0;9;0;9;30;113;31;174;2020
22250;40;148;25;213;3;15;7;25;43;163;32;238;46;121;24;191;3;14;5;22;49;135;29;213;86;269;49;404;6;29;12;47;92;298;61;451;2020
22251;50;124;16;190;0;10;2;12;50;134;18;202;48;112;8;168;1;12;1;14;49;124;9;182;98;236;24;358;1;22;3;26;99;258;27;384;2020
22252;25;47;11;83;2;1;0;3;27;48;11;86;15;33;6;54;2;0;0;2;17;33;6;56;40;80;17;137;4;1;0;5;44;81;17;142;2020
22253;15;18;0;33;0;0;0;0;15;18;0;33;11;11;0;22;0;2;0;2;11;13;0;24;26;29;0;55;0;2;0;2;26;31;0;57;2020
22254;185;368;75;628;4;285;33;322;189;653;108;950;213;326;68;607;1;203;37;241;214;529;105;848;398;694;143;1235;5;488;70;563;403;1182;213;1798;2020
22901;113;276;29;418;0;13;1;14;113;289;30;432;128;207;34;369;1;14;1;16;129;221;35;385;241;483;63;787;1;27;2;30;242;510;65;817;2020
22902;37;70;13;120;0;6;1;7;37;76;14;127;40;60;9;109;0;8;1;9;40;68;10;118;77;130;22;229;0;14;2;16;77;144;24;245;2020
22903;91;225;42;358;1;29;11;41;92;254;53;399;120;184;37;341;1;32;7;40;121;216;44;381;211;409;79;699;2;61;18;81;213;470;97;780;2020
22904;140;257;40;437;0;16;7;23;140;273;47;460;149;208;23;380;2;12;5;19;151;220;28;399;289;465;63;817;2;28;12;42;291;493;75;859;2020
22905;44;99;14;157;0;11;2;13;44;110;16;170;49;87;16;152;2;6;5;13;51;93;21;165;93;186;30;309;2;17;7;26;95;203;37;335;2020
22906;36;58;10;104;1;2;0;3;37;60;10;107;31;51;9;91;0;6;1;7;31;57;10;98;67;109;19;195;1;8;1;10;68;117;20;205;2020
22907;170;571;144;885;7;179;57;243;177;750;201;1128;196;537;139;872;10;200;32;242;206;737;171;1114;366;1108;283;1757;17;379;89;485;383;1487;372;2242;2020
22908;40;70;8;118;2;8;0;10;42;78;8;128;35;42;7;84;3;6;0;9;38;48;7;93;75;112;15;202;5;14;0;19;80;126;15;221;2020
22909;50;122;27;199;1;8;1;10;51;130;28;209;59;89;26;174;0;6;1;7;59;95;27;181;109;211;53;373;1;14;2;17;110;225;55;390;2020
23001;143;336;37;516;1;11;0;12;144;347;37;528;170;273;30;473;1;8;1;10;171;281;31;483;313;609;67;989;2;19;1;22;315;628;68;1011;2020
23002;2133;6558;1502;10193;63;359;63;485;2196;6917;1565;10678;2737;6423;1436;10596;58;318;59;435;2795;6741;1495;11031;4870;12981;2938;20789;121;677;122;920;4991;13658;3060;21709;2020
23003;995;3268;712;4975;28;157;13;198;1023;3425;725;5173;1320;3169;640;5129;23;144;14;181;1343;3313;654;5310;2315;6437;1352;10104;51;301;27;379;2366;6738;1379;10483;2020
23004;64;167;24;255;0;4;0;4;64;171;24;259;59;134;16;209;0;8;0;8;59;142;16;217;123;301;40;464;0;12;0;12;123;313;40;476;2020
23005;2959;11868;2839;17666;11;184;58;253;2970;12052;2897;17919;4031;11639;2708;18378;10;251;57;318;4041;11890;2765;18696;6990;23507;5547;36044;21;435;115;571;7011;23942;5662;36615;2020
23006;517;1800;375;2692;1;20;2;23;518;1820;377;2715;631;1741;405;2777;1;19;3;23;632;1760;408;2800;1148;3541;780;5469;2;39;5;46;1150;3580;785;5515;2020
23007;318;1245;225;1788;0;20;2;22;318;1265;227;1810;395;1128;223;1746;2;9;4;15;397;1137;227;1761;713;2373;448;3534;2;29;6;37;715;2402;454;3571;2020
23008;151;579;117;847;0;18;1;19;151;597;118;866;172;543;130;845;0;7;4;11;172;550;134;856;323;1122;247;1692;0;25;5;30;323;1147;252;1722;2020
23009;1226;5184;1187;7597;3;180;37;220;1229;5364;1224;7817;1538;5076;1120;7734;7;196;37;240;1545;5272;1157;7974;2764;10260;2307;15331;10;376;74;460;2774;10636;2381;15791;2020
23010;1224;5990;1355;8569;6;110;24;140;1230;6100;1379;8709;1635;5717;1361;8713;2;110;14;126;1637;5827;1375;8839;2859;11707;2716;17282;8;220;38;266;2867;11927;2754;17548;2020
23011;258;874;190;1322;0;7;0;7;258;881;190;1329;277;773;192;1242;0;5;0;5;277;778;192;1247;535;1647;382;2564;0;12;0;12;535;1659;382;2576;2020
23012;482;1580;351;2413;5;212;28;245;487;1792;379;2658;584;1452;310;2346;3;78;15;96;587;1530;325;2442;1066;3032;661;4759;8;290;43;341;1074;3322;704;5100;2020
23014;238;1053;206;1497;2;8;2;12;240;1061;208;1509;321;961;199;1481;0;18;1;19;321;979;200;1500;559;2014;405;2978;2;26;3;31;561;2040;408;3009;2020
23015;172;490;89;751;2;35;2;39;174;525;91;790;214;450;97;761;1;16;1;18;215;466;98;779;386;940;186;1512;3;51;3;57;389;991;189;1569;2020
23016;64;136;19;219;1;7;0;8;65;143;19;227;71;121;14;206;3;9;0;12;74;130;14;218;135;257;33;425;4;16;0;20;139;273;33;445;2020
23017;182;616;116;914;0;13;0;13;182;629;116;927;214;511;120;845;1;8;1;10;215;519;121;855;396;1127;236;1759;1;21;1;23;397;1148;237;1782;2020
23018;281;892;184;1357;1;40;5;46;282;932;189;1403;347;737;164;1248;0;25;7;32;347;762;171;1280;628;1629;348;2605;1;65;12;78;629;1694;360;2683;2020
23019;170;581;111;862;2;20;3;25;172;601;114;887;201;517;123;841;0;22;1;23;201;539;124;864;371;1098;234;1703;2;42;4;48;373;1140;238;1751;2020
23020;182;573;103;858;0;74;4;78;182;647;107;936;228;553;72;853;0;21;4;25;228;574;76;878;410;1126;175;1711;0;95;8;103;410;1221;183;1814;2020
23021;55;211;38;304;0;3;0;3;55;214;38;307;73;172;38;283;0;1;0;1;73;173;38;284;128;383;76;587;0;4;0;4;128;387;76;591;2020
23024;1195;4892;1314;7401;3;79;14;96;1198;4971;1328;7497;1553;4846;1145;7544;7;99;13;119;1560;4945;1158;7663;2748;9738;2459;14945;10;178;27;215;2758;9916;2486;15160;2020
23025;253;1134;245;1632;1;23;3;27;254;1157;248;1659;341;1026;236;1603;1;24;5;30;342;1050;241;1633;594;2160;481;3235;2;47;8;57;596;2207;489;3292;2020
23026;538;1165;179;1882;35;72;9;116;573;1237;188;1998;665;1074;177;1916;28;95;12;135;693;1169;189;2051;1203;2239;356;3798;63;167;21;251;1266;2406;377;4049;2020
23027;108;244;37;389;1;5;1;7;109;249;38;396;138;225;38;401;1;3;2;6;139;228;40;407;246;469;75;790;2;8;3;13;248;477;78;803;2020
23028;665;2279;528;3472;5;76;12;93;670;2355;540;3565;922;2305;485;3712;9;55;11;75;931;2360;496;3787;1587;4584;1013;7184;14;131;23;168;1601;4715;1036;7352;2020
23029;117;282;40;439;0;40;3;43;117;322;43;482;153;254;47;454;0;13;6;19;153;267;53;473;270;536;87;893;0;53;9;62;270;589;96;955;2020
23030;142;444;79;665;1;15;1;17;143;459;80;682;203;427;82;712;1;14;1;16;204;441;83;728;345;871;161;1377;2;29;2;33;347;900;163;1410;2020
23031;84;289;81;454;0;8;1;9;84;297;82;463;99;307;63;469;0;10;2;12;99;317;65;481;183;596;144;923;0;18;3;21;183;614;147;944;2020
23032;54;209;39;302;0;2;0;2;54;211;39;304;85;192;36;313;0;3;0;3;85;195;36;316;139;401;75;615;0;5;0;5;139;406;75;620;2020
23033;199;467;84;750;7;30;1;38;206;497;85;788;256;420;76;752;2;37;6;45;258;457;82;797;455;887;160;1502;9;67;7;83;464;954;167;1585;2020
23034;288;959;201;1448;2;69;5;76;290;1028;206;1524;388;877;191;1456;1;51;6;58;389;928;197;1514;676;1836;392;2904;3;120;11;134;679;1956;403;3038;2020
23035;116;442;94;652;0;36;0;36;116;478;94;688;170;408;71;649;1;17;0;18;171;425;71;667;286;850;165;1301;1;53;0;54;287;903;165;1355;2020
23037;83;194;32;309;0;15;0;15;83;209;32;324;77;157;25;259;0;7;0;7;77;164;25;266;160;351;57;568;0;22;0;22;160;373;57;590;2020
23038;250;1741;498;2489;1;22;6;29;251;1763;504;2518;287;1656;479;2422;4;32;7;43;291;1688;486;2465;537;3397;977;4911;5;54;13;72;542;3451;990;4983;2020
23039;196;911;237;1344;0;32;8;40;196;943;245;1384;254;868;206;1328;2;20;5;27;256;888;211;1355;450;1779;443;2672;2;52;13;67;452;1831;456;2739;2020
23040;186;534;97;817;0;10;0;10;186;544;97;827;242;491;116;849;0;9;1;10;242;500;117;859;428;1025;213;1666;0;19;1;20;428;1044;214;1686;2020
23041;61;195;51;307;0;16;2;18;61;211;53;325;71;173;39;283;1;4;1;6;72;177;40;289;132;368;90;590;1;20;3;24;133;388;93;614;2020
23042;49;110;16;175;4;17;3;24;53;127;19;199;51;87;17;155;1;16;2;19;52;103;19;174;100;197;33;330;5;33;5;43;105;230;38;373;2020
23043;59;205;28;292;0;3;0;3;59;208;28;295;72;186;38;296;0;3;0;3;72;189;38;299;131;391;66;588;0;6;0;6;131;397;66;594;2020
23044;551;1820;426;2797;2;55;3;60;553;1875;429;2857;653;1765;421;2839;2;37;9;48;655;1802;430;2887;1204;3585;847;5636;4;92;12;108;1208;3677;859;5744;2020
23045;201;853;186;1240;0;17;5;22;201;870;191;1262;248;793;166;1207;0;19;2;21;248;812;168;1228;449;1646;352;2447;0;36;7;43;449;1682;359;2490;2020
23046;233;955;176;1364;5;45;8;58;238;1000;184;1422;338;860;163;1361;2;39;3;44;340;899;166;1405;571;1815;339;2725;7;84;11;102;578;1899;350;2827;2020
23047;169;629;108;906;6;25;1;32;175;654;109;938;190;606;118;914;2;23;2;27;192;629;120;941;359;1235;226;1820;8;48;3;59;367;1283;229;1879;2020
23048;93;320;49;462;1;12;3;16;94;332;52;478;129;274;57;460;0;4;0;4;129;278;57;464;222;594;106;922;1;16;3;20;223;610;109;942;2020
23049;197;687;132;1016;1;4;1;6;198;691;133;1022;244;630;110;984;1;9;1;11;245;639;111;995;441;1317;242;2000;2;13;2;17;443;1330;244;2017;2020
23050;8509;35383;8864;52756;42;1274;172;1488;8551;36657;9036;54244;12299;36497;8441;57237;48;1087;141;1276;12347;37584;8582;58513;20808;71880;17305;109993;90;2361;313;2764;20898;74241;17618;112757;2020
23051;267;1161;217;1645;0;7;2;9;267;1168;219;1654;320;1045;233;1598;0;16;3;19;320;1061;236;1617;587;2206;450;3243;0;23;5;28;587;2229;455;3271;2020
23052;126;403;71;600;1;9;2;12;127;412;73;612;189;380;79;648;0;7;2;9;189;387;81;657;315;783;150;1248;1;16;4;21;316;799;154;1269;2020
23053;756;4060;956;5772;0;35;6;41;756;4095;962;5813;1063;3799;918;5780;2;33;6;41;1065;3832;924;5821;1819;7859;1874;11552;2;68;12;82;1821;7927;1886;11634;2020
23054;44;157;38;239;1;4;0;5;45;161;38;244;52;134;40;226;1;3;0;4;53;137;40;230;96;291;78;465;2;7;0;9;98;298;78;474;2020
23055;4765;18130;4393;27288;18;599;137;754;4783;18729;4530;28042;6414;17934;4139;28487;32;673;119;824;6446;18607;4258;29311;11179;36064;8532;55775;50;1272;256;1578;11229;37336;8788;57353;2020
23056;350;1216;264;1830;0;21;3;24;350;1237;267;1854;398;1148;219;1765;2;29;2;33;400;1177;221;1798;748;2364;483;3595;2;50;5;57;750;2414;488;3652;2020
23057;91;256;49;396;0;9;0;9;91;265;49;405;122;245;47;414;0;1;0;1;122;246;47;415;213;501;96;810;0;10;0;10;213;511;96;820;2020
23058;792;3717;989;5498;2;123;37;162;794;3840;1026;5660;985;3574;953;5512;8;118;30;156;993;3692;983;5668;1777;7291;1942;11010;10;241;67;318;1787;7532;2009;11328;2020
23059;637;2263;420;3320;0;27;7;34;637;2290;427;3354;794;2144;422;3360;2;35;12;49;796;2179;434;3409;1431;4407;842;6680;2;62;19;83;1433;4469;861;6763;2020
23060;1820;7852;1892;11564;26;373;107;506;1846;8225;1999;12070;2461;7528;1764;11753;28;381;111;520;2489;7909;1875;12273;4281;15380;3656;23317;54;754;218;1026;4335;16134;3874;24343;2020
23061;599;3340;945;4884;4;65;20;89;603;3405;965;4973;834;3158;942;4934;5;72;13;90;839;3230;955;5024;1433;6498;1887;9818;9;137;33;179;1442;6635;1920;9997;2020
23062;167;562;96;825;2;38;1;41;169;600;97;866;215;491;91;797;0;20;6;26;215;511;97;823;382;1053;187;1622;2;58;7;67;384;1111;194;1689;2020
23063;351;1535;367;2253;0;21;1;22;351;1556;368;2275;521;1416;297;2234;0;18;1;19;521;1434;298;2253;872;2951;664;4487;0;39;2;41;872;2990;666;4528;2020
23064;209;620;108;937;1;40;0;41;210;660;108;978;273;567;97;937;3;14;0;17;276;581;97;954;482;1187;205;1874;4;54;0;58;486;1241;205;1932;2020
23065;192;579;101;872;0;35;5;40;192;614;106;912;235;540;90;865;0;12;2;14;235;552;92;879;427;1119;191;1737;0;47;7;54;427;1166;198;1791;2020
23066;495;1655;354;2504;1;89;11;101;496;1744;365;2605;606;1600;354;2560;0;63;12;75;606;1663;366;2635;1101;3255;708;5064;1;152;23;176;1102;3407;731;5240;2020
23067;276;960;196;1432;1;19;1;21;277;979;197;1453;341;868;195;1404;3;14;1;18;344;882;196;1422;617;1828;391;2836;4;33;2;39;621;1861;393;2875;2020
23069;655;1989;347;2991;5;89;17;111;660;2078;364;3102;838;1837;313;2988;1;53;12;66;839;1890;325;3054;1493;3826;660;5979;6;142;29;177;1499;3968;689;6156;2020
23070;486;1462;331;2279;0;144;13;157;486;1606;344;2436;606;1291;310;2207;3;72;13;88;609;1363;323;2295;1092;2753;641;4486;3;216;26;245;1095;2969;667;4731;2020
23071;207;660;159;1026;1;36;13;50;208;696;172;1076;236;629;170;1035;3;40;5;48;239;669;175;1083;443;1289;329;2061;4;76;18;98;447;1365;347;2159;2020
23072;239;720;119;1078;3;38;2;43;242;758;121;1121;282;657;148;1087;1;24;1;26;283;681;149;1113;521;1377;267;2165;4;62;3;69;525;1439;270;2234;2020
23073;520;1723;322;2565;4;59;10;73;524;1782;332;2638;619;1575;304;2498;3;50;7;60;622;1625;311;2558;1139;3298;626;5063;7;109;17;133;1146;3407;643;5196;2020
23074;313;1232;239;1784;0;25;2;27;313;1257;241;1811;403;1079;218;1700;0;17;3;20;403;1096;221;1720;716;2311;457;3484;0;42;5;47;716;2353;462;3531;2020
23075;369;1261;276;1906;0;12;0;12;369;1273;276;1918;486;1170;295;1951;0;16;1;17;486;1186;296;1968;855;2431;571;3857;0;28;1;29;855;2459;572;3886;2020
23076;87;327;48;462;0;2;1;3;87;329;49;465;101;276;42;419;1;4;1;6;102;280;43;425;188;603;90;881;1;6;2;9;189;609;92;890;2020
23077;87;224;31;342;0;13;5;18;87;237;36;360;102;179;24;305;0;7;3;10;102;186;27;315;189;403;55;647;0;20;8;28;189;423;63;675;2020
23079;347;1541;322;2210;3;71;13;87;350;1612;335;2297;458;1357;307;2122;1;31;12;44;459;1388;319;2166;805;2898;629;4332;4;102;25;131;809;3000;654;4463;2020
23080;227;651;153;1031;0;53;7;60;227;704;160;1091;282;588;122;992;0;41;5;46;282;629;127;1038;509;1239;275;2023;0;94;12;106;509;1333;287;2129;2020
23081;175;564;106;845;3;35;2;40;178;599;108;885;245;519;122;886;1;27;4;32;246;546;126;918;420;1083;228;1731;4;62;6;72;424;1145;234;1803;2020
23082;255;687;151;1093;0;32;1;33;255;719;152;1126;335;602;132;1069;1;18;6;25;336;620;138;1094;590;1289;283;2162;1;50;7;58;591;1339;290;2220;2020
23084;95;369;66;530;3;36;2;41;98;405;68;571;144;302;53;499;1;21;6;28;145;323;59;527;239;671;119;1029;4;57;8;69;243;728;127;1098;2020
23085;251;864;148;1263;0;5;3;8;251;869;151;1271;319;775;134;1228;1;7;1;9;320;782;135;1237;570;1639;282;2491;1;12;4;17;571;1651;286;2508;2020
23086;1058;4714;1157;6929;2;122;26;150;1060;4836;1183;7079;1385;4488;1041;6914;3;122;24;149;1388;4610;1065;7063;2443;9202;2198;13843;5;244;50;299;2448;9446;2248;14142;2020
23087;1150;4410;1021;6581;5;109;15;129;1155;4519;1036;6710;1491;4301;1000;6792;4;105;21;130;1495;4406;1021;6922;2641;8711;2021;13373;9;214;36;259;2650;8925;2057;13632;2020
23088;642;2328;514;3484;2;42;4;48;644;2370;518;3532;903;2250;477;3630;3;45;12;60;906;2295;489;3690;1545;4578;991;7114;5;87;16;108;1550;4665;1007;7222;2020
23090;163;447;69;679;1;27;2;30;164;474;71;709;212;372;70;654;0;9;0;9;212;381;70;663;375;819;139;1333;1;36;2;39;376;855;141;1372;2020
23091;71;279;47;397;0;5;0;5;71;284;47;402;94;229;41;364;0;4;0;4;94;233;41;368;165;508;88;761;0;9;0;9;165;517;88;770;2020
23092;2731;10988;2647;16366;6;354;64;424;2737;11342;2711;16790;3640;10934;2493;17067;14;388;70;472;3654;11322;2563;17539;6371;21922;5140;33433;20;742;134;896;6391;22664;5274;34329;2020
23093;374;1197;204;1775;6;29;9;44;380;1226;213;1819;457;1114;238;1809;1;42;8;51;458;1156;246;1860;831;2311;442;3584;7;71;17;95;838;2382;459;3679;2020
23094;405;1475;278;2158;1;40;11;52;406;1515;289;2210;552;1355;251;2158;1;31;9;41;553;1386;260;2199;957;2830;529;4316;2;71;20;93;959;2901;549;4409;2020
23095;825;3469;770;5064;9;249;41;299;834;3718;811;5363;1211;3227;693;5131;8;142;29;179;1219;3369;722;5310;2036;6696;1463;10195;17;391;70;478;2053;7087;1533;10673;2020
23096;237;1051;190;1478;2;33;9;44;239;1084;199;1522;363;952;158;1473;0;34;9;43;363;986;167;1516;600;2003;348;2951;2;67;18;87;602;2070;366;3038;2020
23097;641;2614;573;3828;7;273;35;315;648;2887;608;4143;869;2353;541;3763;5;136;31;172;874;2489;572;3935;1510;4967;1114;7591;12;409;66;487;1522;5376;1180;8078;2020
23098;115;303;49;467;0;19;2;21;115;322;51;488;144;298;30;472;0;7;1;8;144;305;31;480;259;601;79;939;0;26;3;29;259;627;82;968;2020
23099;465;2010;495;2970;3;38;3;44;468;2048;498;3014;568;1916;487;2971;2;26;7;35;570;1942;494;3006;1033;3926;982;5941;5;64;10;79;1038;3990;992;6020;2020
23101;57;125;17;199;0;8;3;11;57;133;20;210;64;98;11;173;0;5;3;8;64;103;14;181;121;223;28;372;0;13;6;19;121;236;34;391;2020
23901;138;448;85;671;0;27;2;29;138;475;87;700;168;385;67;620;2;8;2;12;170;393;69;632;306;833;152;1291;2;35;4;41;308;868;156;1332;2020
23902;238;918;166;1322;0;11;1;12;238;929;167;1334;332;774;180;1286;1;12;0;13;333;786;180;1299;570;1692;346;2608;1;23;1;25;571;1715;347;2633;2020
23903;377;1397;342;2116;0;51;8;59;377;1448;350;2175;473;1283;300;2056;3;55;9;67;476;1338;309;2123;850;2680;642;4172;3;106;17;126;853;2786;659;4298;2020
23904;328;994;143;1465;2;21;3;26;330;1015;146;1491;433;814;144;1391;2;26;1;29;435;840;145;1420;761;1808;287;2856;4;47;4;55;765;1855;291;2911;2020
23905;201;718;133;1052;1;82;12;95;202;800;145;1147;285;664;134;1083;4;41;12;57;289;705;146;1140;486;1382;267;2135;5;123;24;152;491;1505;291;2287;2020
24001;39;61;8;108;0;0;0;0;39;61;8;108;28;43;5;76;0;0;0;0;28;43;5;76;67;104;13;184;0;0;0;0;67;104;13;184;2020
24002;39;76;9;124;0;14;5;19;39;90;14;143;51;58;12;121;0;7;7;14;51;65;19;135;90;134;21;245;0;21;12;33;90;155;33;278;2020
24003;134;175;11;320;0;3;0;3;134;178;11;323;171;124;6;301;0;5;0;5;171;129;6;306;305;299;17;621;0;8;0;8;305;307;17;629;2020
24004;109;170;17;296;0;27;12;39;109;197;29;335;92;120;16;228;0;16;2;18;92;136;18;246;201;290;33;524;0;43;14;57;201;333;47;581;2020
24005;104;91;9;204;0;3;0;3;104;94;9;207;93;52;2;147;0;4;0;4;93;56;2;151;197;143;11;351;0;7;0;7;197;150;11;358;2020
24006;88;174;23;285;1;12;4;17;89;186;27;302;94;131;14;239;1;16;2;19;95;147;16;258;182;305;37;524;2;28;6;36;184;333;43;560;2020
24007;126;233;24;383;0;8;0;8;126;241;24;391;150;189;33;372;0;8;3;11;150;197;36;383;276;422;57;755;0;16;3;19;276;438;60;774;2020
24008;1206;2968;661;4835;6;148;38;192;1212;3116;699;5027;1790;3057;608;5455;14;202;43;259;1804;3259;651;5714;2996;6025;1269;10290;20;350;81;451;3016;6375;1350;10741;2020
24009;65;84;10;159;0;0;0;0;65;84;10;159;66;57;9;132;0;1;0;1;66;58;9;133;131;141;19;291;0;1;0;1;131;142;19;292;2020
24010;978;2985;646;4609;8;267;65;340;986;3252;711;4949;1356;3001;656;5013;9;267;52;328;1365;3268;708;5341;2334;5986;1302;9622;17;534;117;668;2351;6520;1419;10290;2020
24011;47;46;1;94;0;0;0;0;47;46;1;94;46;30;2;78;0;0;0;0;46;30;2;78;93;76;3;172;0;0;0;0;93;76;3;172;2020
24012;45;117;15;177;0;0;0;0;45;117;15;177;50;71;8;129;0;1;0;1;50;72;8;130;95;188;23;306;0;1;0;1;95;189;23;307;2020
24014;843;2583;440;3866;31;232;16;279;874;2815;456;4145;1205;2556;416;4177;40;210;26;276;1245;2766;442;4453;2048;5139;856;8043;71;442;42;555;2119;5581;898;8598;2020
24015;358;736;95;1189;1;14;5;20;359;750;100;1209;468;657;85;1210;1;16;4;21;469;673;89;1231;826;1393;180;2399;2;30;9;41;828;1423;189;2440;2020
24016;94;180;9;283;0;4;0;4;94;184;9;287;91;95;6;192;0;3;0;3;91;98;6;195;185;275;15;475;0;7;0;7;185;282;15;482;2020
24017;109;162;9;280;0;0;0;0;109;162;9;280;135;126;7;268;0;6;0;6;135;132;7;274;244;288;16;548;0;6;0;6;244;294;16;554;2020
24018;38;54;5;97;0;1;2;3;38;55;7;100;42;40;1;83;0;2;0;2;42;42;1;85;80;94;6;180;0;3;2;5;80;97;8;185;2020
24019;50;102;9;161;0;2;0;2;50;104;9;163;86;98;6;190;0;1;0;1;86;99;6;191;136;200;15;351;0;3;0;3;136;203;15;354;2020
24020;85;177;9;271;1;1;1;3;86;178;10;274;74;91;8;173;1;6;1;8;75;97;9;181;159;268;17;444;2;7;2;11;161;275;19;455;2020
24021;245;564;67;876;3;26;11;40;248;590;78;916;319;478;65;862;1;29;8;38;320;507;73;900;564;1042;132;1738;4;55;19;78;568;1097;151;1816;2020
24022;62;100;1;163;1;2;0;3;63;102;1;166;67;70;5;142;0;1;0;1;67;71;5;143;129;170;6;305;1;3;0;4;130;173;6;309;2020
24023;49;94;10;153;0;21;8;29;49;115;18;182;44;71;8;123;0;28;4;32;44;99;12;155;93;165;18;276;0;49;12;61;93;214;30;337;2020
24024;124;217;21;362;0;8;0;8;124;225;21;370;132;163;29;324;0;8;0;8;132;171;29;332;256;380;50;686;0;16;0;16;256;396;50;702;2020
24025;58;107;9;174;0;2;0;2;58;109;9;176;55;65;6;126;0;1;0;1;55;66;6;127;113;172;15;300;0;3;0;3;113;175;15;303;2020
24026;217;336;25;578;1;5;1;7;218;341;26;585;249;267;21;537;1;6;0;7;250;273;21;544;466;603;46;1115;2;11;1;14;468;614;47;1129;2020
24027;170;442;63;675;1;8;1;10;171;450;64;685;187;397;54;638;0;10;2;12;187;407;56;650;357;839;117;1313;1;18;3;22;358;857;120;1335;2020
24028;75;126;21;222;1;5;0;6;76;131;21;228;85;82;18;185;0;4;0;4;85;86;18;189;160;208;39;407;1;9;0;10;161;217;39;417;2020
24029;110;252;19;381;1;10;2;13;111;262;21;394;134;189;17;340;1;11;1;13;135;200;18;353;244;441;36;721;2;21;3;26;246;462;39;747;2020
24030;624;1439;316;2379;7;65;19;91;631;1504;335;2470;728;1408;292;2428;5;82;11;98;733;1490;303;2526;1352;2847;608;4807;12;147;30;189;1364;2994;638;4996;2020
24031;42;84;2;128;0;3;0;3;42;87;2;131;40;43;4;87;0;0;0;0;40;43;4;87;82;127;6;215;0;3;0;3;82;130;6;218;2020
24032;19;28;4;51;0;2;0;2;19;30;4;53;19;30;4;53;0;5;0;5;19;35;4;58;38;58;8;104;0;7;0;7;38;65;8;111;2020
24033;51;62;1;114;0;2;0;2;51;64;1;116;59;32;3;94;0;2;0;2;59;34;3;96;110;94;4;208;0;4;0;4;110;98;4;212;2020
24034;392;1339;244;1975;2;32;5;39;394;1371;249;2014;478;1298;249;2025;3;49;6;58;481;1347;255;2083;870;2637;493;4000;5;81;11;97;875;2718;504;4097;2020
24036;56;78;5;139;0;0;0;0;56;78;5;139;51;55;1;107;0;2;1;3;51;57;2;110;107;133;6;246;0;2;1;3;107;135;7;249;2020
24037;69;118;3;190;0;1;0;1;69;119;3;191;76;68;8;152;0;1;0;1;76;69;8;153;145;186;11;342;0;2;0;2;145;188;11;344;2020
24038;473;1026;147;1646;3;31;4;38;476;1057;151;1684;553;949;138;1640;2;32;6;40;555;981;144;1680;1026;1975;285;3286;5;63;10;78;1031;2038;295;3364;2020
24039;294;696;86;1076;1;36;5;42;295;732;91;1118;364;604;88;1056;2;42;6;50;366;646;94;1106;658;1300;174;2132;3;78;11;92;661;1378;185;2224;2020
24040;75;152;13;240;1;1;0;2;76;153;13;242;80;114;10;204;0;0;0;0;80;114;10;204;155;266;23;444;1;1;0;2;156;267;23;446;2020
24041;90;159;14;263;0;3;0;3;90;162;14;266;110;138;12;260;1;4;0;5;111;142;12;265;200;297;26;523;1;7;0;8;201;304;26;531;2020
24042;11;26;1;38;0;1;0;1;11;27;1;39;14;10;2;26;0;2;0;2;14;12;2;28;25;36;3;64;0;3;0;3;25;39;3;67;2020
24043;19;47;0;66;0;0;0;0;19;47;0;66;19;26;0;45;0;0;0;0;19;26;0;45;38;73;0;111;0;0;0;0;38;73;0;111;2020
24044;33;33;2;68;0;0;0;0;33;33;2;68;49;35;1;85;0;2;0;2;49;37;1;87;82;68;3;153;0;2;0;2;82;70;3;155;2020
24046;166;293;29;488;0;1;0;1;166;294;29;489;199;224;21;444;0;5;0;5;199;229;21;449;365;517;50;932;0;6;0;6;365;523;50;938;2020
24047;154;223;12;389;0;3;0;3;154;226;12;392;188;131;9;328;0;5;0;5;188;136;9;333;342;354;21;717;0;8;0;8;342;362;21;725;2020
24049;201;537;72;810;8;23;0;31;209;560;72;841;261;441;63;765;2;19;2;23;263;460;65;788;462;978;135;1575;10;42;2;54;472;1020;137;1629;2020
24050;20;38;1;59;0;1;0;1;20;39;1;60;25;21;5;51;0;1;2;3;25;22;7;54;45;59;6;110;0;2;2;4;45;61;8;114;2020
24051;91;116;5;212;0;3;0;3;91;119;5;215;93;84;8;185;0;3;0;3;93;87;8;188;184;200;13;397;0;6;0;6;184;206;13;403;2020
24052;34;54;2;90;0;0;0;0;34;54;2;90;23;30;1;54;0;4;0;4;23;34;1;58;57;84;3;144;0;4;0;4;57;88;3;148;2020
24053;103;120;11;234;1;8;1;10;104;128;12;244;103;73;12;188;0;5;2;7;103;78;14;195;206;193;23;422;1;13;3;17;207;206;26;439;2020
24054;74;142;12;228;0;3;1;4;74;145;13;232;89;100;19;208;1;4;4;9;90;104;23;217;163;242;31;436;1;7;5;13;164;249;36;449;2020
24055;131;234;20;385;0;5;1;6;131;239;21;391;152;158;13;323;0;3;2;5;152;161;15;328;283;392;33;708;0;8;3;11;283;400;36;719;2020
24056;386;945;142;1473;4;45;7;56;390;990;149;1529;541;856;120;1517;4;35;5;44;545;891;125;1561;927;1801;262;2990;8;80;12;100;935;1881;274;3090;2020
24057;197;460;53;710;3;11;1;15;200;471;54;725;239;405;46;690;2;28;1;31;241;433;47;721;436;865;99;1400;5;39;2;46;441;904;101;1446;2020
24058;44;57;2;103;0;2;1;3;44;59;3;106;40;34;3;77;0;2;0;2;40;36;3;79;84;91;5;180;0;4;1;5;84;95;6;185;2020
24059;174;233;22;429;0;18;5;23;174;251;27;452;213;181;16;410;1;19;5;25;214;200;21;435;387;414;38;839;1;37;10;48;388;451;48;887;2020
24060;97;172;15;284;0;3;1;4;97;175;16;288;97;132;7;236;0;3;0;3;97;135;7;239;194;304;22;520;0;6;1;7;194;310;23;527;2020
24061;255;658;106;1019;2;7;0;9;257;665;106;1028;289;577;122;988;2;16;1;19;291;593;123;1007;544;1235;228;2007;4;23;1;28;548;1258;229;2035;2020
24062;25;48;3;76;0;1;0;1;25;49;3;77;32;23;2;57;0;1;0;1;32;24;2;58;57;71;5;133;0;2;0;2;57;73;5;135;2020
24063;69;131;12;212;0;6;3;9;69;137;15;221;87;84;8;179;0;9;0;9;87;93;8;188;156;215;20;391;0;15;3;18;156;230;23;409;2020
24064;177;626;103;906;0;20;3;23;177;646;106;929;225;482;108;815;1;21;2;24;226;503;110;839;402;1108;211;1721;1;41;5;47;403;1149;216;1768;2020
24065;304;833;155;1292;0;26;5;31;304;859;160;1323;339;698;156;1193;1;37;7;45;340;735;163;1238;643;1531;311;2485;1;63;12;76;644;1594;323;2561;2020
24066;94;113;5;212;0;0;0;0;94;113;5;212;135;94;9;238;1;8;0;9;136;102;9;247;229;207;14;450;1;8;0;9;230;215;14;459;2020
24067;106;200;30;336;1;24;2;27;107;224;32;363;128;152;35;315;1;11;0;12;129;163;35;327;234;352;65;651;2;35;2;39;236;387;67;690;2020
24068;92;138;3;233;1;1;0;2;93;139;3;235;89;112;4;205;0;1;0;1;89;113;4;206;181;250;7;438;1;2;0;3;182;252;7;441;2020
24069;12;7;0;19;0;0;0;0;12;7;0;19;9;6;0;15;0;0;0;0;9;6;0;15;21;13;0;34;0;0;0;0;21;13;0;34;2020
24070;483;1410;183;2076;14;41;7;62;497;1451;190;2138;700;1304;173;2177;8;58;5;71;708;1362;178;2248;1183;2714;356;4253;22;99;12;133;1205;2813;368;4386;2020
24071;124;328;48;500;1;6;0;7;125;334;48;507;203;293;33;529;2;6;1;9;205;299;34;538;327;621;81;1029;3;12;1;16;330;633;82;1045;2020
24073;101;121;13;235;1;9;2;12;102;130;15;247;106;104;11;221;1;9;1;11;107;113;12;232;207;225;24;456;2;18;3;23;209;243;27;479;2020
24074;17;31;2;50;0;3;0;3;17;34;2;53;16;18;1;35;0;4;1;5;16;22;2;40;33;49;3;85;0;7;1;8;33;56;4;93;2020
24076;213;502;80;795;0;13;3;16;213;515;83;811;205;398;79;682;1;19;0;20;206;417;79;702;418;900;159;1477;1;32;3;36;419;932;162;1513;2020
24077;49;55;10;114;0;5;1;6;49;60;11;120;64;40;13;117;0;5;3;8;64;45;16;125;113;95;23;231;0;10;4;14;113;105;27;245;2020
24078;65;86;5;156;1;19;5;25;66;105;10;181;85;75;11;171;0;10;3;13;85;85;14;184;150;161;16;327;1;29;8;38;151;190;24;365;2020
24079;186;278;36;500;0;13;0;13;186;291;36;513;198;189;16;403;1;11;3;15;199;200;19;418;384;467;52;903;1;24;3;28;385;491;55;931;2020
24080;37;63;10;110;0;3;0;3;37;66;10;113;54;48;6;108;1;4;1;6;55;52;7;114;91;111;16;218;1;7;1;9;92;118;17;227;2020
24081;23;41;2;66;0;0;1;1;23;41;3;67;31;24;1;56;0;2;1;3;31;26;2;59;54;65;3;122;0;2;2;4;54;67;5;126;2020
24082;123;319;44;486;1;12;1;14;124;331;45;500;162;259;53;474;3;14;0;17;165;273;53;491;285;578;97;960;4;26;1;31;289;604;98;991;2020
24083;158;360;29;547;13;28;2;43;171;388;31;590;188;286;26;500;5;26;2;33;193;312;28;533;346;646;55;1047;18;54;4;76;364;700;59;1123;2020
24084;41;35;2;78;0;4;0;4;41;39;2;82;47;27;2;76;1;2;0;3;48;29;2;79;88;62;4;154;1;6;0;7;89;68;4;161;2020
24086;64;72;1;137;0;5;3;8;64;77;4;145;74;44;7;125;0;6;3;9;74;50;10;134;138;116;8;262;0;11;6;17;138;127;14;279;2020
24087;116;196;26;338;1;4;0;5;117;200;26;343;125;140;22;287;1;9;0;10;126;149;22;297;241;336;48;625;2;13;0;15;243;349;48;640;2020
24088;194;322;19;535;2;5;3;10;196;327;22;545;221;250;33;504;1;11;0;12;222;261;33;516;415;572;52;1039;3;16;3;22;418;588;55;1061;2020
24089;13241;31786;7342;52369;93;3078;651;3822;13334;34864;7993;56191;20260;36735;6907;63902;169;3190;576;3935;20429;39925;7483;67837;33501;68521;14249;116271;262;6268;1227;7757;33763;74789;15476;124028;2020
24090;78;99;14;191;2;5;0;7;80;104;14;198;69;84;10;163;1;5;0;6;70;89;10;169;147;183;24;354;3;10;0;13;150;193;24;367;2020
24091;139;164;11;314;0;2;0;2;139;166;11;316;150;111;8;269;1;4;0;5;151;115;8;274;289;275;19;583;1;6;0;7;290;281;19;590;2020
24092;158;230;22;410;0;9;4;13;158;239;26;423;172;169;24;365;2;7;3;12;174;176;27;377;330;399;46;775;2;16;7;25;332;415;53;800;2020
24093;77;106;10;193;1;2;0;3;78;108;10;196;89;72;6;167;0;4;0;4;89;76;6;171;166;178;16;360;1;6;0;7;167;184;16;367;2020
24094;190;487;84;761;2;82;32;116;192;569;116;877;220;439;89;748;2;93;23;118;222;532;112;866;410;926;173;1509;4;175;55;234;414;1101;228;1743;2020
24095;58;110;11;179;0;1;0;1;58;111;11;180;58;91;5;154;2;1;0;3;60;92;5;157;116;201;16;333;2;2;0;4;118;203;16;337;2020
24096;22;41;5;68;0;1;0;1;22;42;5;69;17;25;1;43;0;0;0;0;17;25;1;43;39;66;6;111;0;1;0;1;39;67;6;112;2020
24097;44;63;1;108;0;2;2;4;44;65;3;112;40;51;8;99;0;7;5;12;40;58;13;111;84;114;9;207;0;9;7;16;84;123;16;223;2020
24098;148;442;54;644;2;15;0;17;150;457;54;661;203;361;36;600;1;8;0;9;204;369;36;609;351;803;90;1244;3;23;0;26;354;826;90;1270;2020
24099;39;43;3;85;0;2;0;2;39;45;3;87;37;32;4;73;1;0;0;1;38;32;4;74;76;75;7;158;1;2;0;3;77;77;7;161;2020
24100;93;303;64;460;1;15;1;17;94;318;65;477;107;227;29;363;2;16;4;22;109;243;33;385;200;530;93;823;3;31;5;39;203;561;98;862;2020
24101;73;113;3;189;1;0;0;1;74;113;3;190;93;81;7;181;0;0;0;0;93;81;7;181;166;194;10;370;1;0;0;1;167;194;10;371;2020
24102;97;201;25;323;0;7;0;7;97;208;25;330;121;165;16;302;2;6;0;8;123;171;16;310;218;366;41;625;2;13;0;15;220;379;41;640;2020
24103;66;90;2;158;0;1;0;1;66;91;2;159;61;44;3;108;0;3;0;3;61;47;3;111;127;134;5;266;0;4;0;4;127;138;5;270;2020
24104;57;73;2;132;1;8;5;14;58;81;7;146;64;44;8;116;0;3;2;5;64;47;10;121;121;117;10;248;1;11;7;19;122;128;17;267;2020
24105;188;594;129;911;1;26;3;30;189;620;132;941;222;527;120;869;2;19;1;22;224;546;121;891;410;1121;249;1780;3;45;4;52;413;1166;253;1832;2020
24106;40;85;8;133;0;0;0;0;40;85;8;133;44;39;8;91;0;0;0;0;44;39;8;91;84;124;16;224;0;0;0;0;84;124;16;224;2020
24107;55;76;1;132;1;19;1;21;56;95;2;153;48;26;3;77;0;16;2;18;48;42;5;95;103;102;4;209;1;35;3;39;104;137;7;248;2020
24108;76;96;6;178;0;6;0;6;76;102;6;184;94;86;12;192;0;6;1;7;94;92;13;199;170;182;18;370;0;12;1;13;170;194;19;383;2020
24109;135;331;26;492;1;4;1;6;136;335;27;498;157;226;22;405;0;3;1;4;157;229;23;409;292;557;48;897;1;7;2;10;293;564;50;907;2020
24110;154;441;36;631;5;7;1;13;159;448;37;644;224;330;43;597;3;9;2;14;227;339;45;611;378;771;79;1228;8;16;3;27;386;787;82;1255;2020
24112;59;101;3;163;0;0;0;0;59;101;3;163;59;54;3;116;0;0;0;0;59;54;3;116;118;155;6;279;0;0;0;0;118;155;6;279;2020
24113;84;100;10;194;0;2;2;4;84;102;12;198;105;56;8;169;0;5;7;12;105;61;15;181;189;156;18;363;0;7;9;16;189;163;27;379;2020
24114;467;951;88;1506;8;60;5;73;475;1011;93;1579;656;761;84;1501;6;30;4;40;662;791;88;1541;1123;1712;172;3007;14;90;9;113;1137;1802;181;3120;2020
24115;6580;18723;4030;29333;68;947;184;1199;6648;19670;4214;30532;8786;19940;3813;32539;92;1178;168;1438;8878;21118;3981;33977;15366;38663;7843;61872;160;2125;352;2637;15526;40788;8195;64509;2020
24116;94;134;8;236;1;2;0;3;95;136;8;239;74;89;11;174;0;2;0;2;74;91;11;176;168;223;19;410;1;4;0;5;169;227;19;415;2020
24117;81;120;9;210;0;0;0;0;81;120;9;210;106;99;8;213;0;0;0;0;106;99;8;213;187;219;17;423;0;0;0;0;187;219;17;423;2020
24118;10;45;4;59;0;0;0;0;10;45;4;59;24;20;0;44;0;1;0;1;24;21;0;45;34;65;4;103;0;1;0;1;34;66;4;104;2020
24119;127;217;29;373;0;13;2;15;127;230;31;388;154;200;20;374;1;8;2;11;155;208;22;385;281;417;49;747;1;21;4;26;282;438;53;773;2020
24120;58;125;16;199;0;1;0;1;58;126;16;200;48;66;15;129;0;3;0;3;48;69;15;132;106;191;31;328;0;4;0;4;106;195;31;332;2020
24121;108;240;35;383;0;0;1;1;108;240;36;384;96;141;25;262;0;6;0;6;96;147;25;268;204;381;60;645;0;6;1;7;204;387;61;652;2020
24122;203;466;64;733;1;25;3;29;204;491;67;762;210;395;60;665;3;25;3;31;213;420;63;696;413;861;124;1398;4;50;6;60;417;911;130;1458;2020
24123;176;227;8;411;0;0;0;0;176;227;8;411;158;143;5;306;1;3;0;4;159;146;5;310;334;370;13;717;1;3;0;4;335;373;13;721;2020
24124;88;97;4;189;0;1;0;1;88;98;4;190;102;54;7;163;0;0;0;0;102;54;7;163;190;151;11;352;0;1;0;1;190;152;11;353;2020
24125;85;102;6;193;0;0;0;0;85;102;6;193;110;63;7;180;0;2;0;2;110;65;7;182;195;165;13;373;0;2;0;2;195;167;13;375;2020
24127;65;71;9;145;0;1;0;1;65;72;9;146;71;55;4;130;0;1;0;1;71;56;4;131;136;126;13;275;0;2;0;2;136;128;13;277;2020
24129;19;44;1;64;0;0;0;0;19;44;1;64;25;32;1;58;0;1;0;1;25;33;1;59;44;76;2;122;0;1;0;1;44;77;2;123;2020
24130;70;161;18;249;0;1;2;3;70;162;20;252;65;114;20;199;0;4;3;7;65;118;23;206;135;275;38;448;0;5;5;10;135;280;43;458;2020
24131;138;227;22;387;1;6;2;9;139;233;24;396;151;167;22;340;0;7;0;7;151;174;22;347;289;394;44;727;1;13;2;16;290;407;46;743;2020
24132;158;186;9;353;0;2;0;2;158;188;9;355;122;132;7;261;1;5;0;6;123;137;7;267;280;318;16;614;1;7;0;8;281;325;16;622;2020
24133;81;126;7;214;0;2;0;2;81;128;7;216;86;70;8;164;1;0;0;1;87;70;8;165;167;196;15;378;1;2;0;3;168;198;15;381;2020
24134;405;1228;179;1812;4;42;4;50;409;1270;183;1862;555;1135;161;1851;0;30;9;39;555;1165;170;1890;960;2363;340;3663;4;72;13;89;964;2435;353;3752;2020
24136;113;140;12;265;0;0;0;0;113;140;12;265;145;94;15;254;0;3;0;3;145;97;15;257;258;234;27;519;0;3;0;3;258;237;27;522;2020
24137;151;385;28;564;2;12;1;15;153;397;29;579;181;320;28;529;3;9;3;15;184;329;31;544;332;705;56;1093;5;21;4;30;337;726;60;1123;2020
24139;337;689;116;1142;4;61;13;78;341;750;129;1220;441;611;115;1167;3;81;6;90;444;692;121;1257;778;1300;231;2309;7;142;19;168;785;1442;250;2477;2020
24141;18;34;1;53;0;1;0;1;18;35;1;54;28;15;1;44;0;2;0;2;28;17;1;46;46;49;2;97;0;3;0;3;46;52;2;100;2020
24142;2374;9467;2084;13925;19;508;98;625;2393;9975;2182;14550;3347;9933;2064;15344;38;520;97;655;3385;10453;2161;15999;5721;19400;4148;29269;57;1028;195;1280;5778;20428;4343;30549;2020
24143;75;177;18;270;0;2;0;2;75;179;18;272;101;143;25;269;1;4;0;5;102;147;25;274;176;320;43;539;1;6;0;7;177;326;43;546;2020
24144;111;209;22;342;2;1;2;5;113;210;24;347;149;146;21;316;0;2;2;4;149;148;23;320;260;355;43;658;2;3;4;9;262;358;47;667;2020
24145;112;216;21;349;0;1;0;1;112;217;21;350;125;143;9;277;0;0;0;0;125;143;9;277;237;359;30;626;0;1;0;1;237;360;30;627;2020
24146;56;75;4;135;1;0;0;1;57;75;4;136;68;52;0;120;0;1;0;1;68;53;0;121;124;127;4;255;1;1;0;2;125;128;4;257;2020
24148;267;574;85;926;0;7;0;7;267;581;85;933;316;455;86;857;1;14;2;17;317;469;88;874;583;1029;171;1783;1;21;2;24;584;1050;173;1807;2020
24149;25;51;4;80;0;7;2;9;25;58;6;89;29;42;4;75;0;3;1;4;29;45;5;79;54;93;8;155;0;10;3;13;54;103;11;168;2020
24150;49;68;5;122;0;1;0;1;49;69;5;123;59;45;3;107;0;1;0;1;59;46;3;108;108;113;8;229;0;2;0;2;108;115;8;231;2020
24151;92;143;7;242;0;6;2;8;92;149;9;250;103;102;11;216;0;7;0;7;103;109;11;223;195;245;18;458;0;13;2;15;195;258;20;473;2020
24152;95;150;16;261;0;9;2;11;95;159;18;272;96;110;18;224;0;5;0;5;96;115;18;229;191;260;34;485;0;14;2;16;191;274;36;501;2020
24153;47;68;5;120;1;11;2;14;48;79;7;134;51;55;5;111;0;9;0;9;51;64;5;120;98;123;10;231;1;20;2;23;99;143;12;254;2020
24154;182;305;45;532;3;12;2;17;185;317;47;549;197;258;29;484;1;11;2;14;198;269;31;498;379;563;74;1016;4;23;4;31;383;586;78;1047;2020
24155;104;123;12;239;0;4;3;7;104;127;15;246;118;101;8;227;0;2;1;3;118;103;9;230;222;224;20;466;0;6;4;10;222;230;24;476;2020
24156;55;66;2;123;0;0;0;0;55;66;2;123;62;37;3;102;0;0;0;0;62;37;3;102;117;103;5;225;0;0;0;0;117;103;5;225;2020
24157;345;909;174;1428;7;64;15;86;352;973;189;1514;423;908;153;1484;8;78;17;103;431;986;170;1587;768;1817;327;2912;15;142;32;189;783;1959;359;3101;2020
24158;59;101;6;166;0;2;0;2;59;103;6;168;72;63;10;145;1;1;0;2;73;64;10;147;131;164;16;311;1;3;0;4;132;167;16;315;2020
24159;327;536;59;922;1;9;2;12;328;545;61;934;428;416;63;907;1;14;4;19;429;430;67;926;755;952;122;1829;2;23;6;31;757;975;128;1860;2020
24160;106;232;26;364;3;18;4;25;109;250;30;389;124;166;18;308;1;27;4;32;125;193;22;340;230;398;44;672;4;45;8;57;234;443;52;729;2020
24161;42;120;16;178;0;4;0;4;42;124;16;182;48;84;12;144;0;4;0;4;48;88;12;148;90;204;28;322;0;8;0;8;90;212;28;330;2020
24162;211;714;128;1053;1;19;2;22;212;733;130;1075;231;627;140;998;1;23;3;27;232;650;143;1025;442;1341;268;2051;2;42;5;49;444;1383;273;2100;2020
24163;426;1647;418;2491;4;46;4;54;430;1693;422;2545;444;1644;393;2481;1;50;7;58;445;1694;400;2539;870;3291;811;4972;5;96;11;112;875;3387;822;5084;2020
24164;52;124;5;181;0;1;0;1;52;125;5;182;78;91;14;183;0;1;0;1;78;92;14;184;130;215;19;364;0;2;0;2;130;217;19;366;2020
24165;65;82;3;150;0;0;0;0;65;82;3;150;88;59;2;149;0;2;0;2;88;61;2;151;153;141;5;299;0;2;0;2;153;143;5;301;2020
24166;257;451;74;782;0;10;2;12;257;461;76;794;268;386;63;717;0;13;2;15;268;399;65;732;525;837;137;1499;0;23;4;27;525;860;141;1526;2020
24167;128;242;30;400;0;2;1;3;128;244;31;403;136;208;20;364;1;5;0;6;137;213;20;370;264;450;50;764;1;7;1;9;265;457;51;773;2020
24168;88;149;11;248;1;15;7;23;89;164;18;271;94;105;7;206;0;19;5;24;94;124;12;230;182;254;18;454;1;34;12;47;183;288;30;501;2020
24169;371;980;117;1468;4;23;3;30;375;1003;120;1498;512;871;100;1483;2;25;4;31;514;896;104;1514;883;1851;217;2951;6;48;7;61;889;1899;224;3012;2020
24170;246;675;71;992;23;65;9;97;269;740;80;1089;346;521;74;941;12;68;4;84;358;589;78;1025;592;1196;145;1933;35;133;13;181;627;1329;158;2114;2020
24171;70;112;3;185;0;0;0;0;70;112;3;185;68;75;3;146;0;2;0;2;68;77;3;148;138;187;6;331;0;2;0;2;138;189;6;333;2020
24172;73;135;9;217;1;4;0;5;74;139;9;222;78;111;5;194;1;2;0;3;79;113;5;197;151;246;14;411;2;6;0;8;153;252;14;419;2020
24173;184;283;39;506;1;3;0;4;185;286;39;510;221;214;36;471;1;4;0;5;222;218;36;476;405;497;75;977;2;7;0;9;407;504;75;986;2020
24174;100;142;17;259;0;4;1;5;100;146;18;264;106;104;11;221;0;8;1;9;106;112;12;230;206;246;28;480;0;12;2;14;206;258;30;494;2020
24175;262;715;127;1104;2;25;1;28;264;740;128;1132;294;595;117;1006;4;30;1;35;298;625;118;1041;556;1310;244;2110;6;55;2;63;562;1365;246;2173;2020
24176;62;104;6;172;0;0;0;0;62;104;6;172;66;70;8;144;0;1;2;3;66;71;10;147;128;174;14;316;0;1;2;3;128;175;16;319;2020
24177;70;201;21;292;1;2;0;3;71;203;21;295;66;126;27;219;0;1;0;1;66;127;27;220;136;327;48;511;1;3;0;4;137;330;48;515;2020
24178;11;18;1;30;0;2;0;2;11;20;1;32;19;19;1;39;0;2;0;2;19;21;1;41;30;37;2;69;0;4;0;4;30;41;2;73;2020
24179;55;113;5;173;0;4;0;4;55;117;5;177;42;74;7;123;1;3;3;7;43;77;10;130;97;187;12;296;1;7;3;11;98;194;15;307;2020
24180;205;382;41;628;0;17;5;22;205;399;46;650;236;264;25;525;2;19;4;25;238;283;29;550;441;646;66;1153;2;36;9;47;443;682;75;1200;2020
24181;261;442;69;772;1;22;3;26;262;464;72;798;296;396;76;768;0;19;1;20;296;415;77;788;557;838;145;1540;1;41;4;46;558;879;149;1586;2020
24182;85;126;14;225;0;2;2;4;85;128;16;229;106;94;9;209;0;8;0;8;106;102;9;217;191;220;23;434;0;10;2;12;191;230;25;446;2020
24183;108;282;29;419;0;11;1;12;108;293;30;431;152;208;22;382;1;12;1;14;153;220;23;396;260;490;51;801;1;23;2;26;261;513;53;827;2020
24184;43;58;2;103;0;1;0;1;43;59;2;104;43;32;3;78;1;6;0;7;44;38;3;85;86;90;5;181;1;7;0;8;87;97;5;189;2020
24185;88;139;15;242;1;6;0;7;89;145;15;249;93;129;19;241;2;4;0;6;95;133;19;247;181;268;34;483;3;10;0;13;184;278;34;496;2020
24187;161;273;29;463;2;27;5;34;163;300;34;497;189;217;31;437;0;23;1;24;189;240;32;461;350;490;60;900;2;50;6;58;352;540;66;958;2020
24188;476;1392;351;2219;9;312;50;371;485;1704;401;2590;590;1401;316;2307;20;306;49;375;610;1707;365;2682;1066;2793;667;4526;29;618;99;746;1095;3411;766;5272;2020
24189;523;2548;643;3714;6;76;15;97;529;2624;658;3811;619;2248;576;3443;7;111;5;123;626;2359;581;3566;1142;4796;1219;7157;13;187;20;220;1155;4983;1239;7377;2020
24190;37;37;2;76;1;0;0;1;38;37;2;77;41;32;5;78;0;0;0;0;41;32;5;78;78;69;7;154;1;0;0;1;79;69;7;155;2020
24191;28;35;6;69;1;3;1;5;29;38;7;74;15;28;4;47;0;2;2;4;15;30;6;51;43;63;10;116;1;5;3;9;44;68;13;125;2020
24193;56;141;7;204;2;1;0;3;58;142;7;207;70;104;6;180;0;4;2;6;70;108;8;186;126;245;13;384;2;5;2;9;128;250;15;393;2020
24194;35;99;4;138;0;2;0;2;35;101;4;140;43;76;5;124;0;3;0;3;43;79;5;127;78;175;9;262;0;5;0;5;78;180;9;267;2020
24196;285;679;67;1031;1;5;0;6;286;684;67;1037;371;570;53;994;1;12;0;13;372;582;53;1007;656;1249;120;2025;2;17;0;19;658;1266;120;2044;2020
24197;123;241;39;403;0;9;1;10;123;250;40;413;133;218;40;391;0;12;2;14;133;230;42;405;256;459;79;794;0;21;3;24;256;480;82;818;2020
24198;110;165;15;290;0;12;2;14;110;177;17;304;121;139;12;272;1;9;1;11;122;148;13;283;231;304;27;562;1;21;3;25;232;325;30;587;2020
24199;88;134;16;238;1;4;2;7;89;138;18;245;87;90;12;189;0;4;0;4;87;94;12;193;175;224;28;427;1;8;2;11;176;232;30;438;2020
24201;217;378;38;633;0;9;1;10;217;387;39;643;220;212;24;456;0;10;0;10;220;222;24;466;437;590;62;1089;0;19;1;20;437;609;63;1109;2020
24202;923;2771;337;4031;19;95;3;117;942;2866;340;4148;1208;2613;351;4172;19;100;5;124;1227;2713;356;4296;2131;5384;688;8203;38;195;8;241;2169;5579;696;8444;2020
24203;26;22;3;51;0;0;0;0;26;22;3;51;21;18;1;40;0;0;0;0;21;18;1;40;47;40;4;91;0;0;0;0;47;40;4;91;2020
24205;152;391;59;602;0;7;2;9;152;398;61;611;147;333;57;537;0;14;1;15;147;347;58;552;299;724;116;1139;0;21;3;24;299;745;119;1163;2020
24206;257;515;78;850;1;34;7;42;258;549;85;892;343;478;60;881;2;34;3;39;345;512;63;920;600;993;138;1731;3;68;10;81;603;1061;148;1812;2020
24207;58;88;7;153;2;18;1;21;60;106;8;174;70;59;8;137;1;10;3;14;71;69;11;151;128;147;15;290;3;28;4;35;131;175;19;325;2020
24209;457;780;106;1343;3;32;3;38;460;812;109;1381;613;717;97;1427;4;39;4;47;617;756;101;1474;1070;1497;203;2770;7;71;7;85;1077;1568;210;2855;2020
24210;79;199;9;287;7;40;1;48;86;239;10;335;122;124;13;259;5;27;1;33;127;151;14;292;201;323;22;546;12;67;2;81;213;390;24;627;2020
24211;61;86;11;158;0;2;1;3;61;88;12;161;62;56;11;129;1;2;2;5;63;58;13;134;123;142;22;287;1;4;3;8;124;146;25;295;2020
24212;188;311;34;533;1;25;1;27;189;336;35;560;236;248;34;518;3;18;3;24;239;266;37;542;424;559;68;1051;4;43;4;51;428;602;72;1102;2020
24213;35;49;1;85;0;1;0;1;35;50;1;86;36;31;2;69;0;3;1;4;36;34;3;73;71;80;3;154;0;4;1;5;71;84;4;159;2020
24214;147;190;21;358;0;4;0;4;147;194;21;362;158;134;15;307;2;0;1;3;160;134;16;310;305;324;36;665;2;4;1;7;307;328;37;672;2020
24215;24;48;5;77;0;1;0;1;24;49;5;78;31;38;3;72;0;2;0;2;31;40;3;74;55;86;8;149;0;3;0;3;55;89;8;152;2020
24216;155;202;23;380;0;1;0;1;155;203;23;381;184;129;19;332;2;4;1;7;186;133;20;339;339;331;42;712;2;5;1;8;341;336;43;720;2020
24217;25;46;4;75;0;0;0;0;25;46;4;75;26;31;3;60;0;0;0;0;26;31;3;60;51;77;7;135;0;0;0;0;51;77;7;135;2020
24218;78;153;22;253;0;2;3;5;78;155;25;258;109;111;9;229;2;5;0;7;111;116;9;236;187;264;31;482;2;7;3;12;189;271;34;494;2020
24219;90;173;27;290;0;3;0;3;90;176;27;293;99;123;16;238;0;1;0;1;99;124;16;239;189;296;43;528;0;4;0;4;189;300;43;532;2020
24221;133;252;28;413;0;10;1;11;133;262;29;424;139;212;45;396;1;6;0;7;140;218;45;403;272;464;73;809;1;16;1;18;273;480;74;827;2020
24222;1154;6131;1738;9023;10;158;50;218;1164;6289;1788;9241;1404;6126;1606;9136;18;258;31;307;1422;6384;1637;9443;2558;12257;3344;18159;28;416;81;525;2586;12673;3425;18684;2020
24223;423;821;142;1386;3;56;13;72;426;877;155;1458;502;787;151;1440;9;50;18;77;511;837;169;1517;925;1608;293;2826;12;106;31;149;937;1714;324;2975;2020
24224;113;191;6;310;1;6;1;8;114;197;7;318;131;131;7;269;2;6;1;9;133;137;8;278;244;322;13;579;3;12;2;17;247;334;15;596;2020
24225;152;360;39;551;1;22;1;24;153;382;40;575;189;288;51;528;0;15;5;20;189;303;56;548;341;648;90;1079;1;37;6;44;342;685;96;1123;2020
24226;42;67;3;112;0;0;0;0;42;67;3;112;42;37;2;81;0;1;0;1;42;38;2;82;84;104;5;193;0;1;0;1;84;105;5;194;2020
24227;239;581;100;920;2;30;6;38;241;611;106;958;268;472;95;835;3;25;5;33;271;497;100;868;507;1053;195;1755;5;55;11;71;512;1108;206;1826;2020
24228;126;200;6;332;1;8;3;12;127;208;9;344;149;141;6;296;0;5;2;7;149;146;8;303;275;341;12;628;1;13;5;19;276;354;17;647;2020
24229;106;116;5;227;0;3;2;5;106;119;7;232;70;78;14;162;0;2;1;3;70;80;15;165;176;194;19;389;0;5;3;8;176;199;22;397;2020
24230;87;142;6;235;0;4;1;5;87;146;7;240;105;67;6;178;0;5;0;5;105;72;6;183;192;209;12;413;0;9;1;10;192;218;13;423;2020
24901;124;297;30;451;0;5;2;7;124;302;32;458;166;254;22;442;0;9;2;11;166;263;24;453;290;551;52;893;0;14;4;18;290;565;56;911;2020
24902;77;86;3;166;1;2;3;6;78;88;6;172;82;69;8;159;0;2;1;3;82;71;9;162;159;155;11;325;1;4;4;9;160;159;15;334;2020
25001;21;57;8;86;0;10;3;13;21;67;11;99;21;45;7;73;2;7;2;11;23;52;9;84;42;102;15;159;2;17;5;24;44;119;20;183;2020
25002;85;173;25;283;4;25;2;31;89;198;27;314;80;128;20;228;5;25;8;38;85;153;28;266;165;301;45;511;9;50;10;69;174;351;55;580;2020
25003;482;1394;351;2227;6;388;89;483;488;1782;440;2710;594;1303;344;2241;7;340;113;460;601;1643;457;2701;1076;2697;695;4468;13;728;202;943;1089;3425;897;5411;2020
25004;84;220;50;354;0;52;6;58;84;272;56;412;85;194;47;326;0;65;8;73;85;259;55;399;169;414;97;680;0;117;14;131;169;531;111;811;2020
25005;43;89;21;153;1;4;0;5;44;93;21;158;56;82;20;158;0;4;0;4;56;86;20;162;99;171;41;311;1;8;0;9;100;179;41;320;2020
25006;53;115;16;184;1;4;0;5;54;119;16;189;56;97;16;169;0;3;0;3;56;100;16;172;109;212;32;353;1;7;0;8;110;219;32;361;2020
25007;119;589;164;872;0;236;34;270;119;825;198;1142;153;546;170;869;2;202;21;225;155;748;191;1094;272;1135;334;1741;2;438;55;495;274;1573;389;2236;2020
25008;165;395;109;669;1;164;14;179;166;559;123;848;197;336;84;617;3;74;19;96;200;410;103;713;362;731;193;1286;4;238;33;275;366;969;226;1561;2020
25009;103;194;59;356;1;16;5;22;104;210;64;378;124;182;39;345;0;13;8;21;124;195;47;366;227;376;98;701;1;29;13;43;228;405;111;744;2020
25010;29;70;20;119;0;2;0;2;29;72;20;121;35;66;14;115;0;2;0;2;35;68;14;117;64;136;34;234;0;4;0;4;64;140;34;238;2020
25011;518;2216;686;3420;14;1340;322;1676;532;3556;1008;5096;624;2019;611;3254;20;1046;291;1357;644;3065;902;4611;1142;4235;1297;6674;34;2386;613;3033;1176;6621;1910;9707;2020
25012;211;1029;280;1520;7;247;31;285;218;1276;311;1805;228;921;277;1426;8;158;38;204;236;1079;315;1630;439;1950;557;2946;15;405;69;489;454;2355;626;3435;2020
25013;300;782;159;1241;8;155;36;199;308;937;195;1440;357;706;168;1231;2;68;24;94;359;774;192;1325;657;1488;327;2472;10;223;60;293;667;1711;387;2765;2020
25014;38;93;21;152;0;5;2;7;38;98;23;159;42;74;12;128;0;7;3;10;42;81;15;138;80;167;33;280;0;12;5;17;80;179;38;297;2020
25015;67;113;20;200;0;15;4;19;67;128;24;219;82;78;14;174;0;9;2;11;82;87;16;185;149;191;34;374;0;24;6;30;149;215;40;404;2020
25016;295;783;174;1252;3;316;35;354;298;1099;209;1606;337;699;205;1241;3;139;40;182;340;838;245;1423;632;1482;379;2493;6;455;75;536;638;1937;454;3029;2020
25017;42;80;18;140;0;3;0;3;42;83;18;143;39;73;11;123;0;5;1;6;39;78;12;129;81;153;29;263;0;8;1;9;81;161;30;272;2020
25019;598;1755;408;2761;8;747;133;888;606;2502;541;3649;724;1591;385;2700;8;360;109;477;732;1951;494;3177;1322;3346;793;5461;16;1107;242;1365;1338;4453;1035;6826;2020
25020;55;93;8;156;0;14;0;14;55;107;8;170;59;62;5;126;1;8;0;9;60;70;5;135;114;155;13;282;1;22;0;23;115;177;13;305;2020
25021;355;922;218;1495;5;246;28;279;360;1168;246;1774;431;837;190;1458;3;98;24;125;434;935;214;1583;786;1759;408;2953;8;344;52;404;794;2103;460;3357;2020
25022;25;37;7;69;0;10;0;10;25;47;7;79;23;21;2;46;0;5;2;7;23;26;4;53;48;58;9;115;0;15;2;17;48;73;11;132;2020
25023;414;1921;574;2909;7;184;38;229;421;2105;612;3138;477;1886;590;2953;7;141;27;175;484;2027;617;3128;891;3807;1164;5862;14;325;65;404;905;4132;1229;6266;2020
25024;55;153;25;233;0;5;1;6;55;158;26;239;38;116;13;167;1;6;1;8;39;122;14;175;93;269;38;400;1;11;2;14;94;280;40;414;2020
25025;138;607;137;882;4;63;4;71;142;670;141;953;119;560;119;798;6;71;8;85;125;631;127;883;257;1167;256;1680;10;134;12;156;267;1301;268;1836;2020
25027;144;354;92;590;0;81;18;99;144;435;110;689;177;312;115;604;1;53;18;72;178;365;133;676;321;666;207;1194;1;134;36;171;322;800;243;1365;2020
25029;267;559;101;927;3;141;30;174;270;700;131;1101;290;490;98;878;6;114;27;147;296;604;125;1025;557;1049;199;1805;9;255;57;321;566;1304;256;2126;2020
25030;18;53;18;89;0;1;1;2;18;54;19;91;21;34;1;56;1;4;0;5;22;38;1;61;39;87;19;145;1;5;1;7;40;92;20;152;2020
25031;6;32;1;39;0;0;0;0;6;32;1;39;2;16;3;21;0;0;0;0;2;16;3;21;8;48;4;60;0;0;0;0;8;48;4;60;2020
25032;10;25;10;45;0;1;0;1;10;26;10;46;4;24;6;34;1;0;0;1;5;24;6;35;14;49;16;79;1;1;0;2;15;50;16;81;2020
25033;132;453;107;692;1;119;4;124;133;572;111;816;166;405;90;661;0;49;9;58;166;454;99;719;298;858;197;1353;1;168;13;182;299;1026;210;1535;2020
25034;342;840;199;1381;8;304;63;375;350;1144;262;1756;382;739;187;1308;13;267;56;336;395;1006;243;1644;724;1579;386;2689;21;571;119;711;745;2150;505;3400;2020
25035;60;133;22;215;0;2;0;2;60;135;22;217;60;110;25;195;0;2;0;2;60;112;25;197;120;243;47;410;0;4;0;4;120;247;47;414;2020
25036;33;58;12;103;2;10;0;12;35;68;12;115;37;52;11;100;1;4;0;5;38;56;11;105;70;110;23;203;3;14;0;17;73;124;23;220;2020
25037;82;134;23;239;1;8;1;10;83;142;24;249;65;79;25;169;3;12;0;15;68;91;25;184;147;213;48;408;4;20;1;25;151;233;49;433;2020
25038;247;497;124;868;5;363;102;470;252;860;226;1338;331;410;110;851;4;287;87;378;335;697;197;1229;578;907;234;1719;9;650;189;848;587;1557;423;2567;2020
25039;37;109;19;165;1;12;2;15;38;121;21;180;41;83;19;143;0;8;0;8;41;91;19;151;78;192;38;308;1;20;2;23;79;212;40;331;2020
25040;1237;4031;1264;6532;49;1982;390;2421;1286;6013;1654;8953;1711;3904;1168;6783;54;1334;348;1736;1765;5238;1516;8519;2948;7935;2432;13315;103;3316;738;4157;3051;11251;3170;17472;2020
25041;95;177;40;312;2;138;16;156;97;315;56;468;115;149;33;297;1;89;23;113;116;238;56;410;210;326;73;609;3;227;39;269;213;553;112;878;2020
25042;37;68;5;110;0;6;0;6;37;74;5;116;36;61;10;107;0;5;1;6;36;66;11;113;73;129;15;217;0;11;1;12;73;140;16;229;2020
25043;97;348;63;508;0;30;5;35;97;378;68;543;71;292;67;430;1;41;4;46;72;333;71;476;168;640;130;938;1;71;9;81;169;711;139;1019;2020
25044;31;59;13;103;0;9;0;9;31;68;13;112;30;59;7;96;0;9;0;9;30;68;7;105;61;118;20;199;0;18;0;18;61;136;20;217;2020
25045;13;14;0;27;1;2;0;3;14;16;0;30;12;15;2;29;1;0;0;1;13;15;2;30;25;29;2;56;2;2;0;4;27;31;2;60;2020
25046;81;123;24;228;4;24;5;33;85;147;29;261;82;131;21;234;1;19;5;25;83;150;26;259;163;254;45;462;5;43;10;58;168;297;55;520;2020
25047;139;337;72;548;0;56;3;59;139;393;75;607;180;305;76;561;0;25;6;31;180;330;82;592;319;642;148;1109;0;81;9;90;319;723;157;1199;2020
25048;205;618;145;968;7;156;28;191;212;774;173;1159;270;573;158;1001;2;139;34;175;272;712;192;1176;475;1191;303;1969;9;295;62;366;484;1486;365;2335;2020
25049;20;58;10;88;0;2;0;2;20;60;10;90;30;51;12;93;0;2;0;2;30;53;12;95;50;109;22;181;0;4;0;4;50;113;22;185;2020
25050;401;1266;315;1982;11;698;83;792;412;1964;398;2774;520;1147;340;2007;9;326;102;437;529;1473;442;2444;921;2413;655;3989;20;1024;185;1229;941;3437;840;5218;2020
25051;208;603;147;958;2;68;7;77;210;671;154;1035;225;541;134;900;5;53;12;70;230;594;146;970;433;1144;281;1858;7;121;19;147;440;1265;300;2005;2020
25052;231;527;131;889;5;218;47;270;236;745;178;1159;326;485;109;920;5;145;31;181;331;630;140;1101;557;1012;240;1809;10;363;78;451;567;1375;318;2260;2020
25053;109;471;114;694;1;101;10;112;110;572;124;806;125;434;110;669;0;36;7;43;125;470;117;712;234;905;224;1363;1;137;17;155;235;1042;241;1518;2020
25055;31;57;4;92;0;2;0;2;31;59;4;94;32;42;6;80;1;2;0;3;33;44;6;83;63;99;10;172;1;4;0;5;64;103;10;177;2020
25056;47;62;9;118;0;18;2;20;47;80;11;138;48;50;10;108;0;2;0;2;48;52;10;110;95;112;19;226;0;20;2;22;95;132;21;248;2020
25057;25;97;16;138;0;3;1;4;25;100;17;142;21;71;16;108;0;4;1;5;21;75;17;113;46;168;32;246;0;7;2;9;46;175;34;255;2020
25058;593;1658;416;2667;9;363;113;485;602;2021;529;3152;718;1492;396;2606;17;308;90;415;735;1800;486;3021;1311;3150;812;5273;26;671;203;900;1337;3821;1015;6173;2020
25059;86;316;66;468;3;62;11;76;89;378;77;544;114;307;73;494;3;63;11;77;117;370;84;571;200;623;139;962;6;125;22;153;206;748;161;1115;2020
25060;6;24;2;32;1;1;0;2;7;25;2;34;15;20;1;36;1;0;0;1;16;20;1;37;21;44;3;68;2;1;0;3;23;45;3;71;2020
25061;14;31;3;48;0;2;0;2;14;33;3;50;14;19;5;38;1;4;0;5;15;23;5;43;28;50;8;86;1;6;0;7;29;56;8;93;2020
25062;116;227;48;391;0;13;2;15;116;240;50;406;139;205;43;387;0;16;1;17;139;221;44;404;255;432;91;778;0;29;3;32;255;461;94;810;2020
25063;13;27;2;42;0;3;0;3;13;30;2;45;8;30;5;43;0;1;0;1;8;31;5;44;21;57;7;85;0;4;0;4;21;61;7;89;2020
25064;15;33;17;65;0;1;0;1;15;34;17;66;18;32;12;62;0;3;0;3;18;35;12;65;33;65;29;127;0;4;0;4;33;69;29;131;2020
25067;101;269;52;422;2;67;6;75;103;336;58;497;115;213;52;380;0;43;10;53;115;256;62;433;216;482;104;802;2;110;16;128;218;592;120;930;2020
25068;92;185;46;323;1;26;4;31;93;211;50;354;101;154;39;294;1;11;5;17;102;165;44;311;193;339;85;617;2;37;9;48;195;376;94;665;2020
25069;69;157;29;255;0;32;4;36;69;189;33;291;76;122;31;229;0;15;4;19;76;137;35;248;145;279;60;484;0;47;8;55;145;326;68;539;2020
25070;122;286;55;463;0;33;9;42;122;319;64;505;159;247;55;461;0;23;7;30;159;270;62;491;281;533;110;924;0;56;16;72;281;589;126;996;2020
25071;7;19;2;28;1;0;0;1;8;19;2;29;7;8;1;16;0;0;0;0;7;8;1;16;14;27;3;44;1;0;0;1;15;27;3;45;2020
25072;659;2343;620;3622;22;905;229;1156;681;3248;849;4778;835;2219;572;3626;14;689;243;946;849;2908;815;4572;1494;4562;1192;7248;36;1594;472;2102;1530;6156;1664;9350;2020
25073;100;198;34;332;0;18;0;18;100;216;34;350;103;161;35;299;1;11;1;13;104;172;36;312;203;359;69;631;1;29;1;31;204;388;70;662;2020
25074;33;64;13;110;0;1;0;1;33;65;13;111;32;52;12;96;0;1;0;1;32;53;12;97;65;116;25;206;0;2;0;2;65;118;25;208;2020
25075;17;54;12;83;0;3;0;3;17;57;12;86;13;52;9;74;0;1;0;1;13;53;9;75;30;106;21;157;0;4;0;4;30;110;21;161;2020
25076;28;45;6;79;1;3;0;4;29;48;6;83;27;34;4;65;0;3;0;3;27;37;4;68;55;79;10;144;1;6;0;7;56;85;10;151;2020
25077;78;152;27;257;1;13;6;20;79;165;33;277;74;135;28;237;3;20;3;26;77;155;31;263;152;287;55;494;4;33;9;46;156;320;64;540;2020
25078;123;384;127;634;1;169;7;177;124;553;134;811;164;344;103;611;1;32;7;40;165;376;110;651;287;728;230;1245;2;201;14;217;289;929;244;1462;2020
25079;52;97;13;162;0;15;2;17;52;112;15;179;57;75;11;143;1;14;1;16;58;89;12;159;109;172;24;305;1;29;3;33;110;201;27;338;2020
25081;55;86;15;156;0;11;1;12;55;97;16;168;60;75;17;152;0;8;1;9;60;83;18;161;115;161;32;308;0;19;2;21;115;180;34;329;2020
25082;38;133;15;186;0;10;1;11;38;143;16;197;32;101;24;157;0;10;2;12;32;111;26;169;70;234;39;343;0;20;3;23;70;254;42;366;2020
25085;31;42;5;78;0;1;0;1;31;43;5;79;19;46;12;77;0;0;0;0;19;46;12;77;50;88;17;155;0;1;0;1;50;89;17;156;2020
25086;50;224;38;312;1;54;15;70;51;278;53;382;74;210;42;326;1;78;17;96;75;288;59;422;124;434;80;638;2;132;32;166;126;566;112;804;2020
25087;6;21;5;32;0;2;0;2;6;23;5;34;6;18;4;28;0;1;1;2;6;19;5;30;12;39;9;60;0;3;1;4;12;42;10;64;2020
25088;25;35;9;69;0;3;0;3;25;38;9;72;14;27;7;48;0;4;1;5;14;31;8;53;39;62;16;117;0;7;1;8;39;69;17;125;2020
25089;15;40;5;60;0;2;1;3;15;42;6;63;11;27;5;43;0;1;1;2;11;28;6;45;26;67;10;103;0;3;2;5;26;70;12;108;2020
25092;18;53;3;74;1;1;0;2;19;54;3;76;19;33;6;58;2;3;1;6;21;36;7;64;37;86;9;132;3;4;1;8;40;90;10;140;2020
25093;71;241;53;365;0;21;2;23;71;262;55;388;83;227;59;369;1;17;1;19;84;244;60;388;154;468;112;734;1;38;3;42;155;506;115;776;2020
25094;29;53;8;90;0;34;8;42;29;87;16;132;23;29;8;60;2;6;3;11;25;35;11;71;52;82;16;150;2;40;11;53;54;122;27;203;2020
25096;121;312;92;525;0;82;13;95;121;394;105;620;169;300;91;560;2;47;21;70;171;347;112;630;290;612;183;1085;2;129;34;165;292;741;217;1250;2020
25097;19;30;1;50;0;3;0;3;19;33;1;53;16;29;2;47;1;1;0;2;17;30;2;49;35;59;3;97;1;4;0;5;36;63;3;102;2020
25098;42;71;11;124;0;7;0;7;42;78;11;131;53;63;10;126;0;4;0;4;53;67;10;130;95;134;21;250;0;11;0;11;95;145;21;261;2020
25099;155;503;147;805;1;124;10;135;156;627;157;940;170;486;162;818;4;78;15;97;174;564;177;915;325;989;309;1623;5;202;25;232;330;1191;334;1855;2020
25100;28;74;10;112;2;3;1;6;30;77;11;118;29;47;7;83;0;5;0;5;29;52;7;88;57;121;17;195;2;8;1;11;59;129;18;206;2020
25101;101;181;34;316;0;53;23;76;101;234;57;392;108;146;22;276;0;36;12;48;108;182;34;324;209;327;56;592;0;89;35;124;209;416;91;716;2020
25102;100;235;27;362;2;121;24;147;102;356;51;509;129;179;34;342;0;47;24;71;129;226;58;413;229;414;61;704;2;168;48;218;231;582;109;922;2020
25103;29;46;5;80;0;0;0;0;29;46;5;80;17;41;5;63;0;0;0;0;17;41;5;63;46;87;10;143;0;0;0;0;46;87;10;143;2020
25104;26;47;7;80;0;2;0;2;26;49;7;82;25;31;13;69;0;0;0;0;25;31;13;69;51;78;20;149;0;2;0;2;51;80;20;151;2020
25105;21;38;7;66;1;16;2;19;22;54;9;85;19;26;2;47;1;3;4;8;20;29;6;55;40;64;9;113;2;19;6;27;42;83;15;140;2020
25109;44;71;7;122;1;14;4;19;45;85;11;141;55;47;9;111;0;11;8;19;55;58;17;130;99;118;16;233;1;25;12;38;100;143;28;271;2020
25110;289;1130;348;1767;16;1660;450;2126;305;2790;798;3893;362;1013;319;1694;36;1275;350;1661;398;2288;669;3355;651;2143;667;3461;52;2935;800;3787;703;5078;1467;7248;2020
25111;24;47;7;78;0;1;1;2;24;48;8;80;19;25;4;48;0;4;0;4;19;29;4;52;43;72;11;126;0;5;1;6;43;77;12;132;2020
25112;41;91;18;150;0;22;1;23;41;113;19;173;48;88;20;156;0;3;0;3;48;91;20;159;89;179;38;306;0;25;1;26;89;204;39;332;2020
25113;199;356;87;642;3;143;18;164;202;499;105;806;246;323;95;664;0;51;16;67;246;374;111;731;445;679;182;1306;3;194;34;231;448;873;216;1537;2020
25114;15;41;2;58;0;1;0;1;15;42;2;59;21;24;2;47;0;2;0;2;21;26;2;49;36;65;4;105;0;3;0;3;36;68;4;108;2020
25115;162;273;55;490;2;61;9;72;164;334;64;562;160;222;45;427;3;38;12;53;163;260;57;480;322;495;100;917;5;99;21;125;327;594;121;1042;2020
25118;51;117;9;177;1;26;2;29;52;143;11;206;61;92;24;177;1;9;2;12;62;101;26;189;112;209;33;354;2;35;4;41;114;244;37;395;2020
25119;348;807;231;1386;6;416;69;491;354;1223;300;1877;408;745;177;1330;3;220;71;294;411;965;248;1624;756;1552;408;2716;9;636;140;785;765;2188;548;3501;2020
25120;10246;34614;9367;54227;279;12605;2430;15314;10525;47219;11797;69541;14383;35472;8921;58776;346;9506;2234;12086;14729;44978;11155;70862;24629;70086;18288;113003;625;22111;4664;27400;25254;92197;22952;140403;2020
25121;54;279;50;383;0;66;15;81;54;345;65;464;78;246;68;392;1;93;21;115;79;339;89;507;132;525;118;775;1;159;36;196;133;684;154;971;2020
25122;260;727;166;1153;7;169;38;214;267;896;204;1367;302;677;187;1166;7;139;38;184;309;816;225;1350;562;1404;353;2319;14;308;76;398;576;1712;429;2717;2020
25123;29;69;14;112;0;7;0;7;29;76;14;119;33;68;14;115;0;3;0;3;33;71;14;118;62;137;28;227;0;10;0;10;62;147;28;237;2020
25124;31;55;9;95;0;0;0;0;31;55;9;95;21;51;12;84;0;1;0;1;21;52;12;85;52;106;21;179;0;1;0;1;52;107;21;180;2020
25125;72;134;24;230;1;6;0;7;73;140;24;237;79;106;16;201;0;6;0;6;79;112;16;207;151;240;40;431;1;12;0;13;152;252;40;444;2020
25126;36;109;22;167;2;7;0;9;38;116;22;176;34;100;19;153;3;14;0;17;37;114;19;170;70;209;41;320;5;21;0;26;75;230;41;346;2020
25127;40;92;18;150;1;5;1;7;41;97;19;157;29;63;15;107;0;5;1;6;29;68;16;113;69;155;33;257;1;10;2;13;70;165;35;270;2020
25128;28;47;10;85;0;1;0;1;28;48;10;86;19;33;6;58;0;2;0;2;19;35;6;60;47;80;16;143;0;3;0;3;47;83;16;146;2020
25129;28;61;18;107;0;0;0;0;28;61;18;107;28;45;8;81;0;0;0;0;28;45;8;81;56;106;26;188;0;0;0;0;56;106;26;188;2020
25130;30;57;15;102;0;6;1;7;30;63;16;109;44;61;7;112;0;5;1;6;44;66;8;118;74;118;22;214;0;11;2;13;74;129;24;227;2020
25131;57;144;21;222;3;125;4;132;60;269;25;354;77;127;19;223;0;24;9;33;77;151;28;256;134;271;40;445;3;149;13;165;137;420;53;610;2020
25132;18;55;16;89;0;26;2;28;18;81;18;117;16;46;16;78;0;13;4;17;16;59;20;95;34;101;32;167;0;39;6;45;34;140;38;212;2020
25133;130;228;32;390;0;96;14;110;130;324;46;500;134;185;40;359;0;37;13;50;134;222;53;409;264;413;72;749;0;133;27;160;264;546;99;909;2020
25134;94;229;29;352;2;81;10;93;96;310;39;445;106;182;36;324;1;35;8;44;107;217;44;368;200;411;65;676;3;116;18;137;203;527;83;813;2020
25135;142;380;108;630;2;67;18;87;144;447;126;717;150;348;104;602;2;47;17;66;152;395;121;668;292;728;212;1232;4;114;35;153;296;842;247;1385;2020
25136;16;31;2;49;0;2;0;2;16;33;2;51;17;32;4;53;0;0;0;0;17;32;4;53;33;63;6;102;0;2;0;2;33;65;6;104;2020
25137;883;3469;967;5319;25;1722;458;2205;908;5191;1425;7524;1161;3302;929;5392;39;1259;435;1733;1200;4561;1364;7125;2044;6771;1896;10711;64;2981;893;3938;2108;9752;2789;14649;2020
25138;100;196;34;330;0;10;2;12;100;206;36;342;115;160;22;297;0;4;0;4;115;164;22;301;215;356;56;627;0;14;2;16;215;370;58;643;2020
25139;75;191;34;300;1;13;4;18;76;204;38;318;63;155;24;242;2;15;1;18;65;170;25;260;138;346;58;542;3;28;5;36;141;374;63;578;2020
25140;115;301;90;506;8;38;7;53;123;339;97;559;88;272;83;443;7;19;6;32;95;291;89;475;203;573;173;949;15;57;13;85;218;630;186;1034;2020
25141;29;57;11;97;0;3;2;5;29;60;13;102;27;46;5;78;1;5;1;7;28;51;6;85;56;103;16;175;1;8;3;12;57;111;19;187;2020
25142;53;133;31;217;1;33;2;36;54;166;33;253;68;114;23;205;1;22;2;25;69;136;25;230;121;247;54;422;2;55;4;61;123;302;58;483;2020
25143;18;23;3;44;0;2;0;2;18;25;3;46;19;22;9;50;0;0;0;0;19;22;9;50;37;45;12;94;0;2;0;2;37;47;12;96;2020
25145;22;16;4;42;0;4;0;4;22;20;4;46;16;23;3;42;0;2;0;2;16;25;3;44;38;39;7;84;0;6;0;6;38;45;7;90;2020
25146;27;83;25;135;0;11;0;11;27;94;25;146;32;81;19;132;0;6;0;6;32;87;19;138;59;164;44;267;0;17;0;17;59;181;44;284;2020
25148;48;77;11;136;0;14;2;16;48;91;13;152;30;65;7;102;0;4;0;4;30;69;7;106;78;142;18;238;0;18;2;20;78;160;20;258;2020
25149;257;443;80;780;1;109;28;138;258;552;108;918;262;422;89;773;7;114;31;152;269;536;120;925;519;865;169;1553;8;223;59;290;527;1088;228;1843;2020
25150;27;67;8;102;0;6;1;7;27;73;9;109;24;55;12;91;0;3;0;3;24;58;12;94;51;122;20;193;0;9;1;10;51;131;21;203;2020
25151;89;299;122;510;0;17;0;17;89;316;122;527;76;280;90;446;0;7;1;8;76;287;91;454;165;579;212;956;0;24;1;25;165;603;213;981;2020
25152;27;51;10;88;1;1;0;2;28;52;10;90;33;39;6;78;0;3;0;3;33;42;6;81;60;90;16;166;1;4;0;5;61;94;16;171;2020
25153;39;63;7;109;0;1;0;1;39;64;7;110;38;47;11;96;0;0;0;0;38;47;11;96;77;110;18;205;0;1;0;1;77;111;18;206;2020
25154;22;48;4;74;0;0;0;0;22;48;4;74;14;35;4;53;1;2;0;3;15;37;4;56;36;83;8;127;1;2;0;3;37;85;8;130;2020
25155;91;209;49;349;1;31;6;38;92;240;55;387;129;184;34;347;2;29;6;37;131;213;40;384;220;393;83;696;3;60;12;75;223;453;95;771;2020
25156;105;306;68;479;1;15;6;22;106;321;74;501;100;284;82;466;0;11;2;13;100;295;84;479;205;590;150;945;1;26;8;35;206;616;158;980;2020
25157;25;53;13;91;0;6;0;6;25;59;13;97;30;54;14;98;1;7;0;8;31;61;14;106;55;107;27;189;1;13;0;14;56;120;27;203;2020
25158;166;637;168;971;2;78;20;100;168;715;188;1071;234;591;166;991;11;76;17;104;245;667;183;1095;400;1228;334;1962;13;154;37;204;413;1382;371;2166;2020
25161;67;108;24;199;3;7;0;10;70;115;24;209;59;104;24;187;5;6;3;14;64;110;27;201;126;212;48;386;8;13;3;24;134;225;51;410;2020
25163;30;105;14;149;0;2;0;2;30;107;14;151;22;71;8;101;1;1;1;3;23;72;9;104;52;176;22;250;1;3;1;5;53;179;23;255;2020
25164;63;146;23;232;0;19;4;23;63;165;27;255;60;89;21;170;0;9;2;11;60;98;23;181;123;235;44;402;0;28;6;34;123;263;50;436;2020
25165;45;95;13;153;0;17;3;20;45;112;16;173;53;83;13;149;2;18;5;25;55;101;18;174;98;178;26;302;2;35;8;45;100;213;34;347;2020
25166;27;71;12;110;1;2;0;3;28;73;12;113;29;42;6;77;0;3;0;3;29;45;6;80;56;113;18;187;1;5;0;6;57;118;18;193;2020
25167;39;90;17;146;0;5;1;6;39;95;18;152;34;70;19;123;1;7;3;11;35;77;22;134;73;160;36;269;1;12;4;17;74;172;40;286;2020
25168;79;179;39;297;0;42;11;53;79;221;50;350;87;162;31;280;0;32;8;40;87;194;39;320;166;341;70;577;0;74;19;93;166;415;89;670;2020
25169;26;66;6;98;0;4;2;6;26;70;8;104;36;44;3;83;0;2;0;2;36;46;3;85;62;110;9;181;0;6;2;8;62;116;11;189;2020
25170;41;93;15;149;0;1;0;1;41;94;15;150;50;78;8;136;0;1;0;1;50;79;8;137;91;171;23;285;0;2;0;2;91;173;23;287;2020
25171;343;700;168;1211;5;233;66;304;348;933;234;1515;429;674;145;1248;11;204;65;280;440;878;210;1528;772;1374;313;2459;16;437;131;584;788;1811;444;3043;2020
25172;241;625;148;1014;8;257;58;323;249;882;206;1337;309;605;144;1058;11;192;46;249;320;797;190;1307;550;1230;292;2072;19;449;104;572;569;1679;396;2644;2020
25173;202;628;144;974;3;110;41;154;205;738;185;1128;263;572;125;960;4;125;40;169;267;697;165;1129;465;1200;269;1934;7;235;81;323;472;1435;350;2257;2020
25174;75;137;29;241;2;157;23;182;77;294;52;423;64;115;20;199;2;102;17;121;66;217;37;320;139;252;49;440;4;259;40;303;143;511;89;743;2020
25175;22;80;9;111;0;5;0;5;22;85;9;116;27;56;14;97;0;9;0;9;27;65;14;106;49;136;23;208;0;14;0;14;49;150;23;222;2020
25176;55;112;24;191;1;7;1;9;56;119;25;200;61;88;23;172;0;11;4;15;61;99;27;187;116;200;47;363;1;18;5;24;117;218;52;387;2020
25177;67;118;22;207;0;2;2;4;67;120;24;211;77;94;26;197;0;7;3;10;77;101;29;207;144;212;48;404;0;9;5;14;144;221;53;418;2020
25179;27;55;14;96;0;6;2;8;27;61;16;104;24;69;17;110;1;10;1;12;25;79;18;122;51;124;31;206;1;16;3;20;52;140;34;226;2020
25180;27;88;20;135;0;7;0;7;27;95;20;142;45;74;15;134;0;2;0;2;45;76;15;136;72;162;35;269;0;9;0;9;72;171;35;278;2020
25181;32;63;10;105;0;23;3;26;32;86;13;131;27;43;9;79;2;16;1;19;29;59;10;98;59;106;19;184;2;39;4;45;61;145;23;229;2020
25182;114;431;101;646;1;42;5;48;115;473;106;694;150;365;105;620;2;29;4;35;152;394;109;655;264;796;206;1266;3;71;9;83;267;867;215;1349;2020
25183;47;213;42;302;0;17;0;17;47;230;42;319;63;203;31;297;0;22;3;25;63;225;34;322;110;416;73;599;0;39;3;42;110;455;76;641;2020
25185;82;264;67;413;1;55;11;67;83;319;78;480;98;236;66;400;2;44;6;52;100;280;72;452;180;500;133;813;3;99;17;119;183;599;150;932;2020
25186;31;78;19;128;0;3;2;5;31;81;21;133;38;64;23;125;0;5;0;5;38;69;23;130;69;142;42;253;0;8;2;10;69;150;44;263;2020
25189;194;936;239;1369;8;240;46;294;202;1176;285;1663;262;851;251;1364;8;160;42;210;270;1011;293;1574;456;1787;490;2733;16;400;88;504;472;2187;578;3237;2020
25190;50;95;15;160;1;10;3;14;51;105;18;174;44;75;17;136;0;16;1;17;44;91;18;153;94;170;32;296;1;26;4;31;95;196;36;327;2020
25191;55;115;16;186;0;10;2;12;55;125;18;198;65;91;18;174;0;5;2;7;65;96;20;181;120;206;34;360;0;15;4;19;120;221;38;379;2020
25192;115;270;64;449;3;76;11;90;118;346;75;539;139;223;64;426;3;51;18;72;142;274;82;498;254;493;128;875;6;127;29;162;260;620;157;1037;2020
25193;124;258;50;432;1;24;10;35;125;282;60;467;153;247;60;460;0;26;7;33;153;273;67;493;277;505;110;892;1;50;17;68;278;555;127;960;2020
25194;83;140;22;245;0;14;0;14;83;154;22;259;81;106;31;218;0;7;3;10;81;113;34;228;164;246;53;463;0;21;3;24;164;267;56;487;2020
25196;27;34;2;63;0;10;1;11;27;44;3;74;16;25;2;43;0;3;2;5;16;28;4;48;43;59;4;106;0;13;3;16;43;72;7;122;2020
25197;25;48;10;83;0;15;1;16;25;63;11;99;29;44;5;78;0;3;1;4;29;47;6;82;54;92;15;161;0;18;2;20;54;110;17;181;2020
25200;69;110;16;195;0;6;2;8;69;116;18;203;57;81;13;151;0;3;1;4;57;84;14;155;126;191;29;346;0;9;3;12;126;200;32;358;2020
25201;22;42;1;65;0;3;0;3;22;45;1;68;17;24;5;46;0;2;0;2;17;26;5;48;39;66;6;111;0;5;0;5;39;71;6;116;2020
25202;10;53;3;66;1;13;2;16;11;66;5;82;11;30;6;47;1;8;1;10;12;38;7;57;21;83;9;113;2;21;3;26;23;104;12;139;2020
25203;984;3300;794;5078;29;676;136;841;1013;3976;930;5919;1297;3361;804;5462;41;687;97;825;1338;4048;901;6287;2281;6661;1598;10540;70;1363;233;1666;2351;8024;1831;12206;2020
25204;185;434;94;713;4;274;57;335;189;708;151;1048;223;346;93;662;3;174;59;236;226;520;152;898;408;780;187;1375;7;448;116;571;415;1228;303;1946;2020
25205;55;251;63;369;0;21;7;28;55;272;70;397;70;204;53;327;1;22;1;24;71;226;54;351;125;455;116;696;1;43;8;52;126;498;124;748;2020
25206;45;83;16;144;1;28;2;31;46;111;18;175;59;66;16;141;0;11;5;16;59;77;21;157;104;149;32;285;1;39;7;47;105;188;39;332;2020
25207;723;2454;648;3825;12;537;137;686;735;2991;785;4511;970;2390;658;4018;28;452;128;608;998;2842;786;4626;1693;4844;1306;7843;40;989;265;1294;1733;5833;1571;9137;2020
25208;32;149;36;217;0;6;2;8;32;155;38;225;30;132;28;190;0;5;0;5;30;137;28;195;62;281;64;407;0;11;2;13;62;292;66;420;2020
25209;183;599;163;945;3;95;23;121;186;694;186;1066;227;602;140;969;3;97;19;119;230;699;159;1088;410;1201;303;1914;6;192;42;240;416;1393;345;2154;2020
25210;163;386;110;659;4;197;53;254;167;583;163;913;180;361;121;662;3;143;40;186;183;504;161;848;343;747;231;1321;7;340;93;440;350;1087;324;1761;2020
25211;100;260;49;409;2;42;4;48;102;302;53;457;105;214;36;355;0;22;6;28;105;236;42;383;205;474;85;764;2;64;10;76;207;538;95;840;2020
25212;31;86;14;131;0;64;5;69;31;150;19;200;37;70;12;119;0;17;7;24;37;87;19;143;68;156;26;250;0;81;12;93;68;237;38;343;2020
25215;46;321;22;389;1;9;3;13;47;330;25;402;40;115;26;181;1;10;1;12;41;125;27;193;86;436;48;570;2;19;4;25;88;455;52;595;2020
25216;45;91;17;153;0;3;0;3;45;94;17;156;45;64;13;122;0;1;0;1;45;65;13;123;90;155;30;275;0;4;0;4;90;159;30;279;2020
25217;1147;4289;1214;6650;53;1489;466;2008;1200;5778;1680;8658;1523;4241;1188;6952;56;1395;384;1835;1579;5636;1572;8787;2670;8530;2402;13602;109;2884;850;3843;2779;11414;3252;17445;2020
25218;19;28;6;53;0;1;0;1;19;29;6;54;12;27;9;48;0;0;0;0;12;27;9;48;31;55;15;101;0;1;0;1;31;56;15;102;2020
25219;31;51;13;95;0;4;0;4;31;55;13;99;21;46;17;84;0;5;0;5;21;51;17;89;52;97;30;179;0;9;0;9;52;106;30;188;2020
25220;134;370;76;580;2;99;7;108;136;469;83;688;195;310;86;591;2;75;4;81;197;385;90;672;329;680;162;1171;4;174;11;189;333;854;173;1360;2020
25221;15;43;5;63;0;0;0;0;15;43;5;63;21;40;7;68;1;2;0;3;22;42;7;71;36;83;12;131;1;2;0;3;37;85;12;134;2020
25222;9;22;3;34;0;0;0;0;9;22;3;34;10;29;4;43;0;0;0;0;10;29;4;43;19;51;7;77;0;0;0;0;19;51;7;77;2020
25223;122;329;64;515;2;86;24;112;124;415;88;627;153;310;64;527;2;63;18;83;155;373;82;610;275;639;128;1042;4;149;42;195;279;788;170;1237;2020
25224;21;41;9;71;0;3;0;3;21;44;9;74;25;36;2;63;1;0;0;1;26;36;2;64;46;77;11;134;1;3;0;4;47;80;11;138;2020
25225;95;186;39;320;4;93;23;120;99;279;62;440;106;140;33;279;4;80;19;103;110;220;52;382;201;326;72;599;8;173;42;223;209;499;114;822;2020
25226;39;88;15;142;0;1;0;1;39;89;15;143;46;63;14;123;0;1;0;1;46;64;14;124;85;151;29;265;0;2;0;2;85;153;29;267;2020
25227;95;243;32;370;0;9;2;11;95;252;34;381;135;193;26;354;1;19;4;24;136;212;30;378;230;436;58;724;1;28;6;35;231;464;64;759;2020
25228;267;1375;454;2096;7;223;55;285;274;1598;509;2381;316;1304;408;2028;7;226;52;285;323;1530;460;2313;583;2679;862;4124;14;449;107;570;597;3128;969;4694;2020
25230;222;547;120;889;8;208;38;254;230;755;158;1143;280;499;115;894;4;104;34;142;284;603;149;1036;502;1046;235;1783;12;312;72;396;514;1358;307;2179;2020
25231;76;175;37;288;1;147;7;155;77;322;44;443;80;148;44;272;1;18;1;20;81;166;45;292;156;323;81;560;2;165;8;175;158;488;89;735;2020
25232;200;489;91;780;4;394;50;448;204;883;141;1228;233;442;111;786;2;302;48;352;235;744;159;1138;433;931;202;1566;6;696;98;800;439;1627;300;2366;2020
25233;37;106;18;161;0;44;3;47;37;150;21;208;46;98;23;167;0;18;5;23;46;116;28;190;83;204;41;328;0;62;8;70;83;266;49;398;2020
25234;553;1513;349;2415;9;385;86;480;562;1898;435;2895;747;1440;360;2547;19;366;84;469;766;1806;444;3016;1300;2953;709;4962;28;751;170;949;1328;3704;879;5911;2020
25238;36;80;7;123;0;4;0;4;36;84;7;127;49;49;13;111;1;4;0;5;50;53;13;116;85;129;20;234;1;8;0;9;86;137;20;243;2020
25239;70;221;56;347;6;48;3;57;76;269;59;404;82;205;43;330;2;43;5;50;84;248;48;380;152;426;99;677;8;91;8;107;160;517;107;784;2020
25240;166;520;149;835;2;87;27;116;168;607;176;951;182;518;146;846;5;74;30;109;187;592;176;955;348;1038;295;1681;7;161;57;225;355;1199;352;1906;2020
25242;92;233;46;371;3;40;7;50;95;273;53;421;153;227;51;431;1;40;9;50;154;267;60;481;245;460;97;802;4;80;16;100;249;540;113;902;2020
25243;338;1602;337;2277;7;486;88;581;345;2088;425;2858;384;1470;321;2175;21;473;84;578;405;1943;405;2753;722;3072;658;4452;28;959;172;1159;750;4031;830;5611;2020
25244;47;160;42;249;0;36;9;45;47;196;51;294;51;132;37;220;0;38;8;46;51;170;45;266;98;292;79;469;0;74;17;91;98;366;96;560;2020
25245;56;170;37;263;1;22;5;28;57;192;42;291;75;123;24;222;1;31;4;36;76;154;28;258;131;293;61;485;2;53;9;64;133;346;70;549;2020
25247;12;68;9;89;1;5;0;6;13;73;9;95;12;53;11;76;1;6;0;7;13;59;11;83;24;121;20;165;2;11;0;13;26;132;20;178;2020
25248;155;281;86;522;1;73;4;78;156;354;90;600;201;259;90;550;0;28;5;33;201;287;95;583;356;540;176;1072;1;101;9;111;357;641;185;1183;2020
25249;32;56;8;96;0;2;0;2;32;58;8;98;36;57;6;99;0;3;0;3;36;60;6;102;68;113;14;195;0;5;0;5;68;118;14;200;2020
25250;73;117;21;211;1;33;4;38;74;150;25;249;59;77;15;151;3;8;4;15;62;85;19;166;132;194;36;362;4;41;8;53;136;235;44;415;2020
25251;90;288;75;453;1;70;5;76;91;358;80;529;99;244;59;402;2;42;10;54;101;286;69;456;189;532;134;855;3;112;15;130;192;644;149;985;2020
25252;52;229;65;346;0;22;5;27;52;251;70;373;81;204;52;337;1;20;3;24;82;224;55;361;133;433;117;683;1;42;8;51;134;475;125;734;2020
25253;34;46;5;85;0;4;0;4;34;50;5;89;30;38;6;74;1;8;1;10;31;46;7;84;64;84;11;159;1;12;1;14;65;96;12;173;2020
25254;98;248;70;416;4;166;6;176;102;414;76;592;134;231;52;417;2;70;7;79;136;301;59;496;232;479;122;833;6;236;13;255;238;715;135;1088;2020
25255;67;127;28;222;1;8;4;13;68;135;32;235;76;115;13;204;0;9;2;11;76;124;15;215;143;242;41;426;1;17;6;24;144;259;47;450;2020
25901;38;124;16;178;2;9;0;11;40;133;16;189;43;84;23;150;1;8;2;11;44;92;25;161;81;208;39;328;3;17;2;22;84;225;41;350;2020
25902;95;187;31;313;1;11;3;15;96;198;34;328;117;138;41;296;0;13;2;15;117;151;43;311;212;325;72;609;1;24;5;30;213;349;77;639;2020
25903;39;84;11;134;1;16;5;22;40;100;16;156;37;64;14;115;0;17;1;18;37;81;15;133;76;148;25;249;1;33;6;40;77;181;31;289;2020
25904;30;54;10;94;0;2;0;2;30;56;10;96;28;43;6;77;0;0;0;0;28;43;6;77;58;97;16;171;0;2;0;2;58;99;16;173;2020
25905;55;131;24;210;0;4;1;5;55;135;25;215;66;118;25;209;1;6;2;9;67;124;27;218;121;249;49;419;1;10;3;14;122;259;52;433;2020
25906;42;77;9;128;1;11;0;12;43;88;9;140;27;55;6;88;5;12;0;17;32;67;6;105;69;132;15;216;6;23;0;29;75;155;15;245;2020
25907;76;195;34;305;0;17;4;21;76;212;38;326;81;151;30;262;3;13;3;19;84;164;33;281;157;346;64;567;3;30;7;40;160;376;71;607;2020
25908;40;83;12;135;0;5;0;5;40;88;12;140;35;55;10;100;0;4;0;4;35;59;10;104;75;138;22;235;0;9;0;9;75;147;22;244;2020
25909;23;49;2;74;0;4;0;4;23;53;2;78;22;40;3;65;1;5;0;6;23;45;3;71;45;89;5;139;1;9;0;10;46;98;5;149;2020
25910;17;37;1;55;0;3;1;4;17;40;2;59;14;25;3;42;0;2;0;2;14;27;3;44;31;62;4;97;0;5;1;6;31;67;5;103;2020
25911;69;168;19;256;2;6;2;10;71;174;21;266;74;104;26;204;0;19;2;21;74;123;28;225;143;272;45;460;2;25;4;31;145;297;49;491;2020
25912;120;320;65;505;1;76;18;95;121;396;83;600;139;273;68;480;1;33;6;40;140;306;74;520;259;593;133;985;2;109;24;135;261;702;157;1120;2020
25913;14;37;4;55;0;0;0;0;14;37;4;55;7;28;3;38;0;0;0;0;7;28;3;38;21;65;7;93;0;0;0;0;21;65;7;93;2020
26001;38;83;11;132;0;13;5;18;38;96;16;150;33;44;12;89;0;12;4;16;33;56;16;105;71;127;23;221;0;25;9;34;71;152;32;255;2020
26002;116;336;64;516;3;67;19;89;119;403;83;605;119;247;48;414;6;61;10;77;125;308;58;491;235;583;112;930;9;128;29;166;244;711;141;1096;2020
26003;74;122;14;210;0;27;5;32;74;149;19;242;92;89;18;199;0;14;4;18;92;103;22;217;166;211;32;409;0;41;9;50;166;252;41;459;2020
26004;24;22;0;46;0;0;0;0;24;22;0;46;6;16;0;22;0;0;0;0;6;16;0;22;30;38;0;68;0;0;0;0;30;38;0;68;2020
26005;328;957;253;1538;3;196;37;236;331;1153;290;1774;381;863;237;1481;14;164;48;226;395;1027;285;1707;709;1820;490;3019;17;360;85;462;726;2180;575;3481;2020
26006;225;738;161;1124;6;88;31;125;231;826;192;1249;248;668;160;1076;10;97;25;132;258;765;185;1208;473;1406;321;2200;16;185;56;257;489;1591;377;2457;2020
26007;83;172;23;278;2;49;8;59;85;221;31;337;102;138;28;268;2;27;4;33;104;165;32;301;185;310;51;546;4;76;12;92;189;386;63;638;2020
26008;304;634;159;1097;5;250;77;332;309;884;236;1429;330;585;149;1064;3;189;75;267;333;774;224;1331;634;1219;308;2161;8;439;152;599;642;1658;460;2760;2020
26009;67;145;19;231;0;20;10;30;67;165;29;261;79;112;24;215;1;24;3;28;80;136;27;243;146;257;43;446;1;44;13;58;147;301;56;504;2020
26010;18;32;6;56;0;0;0;0;18;32;6;56;17;19;2;38;0;0;0;0;17;19;2;38;35;51;8;94;0;0;0;0;35;51;8;94;2020
26011;969;2717;635;4321;7;397;106;510;976;3114;741;4831;1124;2553;629;4306;10;367;97;474;1134;2920;726;4780;2093;5270;1264;8627;17;764;203;984;2110;6034;1467;9611;2020
26012;6;14;1;21;0;0;0;0;6;14;1;21;4;6;1;11;0;0;0;0;4;6;1;11;10;20;2;32;0;0;0;0;10;20;2;32;2020
26013;39;149;26;214;0;10;5;15;39;159;31;229;42;111;27;180;1;9;6;16;43;120;33;196;81;260;53;394;1;19;11;31;82;279;64;425;2020
26014;124;129;14;267;0;9;0;9;124;138;14;276;116;75;20;211;0;6;1;7;116;81;21;218;240;204;34;478;0;15;1;16;240;219;35;494;2020
26015;41;57;9;107;0;11;3;14;41;68;12;121;46;46;5;97;0;14;5;19;46;60;10;116;87;103;14;204;0;25;8;33;87;128;22;237;2020
26016;9;11;0;20;0;0;0;0;9;11;0;20;6;3;0;9;0;0;0;0;6;3;0;9;15;14;0;29;0;0;0;0;15;14;0;29;2020
26017;42;139;24;205;1;9;3;13;43;148;27;218;58;134;19;211;0;19;0;19;58;153;19;230;100;273;43;416;1;28;3;32;101;301;46;448;2020
26018;1313;3901;981;6195;38;971;293;1302;1351;4872;1274;7497;1567;3822;884;6273;55;936;254;1245;1622;4758;1138;7518;2880;7723;1865;12468;93;1907;547;2547;2973;9630;2412;15015;2020
26019;47;136;25;208;2;48;10;60;49;184;35;268;52;114;21;187;0;41;20;61;52;155;41;248;99;250;46;395;2;89;30;121;101;339;76;516;2020
26020;85;156;25;266;4;139;20;163;89;295;45;429;90;131;24;245;3;100;31;134;93;231;55;379;175;287;49;511;7;239;51;297;182;526;100;808;2020
26021;340;1061;272;1673;18;444;157;619;358;1505;429;2292;434;948;264;1646;19;486;180;685;453;1434;444;2331;774;2009;536;3319;37;930;337;1304;811;2939;873;4623;2020
26022;35;60;1;96;0;21;7;28;35;81;8;124;46;35;1;82;0;10;3;13;46;45;4;95;81;95;2;178;0;31;10;41;81;126;12;219;2020
26023;77;147;11;235;0;9;1;10;77;156;12;245;104;101;13;218;1;10;3;14;105;111;16;232;181;248;24;453;1;19;4;24;182;267;28;477;2020
26024;43;60;12;115;2;7;1;10;45;67;13;125;55;44;3;102;1;2;0;3;56;46;3;105;98;104;15;217;3;9;1;13;101;113;16;230;2020
26025;19;28;1;48;0;0;0;0;19;28;1;48;14;19;1;34;0;1;0;1;14;20;1;35;33;47;2;82;0;1;0;1;33;48;2;83;2020
26026;184;458;92;734;1;50;10;61;185;508;102;795;204;442;86;732;4;43;11;58;208;485;97;790;388;900;178;1466;5;93;21;119;393;993;199;1585;2020
26027;35;51;3;89;0;3;1;4;35;54;4;93;27;25;1;53;0;4;1;5;27;29;2;58;62;76;4;142;0;7;2;9;62;83;6;151;2020
26028;28;44;3;75;0;7;0;7;28;51;3;82;26;33;4;63;0;3;0;3;26;36;4;66;54;77;7;138;0;10;0;10;54;87;7;148;2020
26029;7;9;0;16;1;0;0;1;8;9;0;17;7;10;0;17;1;0;0;1;8;10;0;18;14;19;0;33;2;0;0;2;16;19;0;35;2020
26030;2;6;1;9;0;1;0;1;2;7;1;10;3;6;2;11;0;1;0;1;3;7;2;12;5;12;3;20;0;2;0;2;5;14;3;22;2020
26031;16;32;0;48;0;1;0;1;16;33;0;49;20;26;1;47;0;0;0;0;20;26;1;47;36;58;1;95;0;1;0;1;36;59;1;96;2020
26032;9;16;0;25;0;0;0;0;9;16;0;25;6;7;0;13;0;0;0;0;6;7;0;13;15;23;0;38;0;0;0;0;15;23;0;38;2020
26033;14;64;9;87;0;1;0;1;14;65;9;88;23;66;13;102;0;0;0;0;23;66;13;102;37;130;22;189;0;1;0;1;37;131;22;190;2020
26034;112;205;45;362;0;27;5;32;112;232;50;394;112;182;39;333;1;16;5;22;113;198;44;355;224;387;84;695;1;43;10;54;225;430;94;749;2020
26035;3;7;0;10;0;0;0;0;3;7;0;10;2;2;0;4;0;0;0;0;2;2;0;4;5;9;0;14;0;0;0;0;5;9;0;14;2020
26036;1948;6450;1701;10099;42;1494;407;1943;1990;7944;2108;12042;2557;6412;1590;10559;68;1520;342;1930;2625;7932;1932;12489;4505;12862;3291;20658;110;3014;749;3873;4615;15876;4040;24531;2020
26037;29;39;2;70;0;12;7;19;29;51;9;89;29;30;4;63;0;8;5;13;29;38;9;76;58;69;6;133;0;20;12;32;58;89;18;165;2020
26038;15;36;0;51;0;4;0;4;15;40;0;55;12;14;0;26;0;5;0;5;12;19;0;31;27;50;0;77;0;9;0;9;27;59;0;86;2020
26039;8;14;1;23;0;0;0;0;8;14;1;23;7;11;1;19;0;1;0;1;7;12;1;20;15;25;2;42;0;1;0;1;15;26;2;43;2020
26040;14;18;2;34;1;9;4;14;15;27;6;48;16;14;3;33;3;7;2;12;19;21;5;45;30;32;5;67;4;16;6;26;34;48;11;93;2020
26041;27;25;4;56;1;9;0;10;28;34;4;66;36;21;1;58;0;0;0;0;36;21;1;58;63;46;5;114;1;9;0;10;64;55;5;124;2020
26042;110;283;58;451;0;72;27;99;110;355;85;550;140;257;50;447;1;88;16;105;141;345;66;552;250;540;108;898;1;160;43;204;251;700;151;1102;2020
26043;69;94;14;177;0;11;2;13;69;105;16;190;72;111;17;200;0;11;3;14;72;122;20;214;141;205;31;377;0;22;5;27;141;227;36;404;2020
26044;7;19;1;27;0;1;0;1;7;20;1;28;5;14;0;19;0;0;0;0;5;14;0;19;12;33;1;46;0;1;0;1;12;34;1;47;2020
26045;3;1;0;4;0;0;0;0;3;1;0;4;2;5;0;7;0;0;0;0;2;5;0;7;5;6;0;11;0;0;0;0;5;6;0;11;2020
26046;228;568;119;915;4;119;29;152;232;687;148;1067;275;507;116;898;1;89;31;121;276;596;147;1019;503;1075;235;1813;5;208;60;273;508;1283;295;2086;2020
26047;362;627;111;1100;0;79;18;97;362;706;129;1197;394;511;100;1005;5;78;23;106;399;589;123;1111;756;1138;211;2105;5;157;41;203;761;1295;252;2308;2020
26048;3;9;0;12;0;0;0;0;3;9;0;12;4;5;3;12;0;0;0;0;4;5;3;12;7;14;3;24;0;0;0;0;7;14;3;24;2020
26049;22;61;8;91;0;2;1;3;22;63;9;94;24;49;6;79;0;3;1;4;24;52;7;83;46;110;14;170;0;5;2;7;46;115;16;177;2020
26050;29;61;14;104;1;5;0;6;30;66;14;110;21;29;2;52;0;5;1;6;21;34;3;58;50;90;16;156;1;10;1;12;51;100;17;168;2020
26051;42;89;22;153;0;7;2;9;42;96;24;162;25;60;10;95;0;12;0;12;25;72;10;107;67;149;32;248;0;19;2;21;67;168;34;269;2020
26052;24;49;1;74;0;2;0;2;24;51;1;76;41;34;1;76;0;1;0;1;41;35;1;77;65;83;2;150;0;3;0;3;65;86;2;153;2020
26053;28;76;8;112;0;19;2;21;28;95;10;133;40;50;7;97;1;16;9;26;41;66;16;123;68;126;15;209;1;35;11;47;69;161;26;256;2020
26054;73;101;8;182;0;3;0;3;73;104;8;185;65;59;6;130;0;2;0;2;65;61;6;132;138;160;14;312;0;5;0;5;138;165;14;317;2020
26055;7;16;1;24;0;0;0;0;7;16;1;24;6;8;1;15;0;0;0;0;6;8;1;15;13;24;2;39;0;0;0;0;13;24;2;39;2020
26056;70;155;26;251;0;23;2;25;70;178;28;276;68;120;20;208;2;19;4;25;70;139;24;233;138;275;46;459;2;42;6;50;140;317;52;509;2020
26057;11;22;1;34;0;0;0;0;11;22;1;34;6;10;0;16;0;0;0;0;6;10;0;16;17;32;1;50;0;0;0;0;17;32;1;50;2020
26058;35;65;3;103;1;2;3;6;36;67;6;109;16;37;2;55;1;5;0;6;17;42;2;61;51;102;5;158;2;7;3;12;53;109;8;170;2020
26059;167;429;108;704;1;92;15;108;168;521;123;812;150;382;115;647;2;65;19;86;152;447;134;733;317;811;223;1351;3;157;34;194;320;968;257;1545;2020
26060;19;31;1;51;1;2;0;3;20;33;1;54;17;9;0;26;0;3;3;6;17;12;3;32;36;40;1;77;1;5;3;9;37;45;4;86;2020
26061;219;617;89;925;2;111;30;143;221;728;119;1068;222;505;107;834;7;116;20;143;229;621;127;977;441;1122;196;1759;9;227;50;286;450;1349;246;2045;2020
26062;18;32;4;54;0;0;1;1;18;32;5;55;14;20;5;39;0;0;0;0;14;20;5;39;32;52;9;93;0;0;1;1;32;52;10;94;2020
26063;23;55;1;79;0;10;1;11;23;65;2;90;17;22;1;40;1;2;1;4;18;24;2;44;40;77;2;119;1;12;2;15;41;89;4;134;2020
26064;248;967;228;1443;5;120;32;157;253;1087;260;1600;272;889;250;1411;5;101;26;132;277;990;276;1543;520;1856;478;2854;10;221;58;289;530;2077;536;3143;2020
26065;9;27;3;39;0;5;0;5;9;32;3;44;7;15;0;22;0;1;0;1;7;16;0;23;16;42;3;61;0;6;0;6;16;48;3;67;2020
26066;41;103;14;158;1;23;3;27;42;126;17;185;36;95;25;156;3;18;4;25;39;113;29;181;77;198;39;314;4;41;7;52;81;239;46;366;2020
26067;3;10;0;13;0;0;0;0;3;10;0;13;1;6;0;7;0;0;0;0;1;6;0;7;4;16;0;20;0;0;0;0;4;16;0;20;2020
26068;15;30;8;53;0;6;1;7;15;36;9;60;13;21;9;43;0;7;1;8;13;28;10;51;28;51;17;96;0;13;2;15;28;64;19;111;2020
26069;60;67;8;135;1;5;0;6;61;72;8;141;56;42;3;101;0;2;3;5;56;44;6;106;116;109;11;236;1;7;3;11;117;116;14;247;2020
26070;21;60;6;87;0;15;0;15;21;75;6;102;36;35;7;78;0;6;1;7;36;41;8;85;57;95;13;165;0;21;1;22;57;116;14;187;2020
26071;965;3368;802;5135;10;430;124;564;975;3798;926;5699;1282;3277;770;5329;20;428;81;529;1302;3705;851;5858;2247;6645;1572;10464;30;858;205;1093;2277;7503;1777;11557;2020
26072;40;106;12;158;0;11;0;11;40;117;12;169;47;94;13;154;0;7;0;7;47;101;13;161;87;200;25;312;0;18;0;18;87;218;25;330;2020
26073;22;27;4;53;1;6;0;7;23;33;4;60;20;21;0;41;1;9;0;10;21;30;0;51;42;48;4;94;2;15;0;17;44;63;4;111;2020
26074;26;33;2;61;0;3;2;5;26;36;4;66;28;21;7;56;0;4;0;4;28;25;7;60;54;54;9;117;0;7;2;9;54;61;11;126;2020
26075;62;115;24;201;1;17;6;24;63;132;30;225;52;87;27;166;2;18;7;27;54;105;34;193;114;202;51;367;3;35;13;51;117;237;64;418;2020
26076;25;28;5;58;0;5;1;6;25;33;6;64;32;28;4;64;0;4;2;6;32;32;6;70;57;56;9;122;0;9;3;12;57;65;12;134;2020
26077;2;6;0;8;0;0;0;0;2;6;0;8;3;5;0;8;0;0;0;0;3;5;0;8;5;11;0;16;0;0;0;0;5;11;0;16;2020
26078;19;31;4;54;0;4;0;4;19;35;4;58;13;19;3;35;0;1;0;1;13;20;3;36;32;50;7;89;0;5;0;5;32;55;7;94;2020
26079;121;231;45;397;2;48;21;71;123;279;66;468;123;164;32;319;4;39;16;59;127;203;48;378;244;395;77;716;6;87;37;130;250;482;114;846;2020
26080;100;152;27;279;3;48;11;62;103;200;38;341;93;107;22;222;0;35;5;40;93;142;27;262;193;259;49;501;3;83;16;102;196;342;65;603;2020
26081;5;2;0;7;0;2;1;3;5;4;1;10;5;3;0;8;0;2;1;3;5;5;1;11;10;5;0;15;0;4;2;6;10;9;2;21;2020
26082;23;42;0;65;0;0;0;0;23;42;0;65;23;15;2;40;0;1;0;1;23;16;2;41;46;57;2;105;0;1;0;1;46;58;2;106;2020
26083;61;116;3;180;1;8;1;10;62;124;4;190;68;77;4;149;0;4;0;4;68;81;4;153;129;193;7;329;1;12;1;14;130;205;8;343;2020
26084;645;3170;932;4747;24;512;136;672;669;3682;1068;5419;637;3050;896;4583;48;615;148;811;685;3665;1044;5394;1282;6220;1828;9330;72;1127;284;1483;1354;7347;2112;10813;2020
26086;7;5;0;12;0;0;0;0;7;5;0;12;1;3;0;4;0;0;0;0;1;3;0;4;8;8;0;16;0;0;0;0;8;8;0;16;2020
26087;39;57;5;101;0;14;5;19;39;71;10;120;55;31;6;92;0;23;1;24;55;54;7;116;94;88;11;193;0;37;6;43;94;125;17;236;2020
26088;12;12;0;24;0;0;0;0;12;12;0;24;7;10;0;17;0;0;0;0;7;10;0;17;19;22;0;41;0;0;0;0;19;22;0;41;2020
26089;12874;40500;10616;63990;223;6528;1600;8351;13097;47028;12216;72341;18062;43053;9985;71100;378;7203;1463;9044;18440;50256;11448;80144;30936;83553;20601;135090;601;13731;3063;17395;31537;97284;23664;152485;2020
26091;43;60;1;104;0;0;0;0;43;60;1;104;32;16;0;48;0;0;0;0;32;16;0;48;75;76;1;152;0;0;0;0;75;76;1;152;2020
26092;24;39;5;68;0;3;1;4;24;42;6;72;20;21;4;45;0;2;0;2;20;23;4;47;44;60;9;113;0;5;1;6;44;65;10;119;2020
26093;12;26;1;39;0;2;0;2;12;28;1;41;7;3;2;12;0;3;0;3;7;6;2;15;19;29;3;51;0;5;0;5;19;34;3;56;2020
26094;15;24;0;39;0;0;0;0;15;24;0;39;16;9;0;25;0;1;0;1;16;10;0;26;31;33;0;64;0;1;0;1;31;34;0;65;2020
26095;20;31;0;51;0;2;0;2;20;33;0;53;22;15;1;38;0;0;0;0;22;15;1;38;42;46;1;89;0;2;0;2;42;48;1;91;2020
26096;35;107;24;166;1;5;1;7;36;112;25;173;39;73;32;144;1;5;2;8;40;78;34;152;74;180;56;310;2;10;3;15;76;190;59;325;2020
26098;10;39;2;51;0;5;0;5;10;44;2;56;9;30;3;42;1;3;0;4;10;33;3;46;19;69;5;93;1;8;0;9;20;77;5;102;2020
26099;188;461;100;749;1;73;22;96;189;534;122;845;198;392;114;704;7;73;23;103;205;465;137;807;386;853;214;1453;8;146;45;199;394;999;259;1652;2020
26100;11;21;2;34;0;2;0;2;11;23;2;36;9;14;1;24;0;1;0;1;9;15;1;25;20;35;3;58;0;3;0;3;20;38;3;61;2020
26101;7;10;0;17;1;1;0;2;8;11;0;19;5;9;0;14;0;2;0;2;5;11;0;16;12;19;0;31;1;3;0;4;13;22;0;35;2020
26102;743;2247;534;3524;11;321;108;440;754;2568;642;3964;901;2267;482;3650;26;330;102;458;927;2597;584;4108;1644;4514;1016;7174;37;651;210;898;1681;5165;1226;8072;2020
26103;129;327;74;530;5;38;9;52;134;365;83;582;108;269;56;433;4;32;6;42;112;301;62;475;237;596;130;963;9;70;15;94;246;666;145;1057;2020
26104;2;6;0;8;0;0;0;0;2;6;0;8;1;1;0;2;0;0;0;0;1;1;0;2;3;7;0;10;0;0;0;0;3;7;0;10;2020
26105;242;894;255;1391;2;70;19;91;244;964;274;1482;272;820;254;1346;5;84;18;107;277;904;272;1453;514;1714;509;2737;7;154;37;198;521;1868;546;2935;2020
26106;17;23;3;43;0;0;0;0;17;23;3;43;9;27;1;37;0;0;0;0;9;27;1;37;26;50;4;80;0;0;0;0;26;50;4;80;2020
26107;15;41;0;56;0;0;0;0;15;41;0;56;12;13;1;26;0;1;0;1;12;14;1;27;27;54;1;82;0;1;0;1;27;55;1;83;2020
26108;67;112;3;182;0;8;4;12;67;120;7;194;71;44;2;117;0;5;1;6;71;49;3;123;138;156;5;299;0;13;5;18;138;169;10;317;2020
26109;16;28;1;45;0;0;0;0;16;28;1;45;15;10;1;26;0;0;0;0;15;10;1;26;31;38;2;71;0;0;0;0;31;38;2;71;2020
26110;37;53;4;94;1;14;0;15;38;67;4;109;34;26;4;64;0;9;0;9;34;35;4;73;71;79;8;158;1;23;0;24;72;102;8;182;2020
26111;46;89;13;148;0;5;0;5;46;94;13;153;40;72;12;124;1;6;2;9;41;78;14;133;86;161;25;272;1;11;2;14;87;172;27;286;2020
26112;54;76;3;133;0;1;0;1;54;77;3;134;36;47;4;87;0;0;0;0;36;47;4;87;90;123;7;220;0;1;0;1;90;124;7;221;2020
26113;9;11;0;20;0;0;0;0;9;11;0;20;4;2;0;6;0;0;0;0;4;2;0;6;13;13;0;26;0;0;0;0;13;13;0;26;2020
26114;23;28;0;51;0;0;0;0;23;28;0;51;11;10;1;22;0;0;0;0;11;10;1;22;34;38;1;73;0;0;0;0;34;38;1;73;2020
26115;6;4;0;10;0;0;0;0;6;4;0;10;6;3;0;9;0;0;0;0;6;3;0;9;12;7;0;19;0;0;0;0;12;7;0;19;2020
26117;285;808;199;1292;10;588;140;738;295;1396;339;2030;324;721;196;1241;14;488;137;639;338;1209;333;1880;609;1529;395;2533;24;1076;277;1377;633;2605;672;3910;2020
26118;7;29;1;37;0;0;0;0;7;29;1;37;10;20;0;30;0;2;0;2;10;22;0;32;17;49;1;67;0;2;0;2;17;51;1;69;2020
26119;28;65;8;101;0;8;1;9;28;73;9;110;30;53;8;91;0;4;1;5;30;57;9;96;58;118;16;192;0;12;2;14;58;130;18;206;2020
26120;243;536;99;878;8;188;32;228;251;724;131;1106;234;458;98;790;9;150;23;182;243;608;121;972;477;994;197;1668;17;338;55;410;494;1332;252;2078;2020
26121;8;13;0;21;0;1;0;1;8;14;0;22;3;6;1;10;0;0;0;0;3;6;1;10;11;19;1;31;0;1;0;1;11;20;1;32;2020
26122;21;45;0;66;0;10;4;14;21;55;4;80;20;28;2;50;0;10;5;15;20;38;7;65;41;73;2;116;0;20;9;29;41;93;11;145;2020
26123;33;39;7;79;0;5;0;5;33;44;7;84;26;31;5;62;0;4;2;6;26;35;7;68;59;70;12;141;0;9;2;11;59;79;14;152;2020
26124;145;269;65;479;2;16;3;21;147;285;68;500;141;217;62;420;2;31;5;38;143;248;67;458;286;486;127;899;4;47;8;59;290;533;135;958;2020
26125;357;1028;211;1596;10;290;93;393;367;1318;304;1989;405;920;250;1575;7;228;87;322;412;1148;337;1897;762;1948;461;3171;17;518;180;715;779;2466;641;3886;2020
26126;12;7;0;19;0;0;0;0;12;7;0;19;6;3;1;10;0;0;0;0;6;3;1;10;18;10;1;29;0;0;0;0;18;10;1;29;2020
26127;42;63;7;112;0;11;3;14;42;74;10;126;42;40;6;88;1;11;2;14;43;51;8;102;84;103;13;200;1;22;5;28;85;125;18;228;2020
26128;17;33;10;60;0;5;3;8;17;38;13;68;13;29;12;54;1;4;2;7;14;33;14;61;30;62;22;114;1;9;5;15;31;71;27;129;2020
26129;189;313;64;566;0;20;6;26;189;333;70;592;186;248;57;491;1;18;6;25;187;266;63;516;375;561;121;1057;1;38;12;51;376;599;133;1108;2020
26130;51;85;8;144;0;8;0;8;51;93;8;152;23;47;3;73;2;2;0;4;25;49;3;77;74;132;11;217;2;10;0;12;76;142;11;229;2020
26131;13;11;0;24;0;0;0;0;13;11;0;24;7;3;0;10;0;0;0;0;7;3;0;10;20;14;0;34;0;0;0;0;20;14;0;34;2020
26132;14;49;1;64;0;11;4;15;14;60;5;79;17;21;2;40;0;6;0;6;17;27;2;46;31;70;3;104;0;17;4;21;31;87;7;125;2020
26134;14;36;1;51;0;3;0;3;14;39;1;54;17;17;1;35;0;2;0;2;17;19;1;37;31;53;2;86;0;5;0;5;31;58;2;91;2020
26135;29;67;4;100;1;2;0;3;30;69;4;103;22;30;4;56;0;1;0;1;22;31;4;57;51;97;8;156;1;3;0;4;52;100;8;160;2020
26136;13;37;5;55;0;3;2;5;13;40;7;60;11;26;4;41;0;4;0;4;11;30;4;45;24;63;9;96;0;7;2;9;24;70;11;105;2020
26138;617;1669;375;2661;3;341;123;467;620;2010;498;3128;754;1541;371;2666;15;358;109;482;769;1899;480;3148;1371;3210;746;5327;18;699;232;949;1389;3909;978;6276;2020
26139;10;23;2;35;0;0;0;0;10;23;2;35;16;13;3;32;0;1;0;1;16;14;3;33;26;36;5;67;0;1;0;1;26;37;5;68;2020
26140;51;77;12;140;0;4;4;8;51;81;16;148;42;67;11;120;0;4;3;7;42;71;14;127;93;144;23;260;0;8;7;15;93;152;30;275;2020
26141;32;29;2;63;0;1;0;1;32;30;2;64;18;15;0;33;0;4;1;5;18;19;1;38;50;44;2;96;0;5;1;6;50;49;3;102;2020
26142;112;303;44;459;1;53;5;59;113;356;49;518;137;246;47;430;1;36;11;48;138;282;58;478;249;549;91;889;2;89;16;107;251;638;107;996;2020
26143;35;127;16;178;0;12;2;14;35;139;18;192;26;94;14;134;1;19;1;21;27;113;15;155;61;221;30;312;1;31;3;35;62;252;33;347;2020
26144;35;73;9;117;1;8;0;9;36;81;9;126;33;52;9;94;0;5;0;5;33;57;9;99;68;125;18;211;1;13;0;14;69;138;18;225;2020
26145;42;89;9;140;0;14;3;17;42;103;12;157;43;63;11;117;0;8;2;10;43;71;13;127;85;152;20;257;0;22;5;27;85;174;25;284;2020
26146;16;32;0;48;0;0;0;0;16;32;0;48;18;14;0;32;0;0;0;0;18;14;0;32;34;46;0;80;0;0;0;0;34;46;0;80;2020
26147;11;8;0;19;0;0;0;0;11;8;0;19;4;10;0;14;0;1;0;1;4;11;0;15;15;18;0;33;0;1;0;1;15;19;0;34;2020
26148;28;49;8;85;0;5;2;7;28;54;10;92;37;41;6;84;1;7;1;9;38;48;7;93;65;90;14;169;1;12;3;16;66;102;17;185;2020
26149;4;18;0;22;0;2;0;2;4;20;0;24;6;12;0;18;0;1;0;1;6;13;0;19;10;30;0;40;0;3;0;3;10;33;0;43;2020
26150;33;27;2;62;0;7;0;7;33;34;2;69;21;15;4;40;0;8;0;8;21;23;4;48;54;42;6;102;0;15;0;15;54;57;6;117;2020
26151;87;146;14;247;0;6;0;6;87;152;14;253;70;111;9;190;1;8;1;10;71;119;10;200;157;257;23;437;1;14;1;16;158;271;24;453;2020
26152;8;10;2;20;0;3;0;3;8;13;2;23;4;3;1;8;0;2;1;3;4;5;2;11;12;13;3;28;0;5;1;6;12;18;4;34;2020
26153;3;5;0;8;0;0;0;0;3;5;0;8;1;1;0;2;0;0;0;0;1;1;0;2;4;6;0;10;0;0;0;0;4;6;0;10;2020
26154;1;6;0;7;0;0;0;0;1;6;0;7;0;3;0;3;0;0;0;0;0;3;0;3;1;9;0;10;0;0;0;0;1;9;0;10;2020
26155;34;43;4;81;0;0;0;0;34;43;4;81;38;31;0;69;0;0;0;0;38;31;0;69;72;74;4;150;0;0;0;0;72;74;4;150;2020
26157;45;98;22;165;1;15;5;21;46;113;27;186;53;90;30;173;0;10;5;15;53;100;35;188;98;188;52;338;1;25;10;36;99;213;62;374;2020
26158;47;86;10;143;2;30;11;43;49;116;21;186;58;53;15;126;1;19;9;29;59;72;24;155;105;139;25;269;3;49;20;72;108;188;45;341;2020
26160;103;278;64;445;1;33;8;42;104;311;72;487;101;263;74;438;5;27;10;42;106;290;84;480;204;541;138;883;6;60;18;84;210;601;156;967;2020
26161;3;2;0;5;0;0;0;0;3;2;0;5;2;1;0;3;0;0;0;0;2;1;0;3;5;3;0;8;0;0;0;0;5;3;0;8;2020
26162;27;47;6;80;0;0;0;0;27;47;6;80;14;30;2;46;1;3;0;4;15;33;2;50;41;77;8;126;1;3;0;4;42;80;8;130;2020
26163;16;53;13;82;0;1;0;1;16;54;13;83;20;40;13;73;1;3;1;5;21;43;14;78;36;93;26;155;1;4;1;6;37;97;27;161;2020
26164;16;14;0;30;0;0;0;0;16;14;0;30;8;9;1;18;0;0;0;0;8;9;1;18;24;23;1;48;0;0;0;0;24;23;1;48;2020
26165;58;134;20;212;0;7;1;8;58;141;21;220;52;89;14;155;0;7;0;7;52;96;14;162;110;223;34;367;0;14;1;15;110;237;35;382;2020
26166;24;63;9;96;0;0;0;0;24;63;9;96;19;37;5;61;0;1;0;1;19;38;5;62;43;100;14;157;0;1;0;1;43;101;14;158;2020
26167;16;17;0;33;0;4;4;8;16;21;4;41;5;5;1;11;0;3;0;3;5;8;1;14;21;22;1;44;0;7;4;11;21;29;5;55;2020
26168;346;2585;877;3808;12;330;66;408;358;2915;943;4216;400;2463;798;3661;26;388;68;482;426;2851;866;4143;746;5048;1675;7469;38;718;134;890;784;5766;1809;8359;2020
26169;17;18;4;39;0;0;0;0;17;18;4;39;15;15;2;32;0;0;0;0;15;15;2;32;32;33;6;71;0;0;0;0;32;33;6;71;2020
26170;91;129;29;249;0;44;15;59;91;173;44;308;97;103;27;227;1;44;16;61;98;147;43;288;188;232;56;476;1;88;31;120;189;320;87;596;2020
26171;43;53;0;96;0;4;0;4;43;57;0;100;37;22;0;59;0;1;0;1;37;23;0;60;80;75;0;155;0;5;0;5;80;80;0;160;2020
26172;9;12;0;21;0;0;0;0;9;12;0;21;2;3;0;5;0;0;0;0;2;3;0;5;11;15;0;26;0;0;0;0;11;15;0;26;2020
26173;3;0;0;3;0;0;0;0;3;0;0;3;1;1;0;2;0;0;0;0;1;1;0;2;4;1;0;5;0;0;0;0;4;1;0;5;2020
26174;32;45;5;82;0;1;0;1;32;46;5;83;28;28;3;59;0;0;0;0;28;28;3;59;60;73;8;141;0;1;0;1;60;74;8;142;2020
26175;10;14;1;25;0;4;0;4;10;18;1;29;8;8;0;16;0;0;0;0;8;8;0;16;18;22;1;41;0;4;0;4;18;26;1;45;2020
26176;16;17;0;33;0;0;0;0;16;17;0;33;14;8;0;22;0;1;0;1;14;9;0;23;30;25;0;55;0;1;0;1;30;26;0;56;2020
26177;58;140;8;206;0;4;0;4;58;144;8;210;38;67;9;114;0;3;0;3;38;70;9;117;96;207;17;320;0;7;0;7;96;214;17;327;2020
26178;14;33;0;47;0;1;0;1;14;34;0;48;7;16;2;25;0;2;0;2;7;18;2;27;21;49;2;72;0;3;0;3;21;52;2;75;2020
26179;8;17;0;25;0;0;0;0;8;17;0;25;7;4;0;11;0;0;0;0;7;4;0;11;15;21;0;36;0;0;0;0;15;21;0;36;2020
26180;31;93;11;135;0;9;1;10;31;102;12;145;43;60;14;117;3;6;3;12;46;66;17;129;74;153;25;252;3;15;4;22;77;168;29;274;2020
26181;7;3;0;10;0;0;0;0;7;3;0;10;1;4;0;5;0;0;0;0;1;4;0;5;8;7;0;15;0;0;0;0;8;7;0;15;2020
26183;11;24;6;41;0;1;0;1;11;25;6;42;11;21;10;42;0;6;0;6;11;27;10;48;22;45;16;83;0;7;0;7;22;52;16;90;2020
27001;424;646;65;1135;0;9;0;9;424;655;65;1144;555;549;62;1166;0;12;0;12;555;561;62;1178;979;1195;127;2301;0;21;0;21;979;1216;127;2322;2020
27002;280;462;51;793;0;9;1;10;280;471;52;803;375;419;54;848;1;6;1;8;376;425;55;856;655;881;105;1641;1;15;2;18;656;896;107;1659;2020
27003;333;525;69;927;2;25;3;30;335;550;72;957;433;455;67;955;5;22;1;28;438;477;68;983;766;980;136;1882;7;47;4;58;773;1027;140;1940;2020
27004;246;363;30;639;0;16;1;17;246;379;31;656;246;280;36;562;0;6;2;8;246;286;38;570;492;643;66;1201;0;22;3;25;492;665;69;1226;2020
27005;417;826;114;1357;4;43;8;55;421;869;122;1412;557;759;124;1440;6;63;4;73;563;822;128;1513;974;1585;238;2797;10;106;12;128;984;1691;250;2925;2020
27006;495;716;101;1312;1;75;15;91;496;791;116;1403;506;725;102;1333;2;50;19;71;508;775;121;1404;1001;1441;203;2645;3;125;34;162;1004;1566;237;2807;2020
27007;482;887;109;1478;1;17;2;20;483;904;111;1498;614;739;99;1452;1;22;5;28;615;761;104;1480;1096;1626;208;2930;2;39;7;48;1098;1665;215;2978;2020
27008;251;425;44;720;3;18;1;22;254;443;45;742;310;334;49;693;4;11;0;15;314;345;49;708;561;759;93;1413;7;29;1;37;568;788;94;1450;2020
27009;406;593;50;1049;2;20;2;24;408;613;52;1073;486;509;51;1046;1;16;3;20;487;525;54;1066;892;1102;101;2095;3;36;5;44;895;1138;106;2139;2020
27010;724;1459;210;2393;4;88;23;115;728;1547;233;2508;909;1333;217;2459;4;85;17;106;913;1418;234;2565;1633;2792;427;4852;8;173;40;221;1641;2965;467;5073;2020
27011;410;794;94;1298;0;44;0;44;410;838;94;1342;480;670;84;1234;1;15;3;19;481;685;87;1253;890;1464;178;2532;1;59;3;63;891;1523;181;2595;2020
27012;324;395;21;740;0;4;0;4;324;399;21;744;250;270;26;546;0;4;0;4;250;274;26;550;574;665;47;1286;0;8;0;8;574;673;47;1294;2020
27013;551;1255;205;2011;0;55;8;63;551;1310;213;2074;672;1229;182;2083;5;49;7;61;677;1278;189;2144;1223;2484;387;4094;5;104;15;124;1228;2588;402;4218;2020
27014;602;994;133;1729;2;13;4;19;604;1007;137;1748;716;836;104;1656;2;15;1;18;718;851;105;1674;1318;1830;237;3385;4;28;5;37;1322;1858;242;3422;2020
27015;650;1291;158;2099;1;38;9;48;651;1329;167;2147;884;1153;166;2203;3;35;7;45;887;1188;173;2248;1534;2444;324;4302;4;73;16;93;1538;2517;340;4395;2020
27016;1075;2268;398;3741;15;148;24;187;1090;2416;422;3928;1434;2196;416;4046;11;147;25;183;1445;2343;441;4229;2509;4464;814;7787;26;295;49;370;2535;4759;863;8157;2020
27017;217;273;22;512;2;6;0;8;219;279;22;520;213;239;23;475;1;10;1;12;214;249;24;487;430;512;45;987;3;16;1;20;433;528;46;1007;2020
27018;688;988;78;1754;1;15;3;19;689;1003;81;1773;700;801;76;1577;0;33;6;39;700;834;82;1616;1388;1789;154;3331;1;48;9;58;1389;1837;163;3389;2020
27019;1138;2835;590;4563;13;250;50;313;1151;3085;640;4876;1433;2839;567;4839;14;240;47;301;1447;3079;614;5140;2571;5674;1157;9402;27;490;97;614;2598;6164;1254;10016;2020
27020;593;1102;123;1818;4;36;4;44;597;1138;127;1862;720;927;119;1766;6;23;7;36;726;950;126;1802;1313;2029;242;3584;10;59;11;80;1323;2088;253;3664;2020
27021;275;523;55;853;0;19;3;22;275;542;58;875;364;460;69;893;1;8;6;15;365;468;75;908;639;983;124;1746;1;27;9;37;640;1010;133;1783;2020
27022;775;1558;243;2576;0;138;17;155;775;1696;260;2731;921;1421;233;2575;4;159;21;184;925;1580;254;2759;1696;2979;476;5151;4;297;38;339;1700;3276;514;5490;2020
27023;483;764;82;1329;3;21;0;24;486;785;82;1353;552;635;73;1260;0;15;0;15;552;650;73;1275;1035;1399;155;2589;3;36;0;39;1038;1435;155;2628;2020
27024;334;383;41;758;3;9;0;12;337;392;41;770;358;347;44;749;0;14;0;14;358;361;44;763;692;730;85;1507;3;23;0;26;695;753;85;1533;2020
27025;413;918;176;1507;5;115;4;124;418;1033;180;1631;512;933;152;1597;4;41;4;49;516;974;156;1646;925;1851;328;3104;9;156;8;173;934;2007;336;3277;2020
27026;441;747;100;1288;2;31;6;39;443;778;106;1327;494;623;96;1213;3;31;10;44;497;654;106;1257;935;1370;196;2501;5;62;16;83;940;1432;212;2584;2020
27027;317;554;98;969;0;58;12;70;317;612;110;1039;391;544;105;1040;2;41;17;60;393;585;122;1100;708;1098;203;2009;2;99;29;130;710;1197;232;2139;2020
27028;8818;27446;6514;42778;81;2230;479;2790;8899;29676;6993;45568;12742;30773;6243;49758;136;2589;468;3193;12878;33362;6711;52951;21560;58219;12757;92536;217;4819;947;5983;21777;63038;13704;98519;2020
27029;246;469;99;814;1;56;12;69;247;525;111;883;281;431;80;792;0;54;19;73;281;485;99;865;527;900;179;1606;1;110;31;142;528;1010;210;1748;2020
27030;513;956;155;1624;1;33;11;45;514;989;166;1669;703;956;167;1826;2;35;7;44;705;991;174;1870;1216;1912;322;3450;3;68;18;89;1219;1980;340;3539;2020
27031;2283;4833;959;8075;31;509;97;637;2314;5342;1056;8712;3036;5076;891;9003;36;494;102;632;3072;5570;993;9635;5319;9909;1850;17078;67;1003;199;1269;5386;10912;2049;18347;2020
27032;546;1034;157;1737;3;44;9;56;549;1078;166;1793;635;990;137;1762;6;47;5;58;641;1037;142;1820;1181;2024;294;3499;9;91;14;114;1190;2115;308;3613;2020
27033;126;161;14;301;0;5;1;6;126;166;15;307;136;153;16;305;1;4;2;7;137;157;18;312;262;314;30;606;1;9;3;13;263;323;33;619;2020
27034;263;291;22;576;0;10;3;13;263;301;25;589;240;205;10;455;0;18;1;19;240;223;11;474;503;496;32;1031;0;28;4;32;503;524;36;1063;2020
27035;29;69;8;106;1;9;0;10;30;78;8;116;29;56;7;92;0;6;1;7;29;62;8;99;58;125;15;198;1;15;1;17;59;140;16;215;2020
27037;219;303;30;552;0;3;0;3;219;306;30;555;208;255;22;485;0;7;0;7;208;262;22;492;427;558;52;1037;0;10;0;10;427;568;52;1047;2020
27038;189;272;33;494;2;12;0;14;191;284;33;508;241;206;29;476;0;11;0;11;241;217;29;487;430;478;62;970;2;23;0;25;432;501;62;995;2020
27039;606;1706;326;2638;2;28;8;38;608;1734;334;2676;683;1500;310;2493;3;34;4;41;686;1534;314;2534;1289;3206;636;5131;5;62;12;79;1294;3268;648;5210;2020
27040;557;930;149;1636;1;38;5;44;558;968;154;1680;683;828;96;1607;1;35;3;39;684;863;99;1646;1240;1758;245;3243;2;73;8;83;1242;1831;253;3326;2020
27041;511;569;79;1159;16;38;6;60;527;607;85;1219;616;485;67;1168;16;48;6;70;632;533;73;1238;1127;1054;146;2327;32;86;12;130;1159;1140;158;2457;2020
27042;349;465;39;853;2;9;2;13;351;474;41;866;372;435;51;858;4;11;0;15;376;446;51;873;721;900;90;1711;6;20;2;28;727;920;92;1739;2020
27043;231;370;52;653;1;12;1;14;232;382;53;667;273;338;49;660;1;11;5;17;274;349;54;677;504;708;101;1313;2;23;6;31;506;731;107;1344;2020
27044;480;884;99;1463;3;23;5;31;483;907;104;1494;553;777;114;1444;0;16;9;25;553;793;123;1469;1033;1661;213;2907;3;39;14;56;1036;1700;227;2963;2020
27045;230;276;13;519;0;4;4;8;230;280;17;527;190;223;14;427;2;10;3;15;192;233;17;442;420;499;27;946;2;14;7;23;422;513;34;969;2020
27046;263;454;62;779;1;25;4;30;264;479;66;809;339;409;38;786;0;21;7;28;339;430;45;814;602;863;100;1565;1;46;11;58;603;909;111;1623;2020
27047;340;385;41;766;6;23;6;35;346;408;47;801;417;351;35;803;2;20;6;28;419;371;41;831;757;736;76;1569;8;43;12;63;765;779;88;1632;2020
27048;346;604;66;1016;2;32;3;37;348;636;69;1053;473;563;68;1104;1;37;6;44;474;600;74;1148;819;1167;134;2120;3;69;9;81;822;1236;143;2201;2020
27049;265;400;40;705;1;26;2;29;266;426;42;734;288;338;32;658;1;17;2;20;289;355;34;678;553;738;72;1363;2;43;4;49;555;781;76;1412;2020
27050;539;786;124;1449;4;35;7;46;543;821;131;1495;721;759;129;1609;6;50;9;65;727;809;138;1674;1260;1545;253;3058;10;85;16;111;1270;1630;269;3169;2020
27051;1040;2785;630;4455;7;194;35;236;1047;2979;665;4691;1428;2886;590;4904;7;228;30;265;1435;3114;620;5169;2468;5671;1220;9359;14;422;65;501;2482;6093;1285;9860;2020
27052;176;250;31;457;4;9;0;13;180;259;31;470;221;203;28;452;1;8;0;9;222;211;28;461;397;453;59;909;5;17;0;22;402;470;59;931;2020
27053;103;151;9;263;1;4;0;5;104;155;9;268;125;108;9;242;0;3;0;3;125;111;9;245;228;259;18;505;1;7;0;8;229;266;18;513;2020
27054;228;329;34;591;0;25;1;26;228;354;35;617;272;298;42;612;0;3;3;6;272;301;45;618;500;627;76;1203;0;28;4;32;500;655;80;1235;2020
27055;257;362;26;645;1;16;0;17;258;378;26;662;261;283;29;573;1;9;1;11;262;292;30;584;518;645;55;1218;2;25;1;28;520;670;56;1246;2020
27056;173;424;88;685;2;50;10;62;175;474;98;747;211;405;78;694;1;54;9;64;212;459;87;758;384;829;166;1379;3;104;19;126;387;933;185;1505;2020
27057;1559;3847;740;6146;11;275;44;330;1570;4122;784;6476;2002;3800;703;6505;15;282;60;357;2017;4082;763;6862;3561;7647;1443;12651;26;557;104;687;3587;8204;1547;13338;2020
27058;689;938;119;1746;7;87;7;101;696;1025;126;1847;825;792;94;1711;9;60;7;76;834;852;101;1787;1514;1730;213;3457;16;147;14;177;1530;1877;227;3634;2020
27059;448;546;69;1063;10;48;5;63;458;594;74;1126;538;472;75;1085;5;40;4;49;543;512;79;1134;986;1018;144;2148;15;88;9;112;1001;1106;153;2260;2020
27060;487;673;60;1220;6;59;11;76;493;732;71;1296;642;647;82;1371;4;37;8;49;646;684;90;1420;1129;1320;142;2591;10;96;19;125;1139;1416;161;2716;2020
27061;177;315;39;531;1;6;3;10;178;321;42;541;261;275;40;576;0;9;1;10;261;284;41;586;438;590;79;1107;1;15;4;20;439;605;83;1127;2020
27062;111;187;18;316;2;2;0;4;113;189;18;320;111;179;24;314;0;2;1;3;111;181;25;317;222;366;42;630;2;4;1;7;224;370;43;637;2020
27063;295;529;91;915;2;17;5;24;297;546;96;939;391;494;106;991;6;31;11;48;397;525;117;1039;686;1023;197;1906;8;48;16;72;694;1071;213;1978;2020
27064;281;452;61;794;2;17;3;22;283;469;64;816;336;427;63;826;1;13;0;14;337;440;63;840;617;879;124;1620;3;30;3;36;620;909;127;1656;2020
27065;1732;4111;696;6539;7;212;47;266;1739;4323;743;6805;2345;3984;695;7024;11;191;48;250;2356;4175;743;7274;4077;8095;1391;13563;18;403;95;516;4095;8498;1486;14079;2020
27066;1641;4458;876;6975;16;487;61;564;1657;4945;937;7539;2179;4437;833;7449;20;326;57;403;2199;4763;890;7852;3820;8895;1709;14424;36;813;118;967;3856;9708;1827;15391;2020
27901;475;697;80;1252;3;41;7;51;478;738;87;1303;499;576;76;1151;1;24;3;28;500;600;79;1179;974;1273;156;2403;4;65;10;79;978;1338;166;2482;2020
27902;772;2727;603;4102;9;527;84;620;781;3254;687;4722;977;2733;590;4300;15;400;61;476;992;3133;651;4776;1749;5460;1193;8402;24;927;145;1096;1773;6387;1338;9498;2020
28001;15;17;1;33;0;1;0;1;15;18;1;34;16;17;1;34;0;0;0;0;16;17;1;34;31;34;2;67;0;1;0;1;31;35;2;68;2020
28002;230;1529;391;2150;7;249;45;301;237;1778;436;2451;235;1332;356;1923;20;279;48;347;255;1611;404;2270;465;2861;747;4073;27;528;93;648;492;3389;840;4721;2020
28003;34;70;5;109;0;9;2;11;34;79;7;120;14;50;11;75;0;7;2;9;14;57;13;84;48;120;16;184;0;16;4;20;48;136;20;204;2020
28004;734;2647;750;4131;21;538;159;718;755;3185;909;4849;993;2518;730;4241;33;589;150;772;1026;3107;880;5013;1727;5165;1480;8372;54;1127;309;1490;1781;6292;1789;9862;2020
28005;15339;51917;13142;80398;437;12485;2741;15663;15776;64402;15883;96061;19521;53315;12186;85022;628;13266;2585;16479;20149;66581;14771;101501;34860;105232;25328;165420;1065;25751;5326;32142;35925;130983;30654;197562;2020
28006;8274;31192;9331;48797;266;6032;1459;7757;8540;37224;10790;56554;10534;32952;8738;52224;455;7772;1412;9639;10989;40724;10150;61863;18808;64144;18069;101021;721;13804;2871;17396;19529;77948;20940;118417;2020
28007;16455;45567;12535;74557;273;6739;1390;8402;16728;52306;13925;82959;21706;46747;11857;80310;484;7218;1413;9115;22190;53965;13270;89425;38161;92314;24392;154867;757;13957;2803;17517;38918;106271;27195;172384;2020
28008;251;799;206;1256;7;190;64;261;258;989;270;1517;297;713;200;1210;9;181;56;246;306;894;256;1456;548;1512;406;2466;16;371;120;507;564;1883;526;2973;2020
28009;1134;6153;1779;9066;75;917;178;1170;1209;7070;1957;10236;1343;6404;1638;9385;101;942;200;1243;1444;7346;1838;10628;2477;12557;3417;18451;176;1859;378;2413;2653;14416;3795;20864;2020
28010;844;4584;1327;6755;25;408;89;522;869;4992;1416;7277;1146;4503;1318;6967;26;485;84;595;1172;4988;1402;7562;1990;9087;2645;13722;51;893;173;1117;2041;9980;2818;14839;2020
28011;55;173;32;260;0;43;5;48;55;216;37;308;62;144;32;238;8;47;8;63;70;191;40;301;117;317;64;498;8;90;13;111;125;407;77;609;2020
28012;91;411;119;621;0;36;10;46;91;447;129;667;87;361;104;552;1;58;8;67;88;419;112;619;178;772;223;1173;1;94;18;113;179;866;241;1286;2020
28013;4215;16436;4877;25528;121;3004;767;3892;4336;19440;5644;29420;5516;16620;4605;26741;214;3236;721;4171;5730;19856;5326;30912;9731;33056;9482;52269;335;6240;1488;8063;10066;39296;10970;60332;2020
28014;2938;14571;4376;21885;165;4907;1374;6446;3103;19478;5750;28331;3713;14325;4031;22069;197;4885;1196;6278;3910;19210;5227;28347;6651;28896;8407;43954;362;9792;2570;12724;7013;38688;10977;56678;2020
28015;857;10124;4394;15375;58;784;202;1044;915;10908;4596;16419;932;10153;4168;15253;98;935;230;1263;1030;11088;4398;16516;1789;20277;8562;30628;156;1719;432;2307;1945;21996;8994;32935;2020
28016;12;30;3;45;0;2;0;2;12;32;3;47;9;28;5;42;0;1;0;1;9;29;5;43;21;58;8;87;0;3;0;3;21;61;8;90;2020
28017;137;540;137;814;4;58;11;73;141;598;148;887;117;538;120;775;6;70;12;88;123;608;132;863;254;1078;257;1589;10;128;23;161;264;1206;280;1750;2020
28018;421;1738;442;2601;14;242;94;350;435;1980;536;2951;481;1642;427;2550;12;303;59;374;493;1945;486;2924;902;3380;869;5151;26;545;153;724;928;3925;1022;5875;2020
28019;129;532;131;792;3;56;18;77;132;588;149;869;146;484;109;739;3;61;11;75;149;545;120;814;275;1016;240;1531;6;117;29;152;281;1133;269;1683;2020
28020;28;79;10;117;0;4;5;9;28;83;15;126;30;53;7;90;1;2;3;6;31;55;10;96;58;132;17;207;1;6;8;15;59;138;25;222;2020
28021;88;207;52;347;5;27;10;42;93;234;62;389;89;202;54;345;4;30;9;43;93;232;63;388;177;409;106;692;9;57;19;85;186;466;125;777;2020
28022;2752;16598;6425;25775;98;1441;396;1935;2850;18039;6821;27710;3365;16933;6149;26447;185;2015;377;2577;3550;18948;6526;29024;6117;33531;12574;52222;283;3456;773;4512;6400;36987;13347;56734;2020
28023;425;2304;770;3499;11;306;52;369;436;2610;822;3868;463;2177;743;3383;26;319;67;412;489;2496;810;3795;888;4481;1513;6882;37;625;119;781;925;5106;1632;7663;2020
28024;24;76;12;112;0;10;0;10;24;86;12;122;14;57;6;77;0;6;1;7;14;63;7;84;38;133;18;189;0;16;1;17;38;149;19;206;2020
28025;71;149;30;250;2;38;2;42;73;187;32;292;68;113;13;194;2;17;1;20;70;130;14;214;139;262;43;444;4;55;3;62;143;317;46;506;2020
28026;562;2857;863;4282;28;816;176;1020;590;3673;1039;5302;686;2850;824;4360;39;879;180;1098;725;3729;1004;5458;1248;5707;1687;8642;67;1695;356;2118;1315;7402;2043;10760;2020
28027;147;444;118;709;4;172;48;224;151;616;166;933;197;433;124;754;8;213;51;272;205;646;175;1026;344;877;242;1463;12;385;99;496;356;1262;341;1959;2020
28028;177;782;198;1157;2;95;23;120;179;877;221;1277;208;719;210;1137;4;95;9;108;212;814;219;1245;385;1501;408;2294;6;190;32;228;391;1691;440;2522;2020
28029;64;255;61;380;1;22;4;27;65;277;65;407;63;223;62;348;1;26;3;30;64;249;65;378;127;478;123;728;2;48;7;57;129;526;130;785;2020
28030;195;717;176;1088;2;198;46;246;197;915;222;1334;255;740;162;1157;5;190;50;245;260;930;212;1402;450;1457;338;2245;7;388;96;491;457;1845;434;2736;2020
28031;317;816;188;1321;7;183;61;251;324;999;249;1572;323;725;163;1211;8;198;58;264;331;923;221;1475;640;1541;351;2532;15;381;119;515;655;1922;470;3047;2020
28032;381;2297;724;3402;15;284;79;378;396;2581;803;3780;412;2166;661;3239;18;318;82;418;430;2484;743;3657;793;4463;1385;6641;33;602;161;796;826;5065;1546;7437;2020
28033;366;1801;512;2679;14;427;139;580;380;2228;651;3259;416;1718;471;2605;24;421;111;556;440;2139;582;3161;782;3519;983;5284;38;848;250;1136;820;4367;1233;6420;2020
28034;56;151;20;227;1;13;1;15;57;164;21;242;65;108;13;186;1;15;3;19;66;123;16;205;121;259;33;413;2;28;4;34;123;287;37;447;2020
28035;167;559;159;885;3;135;32;170;170;694;191;1055;192;533;135;860;5;131;30;166;197;664;165;1026;359;1092;294;1745;8;266;62;336;367;1358;356;2081;2020
28036;190;1235;403;1828;9;109;27;145;199;1344;430;1973;194;1198;343;1735;8;107;22;137;202;1305;365;1872;384;2433;746;3563;17;216;49;282;401;2649;795;3845;2020
28037;248;530;106;884;3;101;31;135;251;631;137;1019;279;521;109;909;2;82;26;110;281;603;135;1019;527;1051;215;1793;5;183;57;245;532;1234;272;2038;2020
28038;500;2107;453;3060;20;380;91;491;520;2487;544;3551;682;2082;442;3206;30;333;85;448;712;2415;527;3654;1182;4189;895;6266;50;713;176;939;1232;4902;1071;7205;2020
28039;28;56;9;93;1;3;0;4;29;59;9;97;19;36;6;61;0;2;2;4;19;38;8;65;47;92;15;154;1;5;2;8;48;97;17;162;2020
28040;1485;7245;1879;10609;52;1586;427;2065;1537;8831;2306;12674;1834;6660;1809;10303;108;1626;393;2127;1942;8286;2202;12430;3319;13905;3688;20912;160;3212;820;4192;3479;17117;4508;25104;2020
28041;263;2186;786;3235;29;332;71;432;292;2518;857;3667;322;2200;764;3286;35;417;81;533;357;2617;845;3819;585;4386;1550;6521;64;749;152;965;649;5135;1702;7486;2020
28042;156;525;123;804;9;93;17;119;165;618;140;923;178;444;128;750;5;87;20;112;183;531;148;862;334;969;251;1554;14;180;37;231;348;1149;288;1785;2020
28043;671;2527;603;3801;8;257;62;327;679;2784;665;4128;802;2328;565;3695;10;272;49;331;812;2600;614;4026;1473;4855;1168;7496;18;529;111;658;1491;5384;1279;8154;2020
28044;480;2720;804;4004;28;412;71;511;508;3132;875;4515;558;2783;813;4154;27;453;81;561;585;3236;894;4715;1038;5503;1617;8158;55;865;152;1072;1093;6368;1769;9230;2020
28045;2949;15110;4294;22353;119;2585;561;3265;3068;17695;4855;25618;3733;14956;4175;22864;171;2722;563;3456;3904;17678;4738;26320;6682;30066;8469;45217;290;5307;1124;6721;6972;35373;9593;51938;2020
28046;449;2044;533;3026;27;362;109;498;476;2406;642;3524;547;1986;529;3062;31;399;89;519;578;2385;618;3581;996;4030;1062;6088;58;761;198;1017;1054;4791;1260;7105;2020
28047;3708;17526;4438;25672;218;4325;995;5538;3926;21851;5433;31210;4883;18066;4283;27232;337;4628;971;5936;5220;22694;5254;33168;8591;35592;8721;52904;555;8953;1966;11474;9146;44545;10687;64378;2020
28048;62;216;61;339;2;27;6;35;64;243;67;374;50;182;79;311;2;32;4;38;52;214;83;349;112;398;140;650;4;59;10;73;116;457;150;723;2020
28049;7310;21150;4712;33172;182;5359;1108;6649;7492;26509;5820;39821;8557;21759;4511;34827;215;5501;1027;6743;8772;27260;5538;41570;15867;42909;9223;67999;397;10860;2135;13392;16264;53769;11358;81391;2020
28050;292;1977;759;3028;15;170;16;201;307;2147;775;3229;398;1907;762;3067;23;180;40;243;421;2087;802;3310;690;3884;1521;6095;38;350;56;444;728;4234;1577;6539;2020
28051;166;685;220;1071;9;111;28;148;175;796;248;1219;220;623;232;1075;9;99;12;120;229;722;244;1195;386;1308;452;2146;18;210;40;268;404;1518;492;2414;2020
28052;465;1562;381;2408;14;250;61;325;479;1812;442;2733;557;1468;349;2374;8;251;47;306;565;1719;396;2680;1022;3030;730;4782;22;501;108;631;1044;3531;838;5413;2020
28053;342;3290;1172;4804;18;275;58;351;360;3565;1230;5155;419;3254;1082;4755;25;342;60;427;444;3596;1142;5182;761;6544;2254;9559;43;617;118;778;804;7161;2372;10337;2020
28054;1270;4760;1163;7193;58;668;148;874;1328;5428;1311;8067;1528;4765;1057;7350;58;768;122;948;1586;5533;1179;8298;2798;9525;2220;14543;116;1436;270;1822;2914;10961;2490;16365;2020
28055;148;348;66;562;1;84;33;118;149;432;99;680;170;301;70;541;3;89;21;113;173;390;91;654;318;649;136;1103;4;173;54;231;322;822;190;1334;2020
28056;91;408;132;631;9;170;30;209;100;578;162;840;101;385;128;614;5;156;36;197;106;541;164;811;192;793;260;1245;14;326;66;406;206;1119;326;1651;2020
28057;162;693;229;1084;6;104;21;131;168;797;250;1215;152;611;205;968;3;93;20;116;155;704;225;1084;314;1304;434;2052;9;197;41;247;323;1501;475;2299;2020
28058;12295;58470;14453;85218;265;8336;2028;10629;12560;66806;16481;95847;13422;61224;13562;88208;450;8129;1880;10459;13872;69353;15442;98667;25717;119694;28015;173426;715;16465;3908;21088;26432;136159;31923;194514;2020
28059;447;1890;523;2860;18;436;112;566;465;2326;635;3426;479;1848;448;2775;32;480;94;606;511;2328;542;3381;926;3738;971;5635;50;916;206;1172;976;4654;1177;6807;2020
28060;193;640;137;970;1;85;17;103;194;725;154;1073;206;587;136;929;4;108;22;134;210;695;158;1063;399;1227;273;1899;5;193;39;237;404;1420;312;2136;2020
28061;1898;9570;2680;14148;94;2015;565;2674;1992;11585;3245;16822;2328;9787;2440;14555;186;2429;505;3120;2514;12216;2945;17675;4226;19357;5120;28703;280;4444;1070;5794;4506;23801;6190;34497;2020
28062;42;131;18;191;0;12;0;12;42;143;18;203;40;109;15;164;0;9;1;10;40;118;16;174;82;240;33;355;0;21;1;22;82;261;34;377;2020
28063;37;104;13;154;1;8;2;11;38;112;15;165;31;73;27;131;0;13;0;13;31;86;27;144;68;177;40;285;1;21;2;24;69;198;42;309;2020
28064;18;57;14;89;0;8;1;9;18;65;15;98;14;46;10;70;0;7;1;8;14;53;11;78;32;103;24;159;0;15;2;17;32;118;26;176;2020
28065;15274;49452;13955;78681;292;9246;2184;11722;15566;58698;16139;90403;19536;49776;12953;82265;507;9957;2048;12512;20043;59733;15001;94777;34810;99228;26908;160946;799;19203;4232;24234;35609;118431;31140;185180;2020
28066;697;3153;941;4791;19;331;70;420;716;3484;1011;5211;807;3185;817;4809;29;318;68;415;836;3503;885;5224;1504;6338;1758;9600;48;649;138;835;1552;6987;1896;10435;2020
28067;390;1950;532;2872;20;290;71;381;410;2240;603;3253;462;1830;486;2778;20;310;79;409;482;2140;565;3187;852;3780;1018;5650;40;600;150;790;892;4380;1168;6440;2020
28068;1189;4704;1345;7238;41;722;156;919;1230;5426;1501;8157;1573;4654;1221;7448;55;757;143;955;1628;5411;1364;8403;2762;9358;2566;14686;96;1479;299;1874;2858;10837;2865;16560;2020
28069;10;34;1;45;0;0;0;0;10;34;1;45;8;9;2;19;0;1;0;1;8;10;2;20;18;43;3;64;0;1;0;1;18;44;3;65;2020
28070;14;50;10;74;0;5;1;6;14;55;11;80;16;34;10;60;0;10;2;12;16;44;12;72;30;84;20;134;0;15;3;18;30;99;23;152;2020
28071;12;26;2;40;0;8;2;10;12;34;4;50;11;18;6;35;0;4;0;4;11;22;6;39;23;44;8;75;0;12;2;14;23;56;10;89;2020
28072;527;2656;673;3856;34;350;59;443;561;3006;732;4299;632;2503;649;3784;34;346;66;446;666;2849;715;4230;1159;5159;1322;7640;68;696;125;889;1227;5855;1447;8529;2020
28073;774;5633;2010;8417;34;1031;317;1382;808;6664;2327;9799;935;5695;1908;8538;47;1009;308;1364;982;6704;2216;9902;1709;11328;3918;16955;81;2040;625;2746;1790;13368;4543;19701;2020
28074;18210;50637;13630;82477;288;8160;1648;10096;18498;58797;15278;92573;23492;51479;12873;87844;460;8594;1643;10697;23952;60073;14516;98541;41702;102116;26503;170321;748;16754;3291;20793;42450;118870;29794;191114;2020
28075;325;2842;858;4025;10;356;81;447;335;3198;939;4472;377;2678;827;3882;16;427;100;543;393;3105;927;4425;702;5520;1685;7907;26;783;181;990;728;6303;1866;8897;2020
28076;86;151;15;252;3;45;6;54;89;196;21;306;63;127;28;218;6;46;4;56;69;173;32;274;149;278;43;470;9;91;10;110;158;369;53;580;2020
28078;8;19;2;29;0;1;0;1;8;20;2;30;7;9;3;19;0;0;0;0;7;9;3;19;15;28;5;48;0;1;0;1;15;29;5;49;2020
28079;253886;856789;206531;1317206;7799;197467;31427;236693;261685;1054256;237958;1553899;394614;913269;197619;1505502;12722;232529;30078;275329;407336;1145798;227697;1780831;648500;1770058;404150;2822708;20521;429996;61505;512022;669021;2200054;465655;3334730;2020
28080;4995;19276;6499;30770;193;2667;540;3400;5188;21943;7039;34170;6603;20693;6022;33318;315;3865;487;4667;6918;24558;6509;37985;11598;39969;12521;64088;508;6532;1027;8067;12106;46501;13548;72155;2020
28082;508;2674;847;4029;23;403;86;512;531;3077;933;4541;547;2607;733;3887;34;396;78;508;581;3003;811;4395;1055;5281;1580;7916;57;799;164;1020;1112;6080;1744;8936;2020
28083;530;4584;1364;6478;22;695;193;910;552;5279;1557;7388;624;4420;1276;6320;41;734;187;962;665;5154;1463;7282;1154;9004;2640;12798;63;1429;380;1872;1217;10433;3020;14670;2020
28084;1371;6840;1860;10071;44;1296;341;1681;1415;8136;2201;11752;1493;6986;1693;10172;68;1343;304;1715;1561;8329;1997;11887;2864;13826;3553;20243;112;2639;645;3396;2976;16465;4198;23639;2020
28085;409;1825;456;2690;24;449;102;575;433;2274;558;3265;453;1665;438;2556;28;436;77;541;481;2101;515;3097;862;3490;894;5246;52;885;179;1116;914;4375;1073;6362;2020
28086;486;2369;706;3561;31;936;190;1157;517;3305;896;4718;529;2213;659;3401;57;904;207;1168;586;3117;866;4569;1015;4582;1365;6962;88;1840;397;2325;1103;6422;1762;9287;2020
28087;375;1303;242;1920;13;200;48;261;388;1503;290;2181;437;1264;270;1971;11;228;42;281;448;1492;312;2252;812;2567;512;3891;24;428;90;542;836;2995;602;4433;2020
28088;43;111;21;175;0;12;1;13;43;123;22;188;50;105;14;169;0;5;2;7;50;110;16;176;93;216;35;344;0;17;3;20;93;233;38;364;2020
28089;294;1678;458;2430;5;126;30;161;299;1804;488;2591;363;1634;451;2448;9;125;27;161;372;1759;478;2609;657;3312;909;4878;14;251;57;322;671;3563;966;5200;2020
28090;741;4094;1213;6048;37;483;98;618;778;4577;1311;6666;897;3935;1192;6024;47;510;87;644;944;4445;1279;6668;1638;8029;2405;12072;84;993;185;1262;1722;9022;2590;13334;2020
28091;566;2191;616;3373;13;428;119;560;579;2619;735;3933;781;2058;488;3327;29;449;109;587;810;2507;597;3914;1347;4249;1104;6700;42;877;228;1147;1389;5126;1332;7847;2020
28092;19049;56205;14527;89781;396;10127;2003;12526;19445;66332;16530;102307;23263;58062;13570;94895;684;10385;2038;13107;23947;68447;15608;108002;42312;114267;28097;184676;1080;20512;4041;25633;43392;134779;32138;210309;2020
28093;258;871;208;1337;14;165;36;215;272;1036;244;1552;297;817;211;1325;13;176;25;214;310;993;236;1539;555;1688;419;2662;27;341;61;429;582;2029;480;3091;2020
28094;85;434;107;626;3;114;31;148;88;548;138;774;89;382;114;585;3;118;31;152;92;500;145;737;174;816;221;1211;6;232;62;300;180;1048;283;1511;2020
28095;163;715;217;1095;17;201;49;267;180;916;266;1362;175;673;184;1032;18;178;47;243;193;851;231;1275;338;1388;401;2127;35;379;96;510;373;1767;497;2637;2020
28096;1513;8619;3125;13257;65;1241;336;1642;1578;9860;3461;14899;1883;8571;2823;13277;82;1400;327;1809;1965;9971;3150;15086;3396;17190;5948;26534;147;2641;663;3451;3543;19831;6611;29985;2020
28097;21;61;2;84;0;0;0;0;21;61;2;84;17;26;2;45;0;0;0;0;17;26;2;45;38;87;4;129;0;0;0;0;38;87;4;129;2020
28099;264;795;193;1252;15;215;69;299;279;1010;262;1551;274;669;155;1098;13;241;63;317;287;910;218;1415;538;1464;348;2350;28;456;132;616;566;1920;480;2966;2020
28100;394;1954;466;2814;24;368;89;481;418;2322;555;3295;374;1859;407;2640;33;400;86;519;407;2259;493;3159;768;3813;873;5454;57;768;175;1000;825;4581;1048;6454;2020
28101;23;96;31;150;2;23;3;28;25;119;34;178;24;92;29;145;0;22;1;23;24;114;30;168;47;188;60;295;2;45;4;51;49;233;64;346;2020
28102;128;332;80;540;1;81;32;114;129;413;112;654;150;296;85;531;2;90;18;110;152;386;103;641;278;628;165;1071;3;171;50;224;281;799;215;1295;2020
28104;838;7353;3332;11523;91;1134;267;1492;929;8487;3599;13015;954;7084;3108;11146;132;1364;260;1756;1086;8448;3368;12902;1792;14437;6440;22669;223;2498;527;3248;2015;16935;6967;25917;2020
28106;6769;32825;11397;50991;338;12198;2997;15533;7107;45023;14394;66524;8177;33372;10683;52232;496;11400;2830;14726;8673;44772;13513;66958;14946;66197;22080;103223;834;23598;5827;30259;15780;89795;27907;133482;2020
28107;70;142;27;239;3;7;2;12;73;149;29;251;97;137;40;274;2;12;0;14;99;149;40;288;167;279;67;513;5;19;2;26;172;298;69;539;2020
28108;293;1679;595;2567;15;392;89;496;308;2071;684;3063;311;1596;535;2442;38;488;119;645;349;2084;654;3087;604;3275;1130;5009;53;880;208;1141;657;4155;1338;6150;2020
28109;225;618;146;989;17;295;65;377;242;913;211;1366;261;577;130;968;17;259;66;342;278;836;196;1310;486;1195;276;1957;34;554;131;719;520;1749;407;2676;2020
28110;223;821;207;1251;1;208;57;266;224;1029;264;1517;250;772;199;1221;11;194;47;252;261;966;246;1473;473;1593;406;2472;12;402;104;518;485;1995;510;2990;2020
28111;82;260;73;415;2;34;9;45;84;294;82;460;85;219;53;357;2;41;7;50;87;260;60;407;167;479;126;772;4;75;16;95;171;554;142;867;2020
28112;29;61;9;99;0;6;1;7;29;67;10;106;24;50;5;79;0;5;0;5;24;55;5;84;53;111;14;178;0;11;1;12;53;122;15;190;2020
28113;2904;15828;4908;23640;77;2215;494;2786;2981;18043;5402;26426;3566;15827;4551;23944;149;2368;438;2955;3715;18195;4989;26899;6470;31655;9459;47584;226;4583;932;5741;6696;36238;10391;53325;2020
28114;13;61;11;85;0;5;1;6;13;66;12;91;25;46;10;81;0;6;1;7;25;52;11;88;38;107;21;166;0;11;2;13;38;118;23;179;2020
28115;6579;24402;7394;38375;185;2555;651;3391;6764;26957;8045;41766;8323;25601;7096;41020;274;3554;551;4379;8597;29155;7647;45399;14902;50003;14490;79395;459;6109;1202;7770;15361;56112;15692;87165;2020
28116;60;355;123;538;4;58;18;80;64;413;141;618;45;312;120;477;5;65;7;77;50;377;127;554;105;667;243;1015;9;123;25;157;114;790;268;1172;2020
28117;15;47;7;69;0;1;0;1;15;48;7;70;14;28;12;54;0;1;0;1;14;29;12;55;29;75;19;123;0;2;0;2;29;77;19;125;2020
28118;11;29;2;42;0;0;0;0;11;29;2;42;12;14;4;30;0;1;0;1;12;15;4;31;23;43;6;72;0;1;0;1;23;44;6;73;2020
28119;207;1025;327;1559;8;157;47;212;215;1182;374;1771;220;969;332;1521;14;197;38;249;234;1166;370;1770;427;1994;659;3080;22;354;85;461;449;2348;744;3541;2020
28120;214;471;65;750;7;155;30;192;221;626;95;942;186;365;55;606;5;147;25;177;191;512;80;783;400;836;120;1356;12;302;55;369;412;1138;175;1725;2020
28121;25;103;18;146;0;6;3;9;25;109;21;155;22;63;17;102;1;9;3;13;23;72;20;115;47;166;35;248;1;15;6;22;48;181;41;270;2020
28122;52;254;53;359;0;35;12;47;52;289;65;406;72;215;55;342;5;42;6;53;77;257;61;395;124;469;108;701;5;77;18;100;129;546;126;801;2020
28123;3272;28795;9179;41246;155;2906;766;3827;3427;31701;9945;45073;3663;29110;8728;41501;231;3462;706;4399;3894;32572;9434;45900;6935;57905;17907;82747;386;6368;1472;8226;7321;64273;19379;90973;2020
28124;17;20;2;39;0;7;2;9;17;27;4;48;15;23;2;40;0;5;2;7;15;28;4;47;32;43;4;79;0;12;4;16;32;55;8;95;2020
28125;408;1340;297;2045;16;170;43;229;424;1510;340;2274;404;1179;256;1839;18;191;42;251;422;1370;298;2090;812;2519;553;3884;34;361;85;480;846;2880;638;4364;2020
28126;13;21;2;36;1;3;0;4;14;24;2;40;11;9;0;20;0;4;1;5;11;13;1;25;24;30;2;56;1;7;1;9;25;37;3;65;2020
28127;5664;27476;9459;42599;258;3025;538;3821;5922;30501;9997;46420;7103;28861;8908;44872;376;3869;576;4821;7479;32730;9484;49693;12767;56337;18367;87471;634;6894;1114;8642;13401;63231;19481;96113;2020
28128;78;181;35;294;3;19;4;26;81;200;39;320;82;121;11;214;1;16;4;21;83;137;15;235;160;302;46;508;4;35;8;47;164;337;54;555;2020
28129;570;3796;1307;5673;32;696;212;940;602;4492;1519;6613;703;3910;1264;5877;56;765;155;976;759;4675;1419;6853;1273;7706;2571;11550;88;1461;367;1916;1361;9167;2938;13466;2020
28130;2504;11644;2493;16641;62;2054;487;2603;2566;13698;2980;19244;3046;12066;2419;17531;99;2208;484;2791;3145;14274;2903;20322;5550;23710;4912;34172;161;4262;971;5394;5711;27972;5883;39566;2020
28131;1296;5283;1407;7986;49;714;131;894;1345;5997;1538;8880;1806;5498;1357;8661;81;784;126;991;1887;6282;1483;9652;3102;10781;2764;16647;130;1498;257;1885;3232;12279;3021;18532;2020
28132;847;5458;1763;8068;57;1553;373;1983;904;7011;2136;10051;1006;5234;1535;7775;87;1390;330;1807;1093;6624;1865;9582;1853;10692;3298;15843;144;2943;703;3790;1997;13635;4001;19633;2020
28133;795;2332;560;3687;26;425;181;632;821;2757;741;4319;945;2257;524;3726;26;436;172;634;971;2693;696;4360;1740;4589;1084;7413;52;861;353;1266;1792;5450;1437;8679;2020
28134;5799;26110;7825;39734;177;3741;825;4743;5976;29851;8650;44477;6970;26865;7381;41216;308;4503;720;5531;7278;31368;8101;46747;12769;52975;15206;80950;485;8244;1545;10274;13254;61219;16751;91224;2020
28135;135;421;81;637;2;50;11;63;137;471;92;700;113;353;79;545;2;58;16;76;115;411;95;621;248;774;160;1182;4;108;27;139;252;882;187;1321;2020
28136;80;296;53;429;2;25;7;34;82;321;60;463;83;252;60;395;2;32;7;41;85;284;67;436;163;548;113;824;4;57;14;75;167;605;127;899;2020
28137;130;806;296;1232;7;108;33;148;137;914;329;1380;138;754;252;1144;7;124;39;170;145;878;291;1314;268;1560;548;2376;14;232;72;318;282;1792;620;2694;2020
28138;11;28;2;41;0;5;1;6;11;33;3;47;5;21;5;31;0;7;2;9;5;28;7;40;16;49;7;72;0;12;3;15;16;61;10;87;2020
28140;235;1384;392;2011;8;72;20;100;243;1456;412;2111;268;1389;415;2072;6;88;14;108;274;1477;429;2180;503;2773;807;4083;14;160;34;208;517;2933;841;4291;2020
28141;452;2700;939;4091;25;389;77;491;477;3089;1016;4582;630;2727;935;4292;39;411;69;519;669;3138;1004;4811;1082;5427;1874;8383;64;800;146;1010;1146;6227;2020;9393;2020
28143;12;34;3;49;1;0;0;1;13;34;3;50;11;23;1;35;0;2;0;2;11;25;1;37;23;57;4;84;1;2;0;3;24;59;4;87;2020
28144;638;2692;667;3997;25;321;56;402;663;3013;723;4399;759;2672;680;4111;36;381;54;471;795;3053;734;4582;1397;5364;1347;8108;61;702;110;873;1458;6066;1457;8981;2020
28145;225;1166;319;1710;3;215;64;282;228;1381;383;1992;264;1086;358;1708;11;239;62;312;275;1325;420;2020;489;2252;677;3418;14;454;126;594;503;2706;803;4012;2020
28146;191;753;173;1117;7;197;68;272;198;950;241;1389;253;647;160;1060;13;220;54;287;266;867;214;1347;444;1400;333;2177;20;417;122;559;464;1817;455;2736;2020
28147;104;407;135;646;1;44;4;49;105;451;139;695;118;378;91;587;2;50;7;59;120;428;98;646;222;785;226;1233;3;94;11;108;225;879;237;1341;2020
28148;8446;36026;10227;54699;314;8379;1951;10644;8760;44405;12178;65343;10494;36443;9854;56791;441;8473;1805;10719;10935;44916;11659;67510;18940;72469;20081;111490;755;16852;3756;21363;19695;89321;23837;132853;2020
28149;443;2796;899;4138;18;317;86;421;461;3113;985;4559;495;2815;865;4175;26;348;86;460;521;3163;951;4635;938;5611;1764;8313;44;665;172;881;982;6276;1936;9194;2020
28150;269;1407;420;2096;1;79;17;97;270;1486;437;2193;304;1334;431;2069;4;101;19;124;308;1435;450;2193;573;2741;851;4165;5;180;36;221;578;2921;887;4386;2020
28151;357;1334;379;2070;7;283;75;365;364;1617;454;2435;417;1235;349;2001;13;312;93;418;430;1547;442;2419;774;2569;728;4071;20;595;168;783;794;3164;896;4854;2020
28152;1337;7178;2267;10782;68;594;104;766;1405;7772;2371;11548;1744;7448;2184;11376;79;795;104;978;1823;8243;2288;12354;3081;14626;4451;22158;147;1389;208;1744;3228;16015;4659;23902;2020
28153;137;275;67;479;3;46;14;63;140;321;81;542;166;261;55;482;0;33;18;51;166;294;73;533;303;536;122;961;3;79;32;114;306;615;154;1075;2020
28154;490;2413;687;3590;16;311;85;412;506;2724;772;4002;628;2220;572;3420;16;308;87;411;644;2528;659;3831;1118;4633;1259;7010;32;619;172;823;1150;5252;1431;7833;2020
28155;63;187;38;288;0;19;4;23;63;206;42;311;77;162;34;273;1;16;4;21;78;178;38;294;140;349;72;561;1;35;8;44;141;384;80;605;2020
28156;94;483;121;698;10;93;27;130;104;576;148;828;100;426;119;645;7;88;23;118;107;514;142;763;194;909;240;1343;17;181;50;248;211;1090;290;1591;2020
28157;86;279;64;429;4;49;9;62;90;328;73;491;93;256;72;421;7;49;11;67;100;305;83;488;179;535;136;850;11;98;20;129;190;633;156;979;2020
28158;100;273;73;446;3;38;11;52;103;311;84;498;93;237;76;406;5;47;7;59;98;284;83;465;193;510;149;852;8;85;18;111;201;595;167;963;2020
28159;84;219;60;363;2;25;7;34;86;244;67;397;79;214;62;355;0;18;5;23;79;232;67;378;163;433;122;718;2;43;12;57;165;476;134;775;2020
28160;795;3791;1062;5648;53;584;144;781;848;4375;1206;6429;905;3556;1013;5474;51;678;140;869;956;4234;1153;6343;1700;7347;2075;11122;104;1262;284;1650;1804;8609;2359;12772;2020
28161;3100;23376;7949;34425;135;2949;633;3717;3235;26325;8582;38142;4100;23495;7544;35139;229;3150;610;3989;4329;26645;8154;39128;7200;46871;15493;69564;364;6099;1243;7706;7564;52970;16736;77270;2020
28162;217;1233;492;1942;11;181;36;228;228;1414;528;2170;226;1202;395;1823;16;201;22;239;242;1403;417;2062;443;2435;887;3765;27;382;58;467;470;2817;945;4232;2020
28163;42;197;53;292;1;25;7;33;43;222;60;325;48;168;38;254;1;29;5;35;49;197;43;289;90;365;91;546;2;54;12;68;92;419;103;614;2020
28164;352;1372;316;2040;9;201;60;270;361;1573;376;2310;381;1243;337;1961;17;234;59;310;398;1477;396;2271;733;2615;653;4001;26;435;119;580;759;3050;772;4581;2020
28165;193;818;199;1210;10;241;72;323;203;1059;271;1533;212;723;187;1122;13;244;70;327;225;967;257;1449;405;1541;386;2332;23;485;142;650;428;2026;528;2982;2020
28166;37;161;26;224;2;32;4;38;39;193;30;262;43;127;25;195;1;34;6;41;44;161;31;236;80;288;51;419;3;66;10;79;83;354;61;498;2020
28167;477;4044;1117;5638;14;476;109;599;491;4520;1226;6237;573;3886;1027;5486;28;526;103;657;601;4412;1130;6143;1050;7930;2144;11124;42;1002;212;1256;1092;8932;2356;12380;2020
28168;159;555;149;863;9;157;26;192;168;712;175;1055;161;471;131;763;6;144;36;186;167;615;167;949;320;1026;280;1626;15;301;62;378;335;1327;342;2004;2020
28169;138;766;182;1086;4;76;13;93;142;842;195;1179;147;627;173;947;9;94;12;115;156;721;185;1062;285;1393;355;2033;13;170;25;208;298;1563;380;2241;2020
28170;274;1024;270;1568;2;151;37;190;276;1175;307;1758;344;893;227;1464;8;157;35;200;352;1050;262;1664;618;1917;497;3032;10;308;72;390;628;2225;569;3422;2020
28171;531;1764;438;2733;17;460;183;660;548;2224;621;3393;627;1605;413;2645;19;466;138;623;646;2071;551;3268;1158;3369;851;5378;36;926;321;1283;1194;4295;1172;6661;2020
28172;675;4561;1555;6791;30;354;81;465;705;4915;1636;7256;680;4459;1473;6612;46;410;68;524;726;4869;1541;7136;1355;9020;3028;13403;76;764;149;989;1431;9784;3177;14392;2020
28173;70;195;39;304;2;44;4;50;72;239;43;354;82;190;39;311;0;35;7;42;82;225;46;353;152;385;78;615;2;79;11;92;154;464;89;707;2020
28174;230;724;176;1130;4;134;47;185;234;858;223;1315;286;672;158;1116;7;126;41;174;293;798;199;1290;516;1396;334;2246;11;260;88;359;527;1656;422;2605;2020
28175;81;415;130;626;4;74;22;100;85;489;152;726;90;402;142;634;7;88;27;122;97;490;169;756;171;817;272;1260;11;162;49;222;182;979;321;1482;2020
28176;1072;6048;2002;9122;62;1300;272;1634;1134;7348;2274;10756;1237;6314;1800;9351;101;1630;277;2008;1338;7944;2077;11359;2309;12362;3802;18473;163;2930;549;3642;2472;15292;4351;22115;2020
28177;596;4890;2036;7522;41;728;171;940;637;5618;2207;8462;739;5144;1936;7819;81;898;136;1115;820;6042;2072;8934;1335;10034;3972;15341;122;1626;307;2055;1457;11660;4279;17396;2020
28178;89;529;130;748;3;50;12;65;92;579;142;813;105;463;141;709;2;58;10;70;107;521;151;779;194;992;271;1457;5;108;22;135;199;1100;293;1592;2020
28179;132;631;131;894;7;99;24;130;139;730;155;1024;138;606;140;884;6;131;34;171;144;737;174;1055;270;1237;271;1778;13;230;58;301;283;1467;329;2079;2020
28180;550;2179;608;3337;12;281;86;379;562;2460;694;3716;638;2110;521;3269;15;342;91;448;653;2452;612;3717;1188;4289;1129;6606;27;623;177;827;1215;4912;1306;7433;2020
28181;2419;7823;2110;12352;45;1047;160;1252;2464;8870;2270;13604;2932;8139;1992;13063;92;1252;137;1481;3024;9391;2129;14544;5351;15962;4102;25415;137;2299;297;2733;5488;18261;4399;28148;2020
28182;20;91;16;127;2;8;3;13;22;99;19;140;29;72;7;108;1;10;3;14;30;82;10;122;49;163;23;235;3;18;6;27;52;181;29;262;2020
28183;132;483;146;761;2;101;27;130;134;584;173;891;170;422;122;714;3;101;25;129;173;523;147;843;302;905;268;1475;5;202;52;259;307;1107;320;1734;2020
28901;120;345;74;539;5;122;28;155;125;467;102;694;141;293;75;509;4;104;29;137;145;397;104;646;261;638;149;1048;9;226;57;292;270;864;206;1340;2020
28902;80;230;49;359;3;21;7;31;83;251;56;390;62;166;43;271;1;32;5;38;63;198;48;309;142;396;92;630;4;53;12;69;146;449;104;699;2020
28903;2856;14933;4032;21821;87;1271;260;1618;2943;16204;4292;23439;3341;15612;3932;22885;137;1609;256;2002;3478;17221;4188;24887;6197;30545;7964;44706;224;2880;516;3620;6421;33425;8480;48326;2020
29001;371;1783;432;2586;15;101;22;138;386;1884;454;2724;463;1685;399;2547;14;85;17;116;477;1770;416;2663;834;3468;831;5133;29;186;39;254;863;3654;870;5387;2020
29002;165;455;101;721;225;187;39;451;390;642;140;1172;169;386;88;643;202;225;37;464;371;611;125;1107;334;841;189;1364;427;412;76;915;761;1253;265;2279;2020
29003;138;337;44;519;0;19;7;26;138;356;51;545;162;294;48;504;0;12;4;16;162;306;52;520;300;631;92;1023;0;31;11;42;300;662;103;1065;2020
29004;42;112;12;166;9;9;0;18;51;121;12;184;42;94;16;152;12;16;0;28;54;110;16;180;84;206;28;318;21;25;0;46;105;231;28;364;2020
29005;473;1879;479;2831;166;250;49;465;639;2129;528;3296;562;1750;461;2773;184;270;33;487;746;2020;494;3260;1035;3629;940;5604;350;520;82;952;1385;4149;1022;6556;2020
29006;97;268;32;397;4;15;4;23;101;283;36;420;89;230;43;362;7;19;6;32;96;249;49;394;186;498;75;759;11;34;10;55;197;532;85;814;2020
29007;2243;12560;4023;18826;259;1053;299;1611;2502;13613;4322;20437;2519;12663;3779;18961;264;1240;268;1772;2783;13903;4047;20733;4762;25223;7802;37787;523;2293;567;3383;5285;27516;8369;41170;2020
29008;1249;6564;2077;9890;677;1679;425;2781;1926;8243;2502;12671;1525;6385;1913;9823;616;1854;394;2864;2141;8239;2307;12687;2774;12949;3990;19713;1293;3533;819;5645;4067;16482;4809;25358;2020
29009;187;575;126;888;19;26;2;47;206;601;128;935;188;512;127;827;14;36;5;55;202;548;132;882;375;1087;253;1715;33;62;7;102;408;1149;260;1817;2020
29010;199;646;124;969;2;17;4;23;201;663;128;992;230;589;111;930;1;21;3;25;231;610;114;955;429;1235;235;1899;3;38;7;48;432;1273;242;1947;2020
29011;313;1232;261;1806;68;89;6;163;381;1321;267;1969;339;1092;225;1656;60;86;21;167;399;1178;246;1823;652;2324;486;3462;128;175;27;330;780;2499;513;3792;2020
29012;987;3958;924;5869;184;505;75;764;1171;4463;999;6633;1228;3764;810;5802;161;450;66;677;1389;4214;876;6479;2215;7722;1734;11671;345;955;141;1441;2560;8677;1875;13112;2020
29013;195;626;127;948;34;55;11;100;229;681;138;1048;226;572;99;897;23;74;19;116;249;646;118;1013;421;1198;226;1845;57;129;30;216;478;1327;256;2061;2020
29014;33;74;12;119;6;4;0;10;39;78;12;129;40;74;12;126;2;6;0;8;42;80;12;134;73;148;24;245;8;10;0;18;81;158;24;263;2020
29015;2969;12999;3303;19271;64;708;172;944;3033;13707;3475;20215;3928;12894;3148;19970;69;880;184;1133;3997;13774;3332;21103;6897;25893;6451;39241;133;1588;356;2077;7030;27481;6807;41318;2020
29016;26;107;17;150;24;24;3;51;50;131;20;201;32;90;10;132;20;29;3;52;52;119;13;184;58;197;27;282;44;53;6;103;102;250;33;385;2020
29017;686;2568;605;3859;19;246;39;304;705;2814;644;4163;865;2395;467;3727;27;204;47;278;892;2599;514;4005;1551;4963;1072;7586;46;450;86;582;1597;5413;1158;8168;2020
29018;214;835;169;1218;7;38;7;52;221;873;176;1270;261;734;189;1184;10;39;3;52;271;773;192;1236;475;1569;358;2402;17;77;10;104;492;1646;368;2506;2020
29019;118;350;63;531;32;46;8;86;150;396;71;617;134;283;67;484;23;48;5;76;157;331;72;560;252;633;130;1015;55;94;13;162;307;727;143;1177;2020
29020;336;1303;337;1976;9;30;2;41;345;1333;339;2017;432;1251;320;2003;8;48;6;62;440;1299;326;2065;768;2554;657;3979;17;78;8;103;785;2632;665;4082;2020
29021;21;62;5;88;0;4;0;4;21;66;5;92;20;42;11;73;1;3;0;4;21;45;11;77;41;104;16;161;1;7;0;8;42;111;16;169;2020
29022;25;69;12;106;1;8;2;11;26;77;14;117;30;61;12;103;0;9;4;13;30;70;16;116;55;130;24;209;1;17;6;24;56;147;30;233;2020
29023;163;1037;367;1567;412;1425;446;2283;575;2462;813;3850;147;1007;316;1470;351;1660;417;2428;498;2667;733;3898;310;2044;683;3037;763;3085;863;4711;1073;5129;1546;7748;2020
29024;56;143;24;223;2;6;0;8;58;149;24;231;52;119;25;196;1;8;2;11;53;127;27;207;108;262;49;419;3;14;2;19;111;276;51;438;2020
29025;3590;17481;4881;25952;1438;5347;1155;7940;5028;22828;6036;33892;4108;17687;4590;26385;1529;6219;1119;8867;5637;23906;5709;35252;7698;35168;9471;52337;2967;11566;2274;16807;10665;46734;11745;69144;2020
29026;124;413;79;616;55;114;14;183;179;527;93;799;152;332;66;550;56;120;10;186;208;452;76;736;276;745;145;1166;111;234;24;369;387;979;169;1535;2020
29027;208;987;264;1459;17;36;10;63;225;1023;274;1522;265;913;259;1437;19;59;9;87;284;972;268;1524;473;1900;523;2896;36;95;19;150;509;1995;542;3046;2020
29028;125;495;101;721;6;15;1;22;131;510;102;743;154;446;84;684;9;16;1;26;163;462;85;710;279;941;185;1405;15;31;2;48;294;972;187;1453;2020
29029;55;142;26;223;1;9;0;10;56;151;26;233;59;121;25;205;0;8;0;8;59;129;25;213;114;263;51;428;1;17;0;18;115;280;51;446;2020
29030;95;308;55;458;4;12;0;16;99;320;55;474;114;258;60;432;7;9;0;16;121;267;60;448;209;566;115;890;11;21;0;32;220;587;115;922;2020
29031;207;592;104;903;1;18;0;19;208;610;104;922;219;553;81;853;5;9;3;17;224;562;84;870;426;1145;185;1756;6;27;3;36;432;1172;188;1792;2020
29032;646;2729;674;4049;19;129;22;170;665;2858;696;4219;803;2610;590;4003;19;121;25;165;822;2731;615;4168;1449;5339;1264;8052;38;250;47;335;1487;5589;1311;8387;2020
29033;143;450;87;680;96;101;5;202;239;551;92;882;153;359;73;585;87;116;10;213;240;475;83;798;296;809;160;1265;183;217;15;415;479;1026;175;1680;2020
29034;60;173;28;261;60;45;9;114;120;218;37;375;73;159;35;267;56;54;7;117;129;213;42;384;133;332;63;528;116;99;16;231;249;431;79;759;2020
29035;170;575;59;804;1;11;3;15;171;586;62;819;225;511;62;798;0;16;0;16;225;527;62;814;395;1086;121;1602;1;27;3;31;396;1113;124;1633;2020
29036;71;250;39;360;3;21;3;27;74;271;42;387;84;218;34;336;3;13;1;17;87;231;35;353;155;468;73;696;6;34;4;44;161;502;77;740;2020
29037;35;82;5;122;2;4;1;7;37;86;6;129;31;62;8;101;1;11;0;12;32;73;8;113;66;144;13;223;3;15;1;19;69;159;14;242;2020
29038;1332;8479;2853;12664;153;581;125;859;1485;9060;2978;13523;1495;8127;2689;12311;145;630;129;904;1640;8757;2818;13215;2827;16606;5542;24975;298;1211;254;1763;3125;17817;5796;26738;2020
29039;304;1176;270;1750;16;105;33;154;320;1281;303;1904;355;976;234;1565;13;122;25;160;368;1098;259;1725;659;2152;504;3315;29;227;58;314;688;2379;562;3629;2020
29040;226;811;174;1211;40;76;12;128;266;887;186;1339;256;661;134;1051;43;72;9;124;299;733;143;1175;482;1472;308;2262;83;148;21;252;565;1620;329;2514;2020
29041;301;1685;525;2511;249;633;133;1015;550;2318;658;3526;303;1558;460;2321;220;699;117;1036;523;2257;577;3357;604;3243;985;4832;469;1332;250;2051;1073;4575;1235;6883;2020
29042;1281;6216;1919;9416;361;1257;324;1942;1642;7473;2243;11358;1567;5984;1759;9310;337;1376;292;2005;1904;7360;2051;11315;2848;12200;3678;18726;698;2633;616;3947;3546;14833;4294;22673;2020
29043;260;1001;243;1504;51;162;24;237;311;1163;267;1741;331;931;225;1487;35;123;23;181;366;1054;248;1668;591;1932;468;2991;86;285;47;418;677;2217;515;3409;2020
29044;127;297;44;468;110;121;26;257;237;418;70;725;125;203;38;366;89;137;13;239;214;340;51;605;252;500;82;834;199;258;39;496;451;758;121;1330;2020
29045;159;691;185;1035;471;432;42;945;630;1123;227;1980;208;650;168;1026;390;528;43;961;598;1178;211;1987;367;1341;353;2061;861;960;85;1906;1228;2301;438;3967;2020
29046;279;1002;209;1490;17;68;11;96;296;1070;220;1586;326;908;169;1403;13;57;6;76;339;965;175;1479;605;1910;378;2893;30;125;17;172;635;2035;395;3065;2020
29047;119;432;95;646;4;28;2;34;123;460;97;680;150;399;121;670;1;17;2;20;151;416;123;690;269;831;216;1316;5;45;4;54;274;876;220;1370;2020
29048;188;487;97;772;1;8;4;13;189;495;101;785;239;469;86;794;1;15;2;18;240;484;88;812;427;956;183;1566;2;23;6;31;429;979;189;1597;2020
29049;308;1140;230;1678;10;95;27;132;318;1235;257;1810;432;1040;232;1704;6;64;17;87;438;1104;249;1791;740;2180;462;3382;16;159;44;219;756;2339;506;3601;2020
29050;49;155;27;231;38;49;3;90;87;204;30;321;58;126;20;204;34;54;3;91;92;180;23;295;107;281;47;435;72;103;6;181;179;384;53;616;2020
29051;3862;17465;5140;26467;1490;5213;1222;7925;5352;22678;6362;34392;4557;17660;5063;27280;1489;5956;1111;8556;6046;23616;6174;35836;8419;35125;10203;53747;2979;11169;2333;16481;11398;46294;12536;70228;2020
29052;33;75;8;116;5;5;2;12;38;80;10;128;57;60;8;125;3;3;2;8;60;63;10;133;90;135;16;241;8;8;4;20;98;143;20;261;2020
29053;171;702;201;1074;131;271;44;446;302;973;245;1520;209;672;188;1069;107;307;59;473;316;979;247;1542;380;1374;389;2143;238;578;103;919;618;1952;492;3062;2020
29054;4716;16283;4219;25218;4019;9643;1561;15223;8735;25926;5780;40441;6073;16498;4028;26599;3998;10328;1471;15797;10071;26826;5499;42396;10789;32781;8247;51817;8017;19971;3032;31020;18806;52752;11279;82837;2020
29055;185;799;206;1190;47;97;19;163;232;896;225;1353;234;732;186;1152;40;103;14;157;274;835;200;1309;419;1531;392;2342;87;200;33;320;506;1731;425;2662;2020
29056;141;436;104;681;57;73;19;149;198;509;123;830;145;353;96;594;57;92;16;165;202;445;112;759;286;789;200;1275;114;165;35;314;400;954;235;1589;2020
29057;54;108;12;174;5;17;0;22;59;125;12;196;58;107;13;178;4;15;0;19;62;122;13;197;112;215;25;352;9;32;0;41;121;247;25;393;2020
29058;192;596;147;935;45;145;31;221;237;741;178;1156;254;508;145;907;33;146;38;217;287;654;183;1124;446;1104;292;1842;78;291;69;438;524;1395;361;2280;2020
29059;242;1115;251;1608;7;27;5;39;249;1142;256;1647;276;1088;241;1605;7;34;4;45;283;1122;245;1650;518;2203;492;3213;14;61;9;84;532;2264;501;3297;2020
29060;112;219;44;375;0;2;1;3;112;221;45;378;119;218;36;373;0;1;0;1;119;219;36;374;231;437;80;748;0;3;1;4;231;440;81;752;2020
29061;121;422;94;637;15;77;14;106;136;499;108;743;134;379;88;601;13;120;17;150;147;499;105;751;255;801;182;1238;28;197;31;256;283;998;213;1494;2020
29062;80;277;65;422;12;25;9;46;92;302;74;468;69;243;85;397;7;29;6;42;76;272;91;439;149;520;150;819;19;54;15;88;168;574;165;907;2020
29063;47;119;17;183;3;11;0;14;50;130;17;197;54;94;17;165;6;10;1;17;60;104;18;182;101;213;34;348;9;21;1;31;110;234;35;379;2020
29064;55;165;26;246;2;12;1;15;57;177;27;261;70;146;26;242;3;16;1;20;73;162;27;262;125;311;52;488;5;28;2;35;130;339;54;523;2020
29065;23;90;6;119;0;5;0;5;23;95;6;124;22;49;9;80;0;9;1;10;22;58;10;90;45;139;15;199;0;14;1;15;45;153;16;214;2020
29066;41;175;27;243;6;22;8;36;47;197;35;279;35;126;31;192;7;30;5;42;42;156;36;234;76;301;58;435;13;52;13;78;89;353;71;513;2020
29067;41530;167298;44410;253238;1117;19897;3537;24551;42647;187195;47947;277789;59211;173869;42062;275142;1575;20663;3291;25529;60786;194532;45353;300671;100741;341167;86472;528380;2692;40560;6828;50080;103433;381727;93300;578460;2020
29068;610;3525;1098;5233;600;1985;486;3071;1210;5510;1584;8304;645;3296;1028;4969;533;2164;469;3166;1178;5460;1497;8135;1255;6821;2126;10202;1133;4149;955;6237;2388;10970;3081;16439;2020
29069;7770;35018;9772;52560;2199;13058;3016;18273;9969;48076;12788;70833;9817;36863;9700;56380;2383;15203;2834;20420;12200;52066;12534;76800;17587;71881;19472;108940;4582;28261;5850;38693;22169;100142;25322;147633;2020
29070;2878;19600;6538;29016;3224;8510;1680;13414;6102;28110;8218;42430;3079;19694;5955;28728;3114;9424;1701;14239;6193;29118;7656;42967;5957;39294;12493;57744;6338;17934;3381;27653;12295;57228;15874;85397;2020
29071;87;414;111;612;16;18;4;38;103;432;115;650;85;397;86;568;9;20;4;33;94;417;90;601;172;811;197;1180;25;38;8;71;197;849;205;1251;2020
29072;302;1402;350;2054;309;249;31;589;611;1651;381;2643;361;1322;372;2055;264;287;27;578;625;1609;399;2633;663;2724;722;4109;573;536;58;1167;1236;3260;780;5276;2020
29073;170;707;221;1098;35;209;46;290;205;916;267;1388;191;639;196;1026;30;228;25;283;221;867;221;1309;361;1346;417;2124;65;437;71;573;426;1783;488;2697;2020
29074;120;277;52;449;7;15;1;23;127;292;53;472;131;255;61;447;10;20;0;30;141;275;61;477;251;532;113;896;17;35;1;53;268;567;114;949;2020
29075;1269;5191;1317;7777;1096;1358;200;2654;2365;6549;1517;10431;1602;5050;1214;7866;1074;1575;198;2847;2676;6625;1412;10713;2871;10241;2531;15643;2170;2933;398;5501;5041;13174;2929;21144;2020
29076;213;1021;286;1520;60;300;66;426;273;1321;352;1946;221;933;262;1416;56;343;55;454;277;1276;317;1870;434;1954;548;2936;116;643;121;880;550;2597;669;3816;2020
29077;34;71;15;120;1;1;1;3;35;72;16;123;37;61;15;113;0;2;1;3;37;63;16;116;71;132;30;233;1;3;2;6;72;135;32;239;2020
29079;280;973;207;1460;28;106;24;158;308;1079;231;1618;305;829;177;1311;24;107;29;160;329;936;206;1471;585;1802;384;2771;52;213;53;318;637;2015;437;3089;2020
29080;590;2962;859;4411;40;240;50;330;630;3202;909;4741;743;2883;782;4408;40;219;36;295;783;3102;818;4703;1333;5845;1641;8819;80;459;86;625;1413;6304;1727;9444;2020
29081;42;88;13;143;0;19;0;19;42;107;13;162;49;71;9;129;1;16;0;17;50;87;9;146;91;159;22;272;1;35;0;36;92;194;22;308;2020
29082;2750;14834;4652;22236;190;1177;296;1663;2940;16011;4948;23899;3353;15239;4326;22918;221;1478;252;1951;3574;16717;4578;24869;6103;30073;8978;45154;411;2655;548;3614;6514;32728;9526;48768;2020
29083;278;805;167;1250;39;109;18;166;317;914;185;1416;283;704;141;1128;44;125;10;179;327;829;151;1307;561;1509;308;2378;83;234;28;345;644;1743;336;2723;2020
29084;2671;10738;2465;15874;58;371;59;488;2729;11109;2524;16362;3544;10796;2385;16725;58;513;72;643;3602;11309;2457;17368;6215;21534;4850;32599;116;884;131;1131;6331;22418;4981;33730;2020
29085;18;50;13;81;3;2;0;5;21;52;13;86;22;43;13;78;4;5;0;9;26;48;13;87;40;93;26;159;7;7;0;14;47;100;26;173;2020
29086;82;314;70;466;170;164;17;351;252;478;87;817;107;283;52;442;123;172;14;309;230;455;66;751;189;597;122;908;293;336;31;660;482;933;153;1568;2020
29087;60;150;18;228;43;54;2;99;103;204;20;327;56;92;11;159;38;51;1;90;94;143;12;249;116;242;29;387;81;105;3;189;197;347;32;576;2020
29088;297;1073;270;1640;13;19;4;36;310;1092;274;1676;331;1026;237;1594;11;37;0;48;342;1063;237;1642;628;2099;507;3234;24;56;4;84;652;2155;511;3318;2020
29089;311;1301;226;1838;5;24;3;32;316;1325;229;1870;391;1192;251;1834;4;30;6;40;395;1222;257;1874;702;2493;477;3672;9;54;9;72;711;2547;486;3744;2020
29090;215;622;146;983;18;67;13;98;233;689;159;1081;246;575;132;953;22;75;5;102;268;650;137;1055;461;1197;278;1936;40;142;18;200;501;1339;296;2136;2020
29091;929;3992;1016;5937;1232;1625;232;3089;2161;5617;1248;9026;1078;3767;970;5815;1220;1626;256;3102;2298;5393;1226;8917;2007;7759;1986;11752;2452;3251;488;6191;4459;11010;2474;17943;2020
29092;49;259;46;354;4;15;3;22;53;274;49;376;50;217;66;333;0;21;7;28;50;238;73;361;99;476;112;687;4;36;10;50;103;512;122;737;2020
29093;272;811;158;1241;8;25;4;37;280;836;162;1278;317;749;131;1197;8;16;3;27;325;765;134;1224;589;1560;289;2438;16;41;7;64;605;1601;296;2502;2020
29094;5567;24365;6804;36736;698;2567;547;3812;6265;26932;7351;40548;6795;24412;6543;37750;682;2843;542;4067;7477;27255;7085;41817;12362;48777;13347;74486;1380;5410;1089;7879;13742;54187;14436;82365;2020
29095;392;1305;292;1989;27;90;13;130;419;1395;305;2119;469;1186;276;1931;24;68;6;98;493;1254;282;2029;861;2491;568;3920;51;158;19;228;912;2649;587;4148;2020
29096;344;1039;213;1596;15;23;4;42;359;1062;217;1638;419;1006;230;1655;19;41;9;69;438;1047;239;1724;763;2045;443;3251;34;64;13;111;797;2109;456;3362;2020
29097;417;1686;400;2503;31;94;20;145;448;1780;420;2648;531;1616;366;2513;35;93;19;147;566;1709;385;2660;948;3302;766;5016;66;187;39;292;1014;3489;805;5308;2020
29098;168;470;73;711;4;16;5;25;172;486;78;736;185;419;85;689;9;21;5;35;194;440;90;724;353;889;158;1400;13;37;10;60;366;926;168;1460;2020
29099;104;420;104;628;257;171;23;451;361;591;127;1079;123;355;72;550;207;200;19;426;330;555;91;976;227;775;176;1178;464;371;42;877;691;1146;218;2055;2020
29100;267;964;178;1409;14;35;6;55;281;999;184;1464;307;887;154;1348;17;30;10;57;324;917;164;1405;574;1851;332;2757;31;65;16;112;605;1916;348;2869;2020
29901;4370;18339;4806;27515;1243;4993;852;7088;5613;23332;5658;34603;5201;17799;4536;27536;1256;5030;741;7027;6457;22829;5277;34563;9571;36138;9342;55051;2499;10023;1593;14115;12070;46161;10935;69166;2020
29902;250;1063;221;1534;25;41;6;72;275;1104;227;1606;306;1046;248;1600;28;51;3;82;334;1097;251;1682;556;2109;469;3134;53;92;9;154;609;2201;478;3288;2020
29903;62;197;32;291;2;15;1;18;64;212;33;309;71;162;31;264;2;10;1;13;73;172;32;277;133;359;63;555;4;25;2;31;137;384;65;586;2020
29904;60;156;18;234;1;6;0;7;61;162;18;241;74;133;24;231;2;8;0;10;76;141;24;241;134;289;42;465;3;14;0;17;137;303;42;482;2020
30001;609;1708;382;2699;111;241;45;397;720;1949;427;3096;740;1523;333;2596;103;256;46;405;843;1779;379;3001;1349;3231;715;5295;214;497;91;802;1563;3728;806;6097;2020
30002;971;3915;924;5810;13;572;119;704;984;4487;1043;6514;1285;3717;940;5942;20;430;116;566;1305;4147;1056;6508;2256;7632;1864;11752;33;1002;235;1270;2289;8634;2099;13022;2020
30003;2491;10314;2806;15611;309;1565;347;2221;2800;11879;3153;17832;3046;10086;2689;15821;307;1411;351;2069;3353;11497;3040;17890;5537;20400;5495;31432;616;2976;698;4290;6153;23376;6193;35722;2020
30004;120;469;102;691;1;7;0;8;121;476;102;699;150;404;115;669;0;7;0;7;150;411;115;676;270;873;217;1360;1;14;0;15;271;887;217;1375;2020
30005;2571;12602;3671;18844;34;1714;389;2137;2605;14316;4060;20981;3391;12516;3384;19291;52;1655;366;2073;3443;14171;3750;21364;5962;25118;7055;38135;86;3369;755;4210;6048;28487;7810;42345;2020
30006;98;306;68;472;16;21;3;40;114;327;71;512;136;294;50;480;13;25;1;39;149;319;51;519;234;600;118;952;29;46;4;79;263;646;122;1031;2020
30007;576;2752;905;4233;24;692;83;799;600;3444;988;5032;725;2615;848;4188;15;418;108;541;740;3033;956;4729;1301;5367;1753;8421;39;1110;191;1340;1340;6477;1944;9761;2020
30008;1398;6025;1604;9027;123;1600;452;2175;1521;7625;2056;11202;1763;5695;1503;8961;112;1456;429;1997;1875;7151;1932;10958;3161;11720;3107;17988;235;3056;881;4172;3396;14776;3988;22160;2020
30009;1279;5159;1536;7974;20;1991;220;2231;1299;7150;1756;10205;1585;4976;1433;7994;20;1029;180;1229;1605;6005;1613;9223;2864;10135;2969;15968;40;3020;400;3460;2904;13155;3369;19428;2020
30010;627;2885;813;4325;24;1260;368;1652;651;4145;1181;5977;804;2678;748;4230;23;891;344;1258;827;3569;1092;5488;1431;5563;1561;8555;47;2151;712;2910;1478;7714;2273;11465;2020
30011;502;1893;454;2849;27;405;79;511;529;2298;533;3360;643;1781;452;2876;19;241;73;333;662;2022;525;3209;1145;3674;906;5725;46;646;152;844;1191;4320;1058;6569;2020
30012;955;3681;866;5502;28;221;54;303;983;3902;920;5805;1172;3476;796;5444;33;224;47;304;1205;3700;843;5748;2127;7157;1662;10946;61;445;101;607;2188;7602;1763;11553;2020
30013;779;2999;693;4471;118;458;95;671;897;3457;788;5142;968;2788;651;4407;118;392;74;584;1086;3180;725;4991;1747;5787;1344;8878;236;850;169;1255;1983;6637;1513;10133;2020
30014;162;618;117;897;12;46;4;62;174;664;121;959;235;608;178;1021;10;34;8;52;245;642;186;1073;397;1226;295;1918;22;80;12;114;419;1306;307;2032;2020
30015;2059;7667;2057;11783;35;892;147;1074;2094;8559;2204;12857;2558;7532;1831;11921;34;724;152;910;2592;8256;1983;12831;4617;15199;3888;23704;69;1616;299;1984;4686;16815;4187;25688;2020
30016;14877;61767;17811;94455;1065;9615;2343;13023;15942;71382;20154;107478;19910;60349;17010;97269;1006;8249;2106;11361;20916;68598;19116;108630;34787;122116;34821;191724;2071;17864;4449;24384;36858;139980;39270;216108;2020
30017;1298;4474;946;6718;73;487;117;677;1371;4961;1063;7395;1539;4279;941;6759;60;431;124;615;1599;4710;1065;7374;2837;8753;1887;13477;133;918;241;1292;2970;9671;2128;14769;2020
30018;614;3708;1080;5402;16;537;93;646;630;4245;1173;6048;762;3529;1100;5391;14;460;94;568;776;3989;1194;5959;1376;7237;2180;10793;30;997;187;1214;1406;8234;2367;12007;2020
30019;2505;10585;2821;15911;39;1457;324;1820;2544;12042;3145;17731;3291;10191;2707;16189;40;1053;270;1363;3331;11244;2977;17552;5796;20776;5528;32100;79;2510;594;3183;5875;23286;6122;35283;2020
30020;590;2855;805;4250;143;920;181;1244;733;3775;986;5494;651;2585;724;3960;106;588;141;835;757;3173;865;4795;1241;5440;1529;8210;249;1508;322;2079;1490;6948;1851;10289;2020
30021;866;4086;1293;6245;206;1772;464;2442;1072;5858;1757;8687;1055;3771;1183;6009;151;1505;435;2091;1206;5276;1618;8100;1921;7857;2476;12254;357;3277;899;4533;2278;11134;3375;16787;2020
30022;1587;7166;2021;10774;80;2342;358;2780;1667;9508;2379;13554;1987;6869;1886;10742;64;1320;314;1698;2051;8189;2200;12440;3574;14035;3907;21516;144;3662;672;4478;3718;17697;4579;25994;2020
30023;390;1613;479;2482;10;174;62;246;400;1787;541;2728;495;1472;382;2349;10;173;65;248;505;1645;447;2597;885;3085;861;4831;20;347;127;494;905;3432;988;5325;2020
30024;6071;24249;6870;37190;273;9125;2250;11648;6344;33374;9120;48838;7820;24025;6353;38198;284;6115;2080;8479;8104;30140;8433;46677;13891;48274;13223;75388;557;15240;4330;20127;14448;63514;17553;95515;2020
30025;437;2093;570;3100;7;431;108;546;444;2524;678;3646;569;2017;547;3133;11;366;90;467;580;2383;637;3600;1006;4110;1117;6233;18;797;198;1013;1024;4907;1315;7246;2020
30026;1529;6914;1915;10358;1678;4154;808;6640;3207;11068;2723;16998;1780;6698;1768;10246;1531;3320;744;5595;3311;10018;2512;15841;3309;13612;3683;20604;3209;7474;1552;12235;6518;21086;5235;32839;2020
30027;4132;21201;6738;32071;131;3535;757;4423;4263;24736;7495;36494;4914;21403;6246;32563;168;3156;714;4038;5082;24559;6960;36601;9046;42604;12984;64634;299;6691;1471;8461;9345;49295;14455;73095;2020
30028;835;2413;529;3777;21;130;23;174;856;2543;552;3951;992;2233;449;3674;12;140;27;179;1004;2373;476;3853;1827;4646;978;7451;33;270;50;353;1860;4916;1028;7804;2020
30029;1146;5021;1311;7478;33;1011;200;1244;1179;6032;1511;8722;1504;4766;1282;7552;20;570;157;747;1524;5336;1439;8299;2650;9787;2593;15030;53;1581;357;1991;2703;11368;2950;17021;2020
30030;29555;128946;36681;195182;1128;23514;5105;29747;30683;152460;41786;224929;40167;131475;34796;206438;1479;21694;4863;28036;41646;153169;39659;234474;69722;260421;71477;401620;2607;45208;9968;57783;72329;305629;81445;459403;2020
30031;57;194;15;266;0;0;1;1;57;194;16;267;73;144;19;236;0;6;1;7;73;150;20;243;130;338;34;502;0;6;2;8;130;344;36;510;2020
30032;320;1179;313;1812;22;126;21;169;342;1305;334;1981;410;1019;264;1693;17;125;27;169;427;1144;291;1862;730;2198;577;3505;39;251;48;338;769;2449;625;3843;2020
30033;1079;4121;1143;6343;34;1284;337;1655;1113;5405;1480;7998;1353;4033;1161;6547;43;877;315;1235;1396;4910;1476;7782;2432;8154;2304;12890;77;2161;652;2890;2509;10315;2956;15780;2020
30034;153;419;66;638;8;18;4;30;161;437;70;668;181;334;44;559;4;19;3;26;185;353;47;585;334;753;110;1197;12;37;7;56;346;790;117;1253;2020
30035;1853;8025;2474;12352;433;2983;890;4306;2286;11008;3364;16658;2269;7940;2257;12466;375;2753;877;4005;2644;10693;3134;16471;4122;15965;4731;24818;808;5736;1767;8311;4930;21701;6498;33129;2020
30036;1540;6300;1921;9761;201;2386;721;3308;1741;8686;2642;13069;1946;6164;1803;9913;197;2030;723;2950;2143;8194;2526;12863;3486;12464;3724;19674;398;4416;1444;6258;3884;16880;5168;25932;2020
30037;1577;8487;2694;12758;408;4180;1451;6039;1985;12667;4145;18797;1919;8126;2598;12643;325;3379;1320;5024;2244;11505;3918;17667;3496;16613;5292;25401;733;7559;2771;11063;4229;24172;8063;36464;2020
30038;1385;6728;2052;10165;14;743;136;893;1399;7471;2188;11058;1626;6520;1898;10044;10;525;116;651;1636;7045;2014;10695;3011;13248;3950;20209;24;1268;252;1544;3035;14516;4202;21753;2020
30039;1946;8549;2499;12994;81;3137;562;3780;2027;11686;3061;16774;2406;8207;2385;12998;66;2170;521;2757;2472;10377;2906;15755;4352;16756;4884;25992;147;5307;1083;6537;4499;22063;5967;32529;2020
30040;100;265;45;410;1;25;7;33;101;290;52;443;112;228;40;380;0;22;4;26;112;250;44;406;212;493;85;790;1;47;11;59;213;540;96;849;2020
30041;1134;6085;2093;9312;47;818;241;1106;1181;6903;2334;10418;1468;5744;1862;9074;44;763;239;1046;1512;6507;2101;10120;2602;11829;3955;18386;91;1581;480;2152;2693;13410;4435;20538;2020
30042;176;953;256;1385;7;145;21;173;183;1098;277;1558;275;898;244;1417;4;110;22;136;279;1008;266;1553;451;1851;500;2802;11;255;43;309;462;2106;543;3111;2020
30043;2492;10585;2955;16032;66;1174;230;1470;2558;11759;3185;17502;3013;10101;2921;16035;69;1010;218;1297;3082;11111;3139;17332;5505;20686;5876;32067;135;2184;448;2767;5640;22870;6324;34834;2020
30901;896;4488;1296;6680;31;1093;343;1467;927;5581;1639;8147;1167;4300;1283;6750;31;983;359;1373;1198;5283;1642;8123;2063;8788;2579;13430;62;2076;702;2840;2125;10864;3281;16270;2020
30902;801;3349;1006;5156;397;2322;620;3339;1198;5671;1626;8495;1036;3285;1000;5321;370;1879;525;2774;1406;5164;1525;8095;1837;6634;2006;10477;767;4201;1145;6113;2604;10835;3151;16590;2020
31001;13;31;3;47;0;0;0;0;13;31;3;47;14;20;1;35;0;0;0;0;14;20;1;35;27;51;4;82;0;0;0;0;27;51;4;82;2020
31002;63;154;45;262;0;10;5;15;63;164;50;277;75;140;36;251;0;13;3;16;75;153;39;267;138;294;81;513;0;23;8;31;138;317;89;544;2020
31003;33;42;5;80;0;0;0;0;33;42;5;80;24;18;5;47;0;0;0;0;24;18;5;47;57;60;10;127;0;0;0;0;57;60;10;127;2020
31004;9;9;0;18;0;0;0;0;9;9;0;18;5;7;0;12;0;1;0;1;5;8;0;13;14;16;0;30;0;1;0;1;14;17;0;31;2020
31005;43;114;13;170;1;10;0;11;44;124;13;181;35;88;20;143;1;13;2;16;36;101;22;159;78;202;33;313;2;23;2;27;80;225;35;340;2020
31006;235;737;146;1118;4;115;24;143;239;852;170;1261;302;626;149;1077;4;115;27;146;306;741;176;1223;537;1363;295;2195;8;230;51;289;545;1593;346;2484;2020
31007;19;56;3;78;1;8;0;9;20;64;3;87;14;41;8;63;1;1;0;2;15;42;8;65;33;97;11;141;2;9;0;11;35;106;11;152;2020
31008;11;22;5;38;0;0;0;0;11;22;5;38;16;11;1;28;0;0;0;0;16;11;1;28;27;33;6;66;0;0;0;0;27;33;6;66;2020
31009;109;251;41;401;1;13;1;15;110;264;42;416;118;211;33;362;0;15;1;16;118;226;34;378;227;462;74;763;1;28;2;31;228;490;76;794;2020
31010;657;2265;529;3451;5;256;53;314;662;2521;582;3765;790;2088;513;3391;8;249;52;309;798;2337;565;3700;1447;4353;1042;6842;13;505;105;623;1460;4858;1147;7465;2020
31011;128;250;68;446;3;12;2;17;131;262;70;463;108;231;58;397;1;13;0;14;109;244;58;411;236;481;126;843;4;25;2;31;240;506;128;874;2020
31012;141;247;68;456;0;25;6;31;141;272;74;487;154;225;54;433;1;30;9;40;155;255;63;473;295;472;122;889;1;55;15;71;296;527;137;960;2020
31013;105;242;42;389;0;1;0;1;105;243;42;390;107;179;28;314;0;7;0;7;107;186;28;321;212;421;70;703;0;8;0;8;212;429;70;711;2020
31014;33;119;23;175;1;11;1;13;34;130;24;188;39;77;26;142;1;7;0;8;40;84;26;150;72;196;49;317;2;18;1;21;74;214;50;338;2020
31015;250;783;159;1192;5;169;53;227;255;952;212;1419;292;708;167;1167;6;151;41;198;298;859;208;1365;542;1491;326;2359;11;320;94;425;553;1811;420;2784;2020
31016;725;3190;944;4859;11;362;95;468;736;3552;1039;5327;929;3240;903;5072;17;341;79;437;946;3581;982;5509;1654;6430;1847;9931;28;703;174;905;1682;7133;2021;10836;2020
31017;59;157;34;250;0;8;2;10;59;165;36;260;43;119;48;210;1;8;2;11;44;127;50;221;102;276;82;460;1;16;4;21;103;292;86;481;2020
31018;40;212;51;303;3;18;4;25;43;230;55;328;35;160;45;240;3;18;6;27;38;178;51;267;75;372;96;543;6;36;10;52;81;408;106;595;2020
31019;186;758;225;1169;7;181;57;245;193;939;282;1414;251;670;196;1117;8;175;63;246;259;845;259;1363;437;1428;421;2286;15;356;120;491;452;1784;541;2777;2020
31020;76;169;40;285;0;2;2;4;76;171;42;289;53;143;27;223;0;10;1;11;53;153;28;234;129;312;67;508;0;12;3;15;129;324;70;523;2020
31021;11;20;6;37;0;3;0;3;11;23;6;40;9;17;2;28;0;2;0;2;9;19;2;30;20;37;8;65;0;5;0;5;20;42;8;70;2020
31022;80;184;55;319;0;2;2;4;80;186;57;323;66;161;49;276;1;8;0;9;67;169;49;285;146;345;104;595;1;10;2;13;147;355;106;608;2020
31023;485;3596;1314;5395;9;235;59;303;494;3831;1373;5698;491;3556;1215;5262;12;269;65;346;503;3825;1280;5608;976;7152;2529;10657;21;504;124;649;997;7656;2653;11306;2020
31024;16;37;7;60;0;1;1;2;16;38;8;62;13;29;11;53;0;1;0;1;13;30;11;54;29;66;18;113;0;2;1;3;29;68;19;116;2020
31025;100;330;62;492;0;14;0;14;100;344;62;506;102;253;85;440;1;12;3;16;103;265;88;456;202;583;147;932;1;26;3;30;203;609;150;962;2020
31026;24;44;9;77;0;2;0;2;24;46;9;79;27;35;5;67;0;1;0;1;27;36;5;68;51;79;14;144;0;3;0;3;51;82;14;147;2020
31027;105;323;110;538;2;36;3;41;107;359;113;579;102;309;102;513;1;15;1;17;103;324;103;530;207;632;212;1051;3;51;4;58;210;683;216;1109;2020
31028;28;95;15;138;0;3;1;4;28;98;16;142;30;68;16;114;0;5;1;6;30;73;17;120;58;163;31;252;0;8;2;10;58;171;33;262;2020
31029;127;317;57;501;1;44;10;55;128;361;67;556;212;261;47;520;3;36;12;51;215;297;59;571;339;578;104;1021;4;80;22;106;343;658;126;1127;2020
31030;19;55;4;78;0;2;0;2;19;57;4;80;18;41;6;65;0;3;0;3;18;44;6;68;37;96;10;143;0;5;0;5;37;101;10;148;2020
31031;42;75;19;136;0;10;0;10;42;85;19;146;24;76;33;133;0;4;0;4;24;80;33;137;66;151;52;269;0;14;0;14;66;165;52;283;2020
31032;233;622;150;1005;3;126;41;170;236;748;191;1175;284;552;128;964;6;110;32;148;290;662;160;1112;517;1174;278;1969;9;236;73;318;526;1410;351;2287;2020
31033;13;15;2;30;0;0;0;0;13;15;2;30;6;11;3;20;0;1;0;1;6;12;3;21;19;26;5;50;0;1;0;1;19;27;5;51;2020
31034;5;11;1;17;0;1;0;1;5;12;1;18;6;6;1;13;0;1;0;1;6;7;1;14;11;17;2;30;0;2;0;2;11;19;2;32;2020
31035;13;13;1;27;0;1;0;1;13;14;1;28;16;6;2;24;0;0;0;0;16;6;2;24;29;19;3;51;0;1;0;1;29;20;3;52;2020
31036;144;342;54;540;0;16;1;17;144;358;55;557;139;260;59;458;1;20;2;23;140;280;61;481;283;602;113;998;1;36;3;40;284;638;116;1038;2020
31037;13;34;8;55;0;0;0;0;13;34;8;55;15;30;4;49;0;2;0;2;15;32;4;51;28;64;12;104;0;2;0;2;28;66;12;106;2020
31038;190;513;115;818;0;46;11;57;190;559;126;875;213;449;108;770;5;31;10;46;218;480;118;816;403;962;223;1588;5;77;21;103;408;1039;244;1691;2020
31039;12;36;9;57;0;0;0;0;12;36;9;57;15;27;6;48;1;5;0;6;16;32;6;54;27;63;15;105;1;5;0;6;28;68;15;111;2020
31040;31;79;13;123;0;2;0;2;31;81;13;125;25;57;17;99;0;1;0;1;25;58;17;100;56;136;30;222;0;3;0;3;56;139;30;225;2020
31041;136;766;264;1166;2;61;14;77;138;827;278;1243;142;681;240;1063;4;72;13;89;146;753;253;1152;278;1447;504;2229;6;133;27;166;284;1580;531;2395;2020
31042;326;1033;247;1606;6;242;88;336;332;1275;335;1942;405;980;248;1633;6;187;72;265;411;1167;320;1898;731;2013;495;3239;12;429;160;601;743;2442;655;3840;2020
31043;7;3;0;10;0;0;0;0;7;3;0;10;9;7;0;16;0;0;0;0;9;7;0;16;16;10;0;26;0;0;0;0;16;10;0;26;2020
31044;53;105;25;183;0;6;3;9;53;111;28;192;49;87;24;160;0;8;0;8;49;95;24;168;102;192;49;343;0;14;3;17;102;206;52;360;2020
31045;56;211;52;319;0;8;0;8;56;219;52;327;59;182;34;275;0;9;2;11;59;191;36;286;115;393;86;594;0;17;2;19;115;410;88;613;2020
31046;6;19;0;25;0;0;0;0;6;19;0;25;12;12;0;24;0;0;0;0;12;12;0;24;18;31;0;49;0;0;0;0;18;31;0;49;2020
31047;47;74;3;124;0;2;0;2;47;76;3;126;64;55;5;124;0;5;0;5;64;60;5;129;111;129;8;248;0;7;0;7;111;136;8;255;2020
31048;28;64;14;106;0;11;4;15;28;75;18;121;22;50;19;91;0;9;0;9;22;59;19;100;50;114;33;197;0;20;4;24;50;134;37;221;2020
31049;111;275;72;458;0;8;1;9;111;283;73;467;79;220;48;347;0;11;3;14;79;231;51;361;190;495;120;805;0;19;4;23;190;514;124;828;2020
31050;784;2320;612;3716;16;193;44;253;800;2513;656;3969;968;2041;576;3585;13;237;46;296;981;2278;622;3881;1752;4361;1188;7301;29;430;90;549;1781;4791;1278;7850;2020
31051;43;81;22;146;3;1;3;7;46;82;25;153;52;66;12;130;0;3;1;4;52;69;13;134;95;147;34;276;3;4;4;11;98;151;38;287;2020
31052;11;47;1;59;0;2;1;3;11;49;2;62;14;37;3;54;0;2;1;3;14;39;4;57;25;84;4;113;0;4;2;6;25;88;6;119;2020
31053;92;176;37;305;0;21;14;35;92;197;51;340;92;160;39;291;0;23;12;35;92;183;51;326;184;336;76;596;0;44;26;70;184;380;102;666;2020
31054;69;163;40;272;0;24;1;25;69;187;41;297;77;152;56;285;1;13;7;21;78;165;63;306;146;315;96;557;1;37;8;46;147;352;104;603;2020
31055;37;108;39;184;0;5;1;6;37;113;40;190;45;87;30;162;2;19;1;22;47;106;31;184;82;195;69;346;2;24;2;28;84;219;71;374;2020
31056;27;82;16;125;0;1;0;1;27;83;16;126;17;62;17;96;0;1;0;1;17;63;17;97;44;144;33;221;0;2;0;2;44;146;33;223;2020
31057;225;625;111;961;3;82;30;115;228;707;141;1076;296;606;113;1015;3;75;26;104;299;681;139;1119;521;1231;224;1976;6;157;56;219;527;1388;280;2195;2020
31058;25;82;15;122;0;0;0;0;25;82;15;122;35;58;8;101;1;3;0;4;36;61;8;105;60;140;23;223;1;3;0;4;61;143;23;227;2020
31059;35;63;14;112;0;1;1;2;35;64;15;114;30;52;4;86;0;1;2;3;30;53;6;89;65;115;18;198;0;2;3;5;65;117;21;203;2020
31060;1439;5537;1370;8346;28;908;180;1116;1467;6445;1550;9462;1996;5766;1274;9036;62;814;167;1043;2058;6580;1441;10079;3435;11303;2644;17382;90;1722;347;2159;3525;13025;2991;19541;2020
31061;10;13;1;24;0;1;0;1;10;14;1;25;15;9;5;29;0;0;0;0;15;9;5;29;25;22;6;53;0;1;0;1;25;23;6;54;2020
31062;139;423;71;633;1;60;18;79;140;483;89;712;179;344;61;584;1;44;10;55;180;388;71;639;318;767;132;1217;2;104;28;134;320;871;160;1351;2020
31063;26;18;5;49;0;0;0;0;26;18;5;49;18;18;2;38;0;0;0;0;18;18;2;38;44;36;7;87;0;0;0;0;44;36;7;87;2020
31064;189;518;96;803;1;216;44;261;190;734;140;1064;223;481;102;806;3;119;53;175;226;600;155;981;412;999;198;1609;4;335;97;436;416;1334;295;2045;2020
31065;258;705;194;1157;4;258;74;336;262;963;268;1493;294;621;156;1071;4;177;56;237;298;798;212;1308;552;1326;350;2228;8;435;130;573;560;1761;480;2801;2020
31066;127;294;60;481;0;58;21;79;127;352;81;560;129;273;57;459;0;58;27;85;129;331;84;544;256;567;117;940;0;116;48;164;256;683;165;1104;2020
31067;266;716;142;1124;2;111;34;147;268;827;176;1271;288;645;158;1091;1;99;40;140;289;744;198;1231;554;1361;300;2215;3;210;74;287;557;1571;374;2502;2020
31068;391;1012;264;1667;1;218;72;291;392;1230;336;1958;477;969;265;1711;11;209;63;283;488;1178;328;1994;868;1981;529;3378;12;427;135;574;880;2408;664;3952;2020
31069;121;289;52;462;1;13;3;17;122;302;55;479;150;260;43;453;3;12;4;19;153;272;47;472;271;549;95;915;4;25;7;36;275;574;102;951;2020
31070;317;1005;325;1647;11;341;132;484;328;1346;457;2131;415;948;300;1663;16;324;117;457;431;1272;417;2120;732;1953;625;3310;27;665;249;941;759;2618;874;4251;2020
31071;6;1;0;7;0;1;0;1;6;2;0;8;4;1;0;5;0;0;0;0;4;1;0;5;10;2;0;12;0;1;0;1;10;3;0;13;2020
31072;625;2130;678;3433;15;511;159;685;640;2641;837;4118;723;1962;592;3277;19;469;143;631;742;2431;735;3908;1348;4092;1270;6710;34;980;302;1316;1382;5072;1572;8026;2020
31073;41;116;19;176;0;9;0;9;41;125;19;185;56;87;14;157;0;8;0;8;56;95;14;165;97;203;33;333;0;17;0;17;97;220;33;350;2020
31074;59;151;38;248;0;1;0;1;59;152;38;249;60;127;41;228;0;3;0;3;60;130;41;231;119;278;79;476;0;4;0;4;119;282;79;480;2020
31075;10;42;13;65;0;8;1;9;10;50;14;74;19;42;11;72;0;6;1;7;19;48;12;79;29;84;24;137;0;14;2;16;29;98;26;153;2020
31076;175;1194;477;1846;3;180;8;191;178;1374;485;2037;174;1137;477;1788;8;79;12;99;182;1216;489;1887;349;2331;954;3634;11;259;20;290;360;2590;974;3924;2020
31077;668;2152;514;3334;24;538;174;736;692;2690;688;4070;759;1963;551;3273;26;575;156;757;785;2538;707;4030;1427;4115;1065;6607;50;1113;330;1493;1477;5228;1395;8100;2020
31078;327;930;181;1438;2;135;55;192;329;1065;236;1630;376;813;160;1349;2;142;55;199;378;955;215;1548;703;1743;341;2787;4;277;110;391;707;2020;451;3178;2020
31079;14;21;3;38;1;3;2;6;15;24;5;44;15;11;0;26;0;4;2;6;15;15;2;32;29;32;3;64;1;7;4;12;30;39;7;76;2020
31080;69;179;40;288;1;7;5;13;70;186;45;301;95;149;28;272;0;15;3;18;95;164;31;290;164;328;68;560;1;22;8;31;165;350;76;591;2020
31081;40;134;46;220;1;2;0;3;41;136;46;223;43;136;36;215;2;2;0;4;45;138;36;219;83;270;82;435;3;4;0;7;86;274;82;442;2020
31082;97;243;67;407;0;18;5;23;97;261;72;430;99;198;68;365;3;22;7;32;102;220;75;397;196;441;135;772;3;40;12;55;199;481;147;827;2020
31083;3;20;11;34;0;2;1;3;3;22;12;37;6;22;9;37;0;1;0;1;6;23;9;38;9;42;20;71;0;3;1;4;9;45;21;75;2020
31084;266;744;237;1247;2;37;11;50;268;781;248;1297;297;650;205;1152;2;39;7;48;299;689;212;1200;563;1394;442;2399;4;76;18;98;567;1470;460;2497;2020
31085;62;202;55;319;1;11;1;13;63;213;56;332;59;184;59;302;1;13;1;15;60;197;60;317;121;386;114;621;2;24;2;28;123;410;116;649;2020
31086;515;6577;3033;10125;29;462;118;609;544;7039;3151;10734;523;6544;2903;9970;44;577;93;714;567;7121;2996;10684;1038;13121;5936;20095;73;1039;211;1323;1111;14160;6147;21418;2020
31087;26;67;15;108;0;4;0;4;26;71;15;112;23;64;20;107;0;1;0;1;23;65;20;108;49;131;35;215;0;5;0;5;49;136;35;220;2020
31088;445;2461;925;3831;19;277;55;351;464;2738;980;4182;472;2394;896;3762;30;308;72;410;502;2702;968;4172;917;4855;1821;7593;49;585;127;761;966;5440;1948;8354;2020
31089;27;94;15;136;0;10;2;12;27;104;17;148;40;77;18;135;1;5;3;9;41;82;21;144;67;171;33;271;1;15;5;21;68;186;38;292;2020
31090;29;56;8;93;0;0;0;0;29;56;8;93;21;31;5;57;0;0;0;0;21;31;5;57;50;87;13;150;0;0;0;0;50;87;13;150;2020
31091;69;106;14;189;1;9;0;10;70;115;14;199;63;85;19;167;1;3;0;4;64;88;19;171;132;191;33;356;2;12;0;14;134;203;33;370;2020
31092;111;277;50;438;3;5;0;8;114;282;50;446;96;203;41;340;3;4;0;7;99;207;41;347;207;480;91;778;6;9;0;15;213;489;91;793;2020
31093;56;97;10;163;0;6;2;8;56;103;12;171;50;71;9;130;0;11;2;13;50;82;11;143;106;168;19;293;0;17;4;21;106;185;23;314;2020
31094;21;26;1;48;0;0;0;0;21;26;1;48;25;26;6;57;0;0;0;0;25;26;6;57;46;52;7;105;0;0;0;0;46;52;7;105;2020
31095;16;21;2;39;0;0;0;0;16;21;2;39;12;20;1;33;0;0;0;0;12;20;1;33;28;41;3;72;0;0;0;0;28;41;3;72;2020
31096;22;33;2;57;0;0;0;0;22;33;2;57;21;21;2;44;0;0;0;0;21;21;2;44;43;54;4;101;0;0;0;0;43;54;4;101;2020
31097;1426;3661;845;5932;21;615;128;764;1447;4276;973;6696;1811;3780;876;6467;26;673;129;828;1837;4453;1005;7295;3237;7441;1721;12399;47;1288;257;1592;3284;8729;1978;13991;2020
31098;174;880;288;1342;3;48;10;61;177;928;298;1403;197;797;266;1260;5;48;10;63;202;845;276;1323;371;1677;554;2602;8;96;20;124;379;1773;574;2726;2020
31099;12;14;0;26;0;8;0;8;12;22;0;34;10;14;1;25;0;2;0;2;10;16;1;27;22;28;1;51;0;10;0;10;22;38;1;61;2020
31100;53;90;14;157;0;0;0;0;53;90;14;157;45;69;10;124;0;1;0;1;45;70;10;125;98;159;24;281;0;1;0;1;98;160;24;282;2020
31101;120;635;141;896;3;34;6;43;123;669;147;939;131;566;139;836;1;32;3;36;132;598;142;872;251;1201;280;1732;4;66;9;79;255;1267;289;1811;2020
31102;36;48;7;91;0;0;1;1;36;48;8;92;14;28;2;44;0;2;0;2;14;30;2;46;50;76;9;135;0;2;1;3;50;78;10;138;2020
31103;8;13;0;21;0;1;0;1;8;14;0;22;8;11;3;22;0;0;0;0;8;11;3;22;16;24;3;43;0;1;0;1;16;25;3;44;2020
31104;275;623;129;1027;2;128;45;175;277;751;174;1202;343;533;96;972;4;106;52;162;347;639;148;1134;618;1156;225;1999;6;234;97;337;624;1390;322;2336;2020
31105;250;506;131;887;4;91;55;150;254;597;186;1037;301;442;119;862;7;116;58;181;308;558;177;1043;551;948;250;1749;11;207;113;331;562;1155;363;2080;2020
31106;74;295;83;452;1;38;5;44;75;333;88;496;90;283;70;443;1;44;9;54;91;327;79;497;164;578;153;895;2;82;14;98;166;660;167;993;2020
31107;225;646;169;1040;6;198;48;252;231;844;217;1292;244;571;147;962;2;134;54;190;246;705;201;1152;469;1217;316;2002;8;332;102;442;477;1549;418;2444;2020
31108;279;646;158;1083;2;136;23;161;281;782;181;1244;300;622;161;1083;6;123;27;156;306;745;188;1239;579;1268;319;2166;8;259;50;317;587;1527;369;2483;2020
31109;150;750;247;1147;3;40;6;49;153;790;253;1196;151;669;231;1051;3;38;2;43;154;707;233;1094;301;1419;478;2198;6;78;8;92;307;1497;486;2290;2020
31110;17;31;2;50;1;1;0;2;18;32;2;52;17;19;6;42;0;0;0;0;17;19;6;42;34;50;8;92;1;1;0;2;35;51;8;94;2020
31111;15;44;3;62;0;0;0;0;15;44;3;62;10;19;2;31;0;1;0;1;10;20;2;32;25;63;5;93;0;1;0;1;25;64;5;94;2020
31112;21;33;0;54;0;0;0;0;21;33;0;54;19;19;2;40;0;0;0;0;19;19;2;40;40;52;2;94;0;0;0;0;40;52;2;94;2020
31113;23;55;5;83;0;0;0;0;23;55;5;83;23;30;5;58;0;1;0;1;23;31;5;59;46;85;10;141;0;1;0;1;46;86;10;142;2020
31114;40;172;41;253;0;8;1;9;40;180;42;262;35;146;41;222;1;12;1;14;36;158;42;236;75;318;82;475;1;20;2;23;76;338;84;498;2020
31115;18;59;19;96;0;2;0;2;18;61;19;98;27;49;15;91;0;2;0;2;27;51;15;93;45;108;34;187;0;4;0;4;45;112;34;191;2020
31116;13;24;1;38;1;3;0;4;14;27;1;42;15;5;1;21;1;2;0;3;16;7;1;24;28;29;2;59;2;5;0;7;30;34;2;66;2020
31117;98;215;46;359;0;8;2;10;98;223;48;369;97;165;36;298;0;18;4;22;97;183;40;320;195;380;82;657;0;26;6;32;195;406;88;689;2020
31118;37;61;2;100;0;0;0;0;37;61;2;100;23;33;1;57;0;0;0;0;23;33;1;57;60;94;3;157;0;0;0;0;60;94;3;157;2020
31119;7;13;2;22;0;0;0;0;7;13;2;22;7;7;0;14;0;0;0;0;7;7;0;14;14;20;2;36;0;0;0;0;14;20;2;36;2020
31120;86;136;20;242;0;4;1;5;86;140;21;247;51;97;16;164;1;8;1;10;52;105;17;174;137;233;36;406;1;12;2;15;138;245;38;421;2020
31121;7;23;7;37;1;4;1;6;8;27;8;43;7;27;1;35;0;5;0;5;7;32;1;40;14;50;8;72;1;9;1;11;15;59;9;83;2020
31122;363;2217;823;3403;2;202;48;252;365;2419;871;3655;512;2092;760;3364;9;197;53;259;521;2289;813;3623;875;4309;1583;6767;11;399;101;511;886;4708;1684;7278;2020
31123;84;249;58;391;1;16;6;23;85;265;64;414;92;194;63;349;3;19;4;26;95;213;67;375;176;443;121;740;4;35;10;49;180;478;131;789;2020
31124;44;85;14;143;0;5;0;5;44;90;14;148;29;50;19;98;0;2;0;2;29;52;19;100;73;135;33;241;0;7;0;7;73;142;33;248;2020
31125;39;103;18;160;0;3;0;3;39;106;18;163;41;92;20;153;0;2;0;2;41;94;20;155;80;195;38;313;0;5;0;5;80;200;38;318;2020
31126;61;130;35;226;0;5;2;7;61;135;37;233;57;103;29;189;2;4;2;8;59;107;31;197;118;233;64;415;2;9;4;15;120;242;68;430;2020
31127;17;56;19;92;0;0;0;0;17;56;19;92;18;40;19;77;0;0;0;0;18;40;19;77;35;96;38;169;0;0;0;0;35;96;38;169;2020
31128;52;115;18;185;0;8;1;9;52;123;19;194;72;110;17;199;1;8;1;10;73;118;18;209;124;225;35;384;1;16;2;19;125;241;37;403;2020
31129;45;159;40;244;0;11;2;13;45;170;42;257;45;147;51;243;0;6;1;7;45;153;52;250;90;306;91;487;0;17;3;20;90;323;94;507;2020
31130;38;138;29;205;0;7;1;8;38;145;30;213;52;108;24;184;1;10;3;14;53;118;27;198;90;246;53;389;1;17;4;22;91;263;57;411;2020
31131;124;391;123;638;1;30;11;42;125;421;134;680;73;362;98;533;4;37;8;49;77;399;106;582;197;753;221;1171;5;67;19;91;202;820;240;1262;2020
31132;30;70;6;106;0;3;2;5;30;73;8;111;21;25;9;55;0;6;0;6;21;31;9;61;51;95;15;161;0;9;2;11;51;104;17;172;2020
31133;7;13;1;21;0;0;0;0;7;13;1;21;5;7;4;16;0;0;0;0;5;7;4;16;12;20;5;37;0;0;0;0;12;20;5;37;2020
31134;38;63;4;105;0;1;0;1;38;64;4;106;37;36;7;80;0;0;0;0;37;36;7;80;75;99;11;185;0;1;0;1;75;100;11;186;2020
31135;8;19;3;30;1;1;0;2;9;20;3;32;63;22;2;87;1;8;0;9;64;30;2;96;71;41;5;117;2;9;0;11;73;50;5;128;2020
31136;40;227;35;302;0;11;2;13;40;238;37;315;47;161;37;245;0;7;1;8;47;168;38;253;87;388;72;547;0;18;3;21;87;406;75;568;2020
31137;35;79;14;128;0;0;0;0;35;79;14;128;22;56;7;85;1;3;0;4;23;59;7;89;57;135;21;213;1;3;0;4;58;138;21;217;2020
31138;96;407;128;631;2;37;9;48;98;444;137;679;128;331;109;568;4;21;3;28;132;352;112;596;224;738;237;1199;6;58;12;76;230;796;249;1275;2020
31139;22;66;2;90;1;0;0;1;23;66;2;91;27;42;1;70;0;2;0;2;27;44;1;72;49;108;3;160;1;2;0;3;50;110;3;163;2020
31140;25;47;17;89;0;0;0;0;25;47;17;89;17;29;17;63;0;0;0;0;17;29;17;63;42;76;34;152;0;0;0;0;42;76;34;152;2020
31141;21;43;5;69;0;0;0;0;21;43;5;69;14;27;4;45;1;6;1;8;15;33;5;53;35;70;9;114;1;6;1;8;36;76;10;122;2020
31142;217;538;121;876;2;182;65;249;219;720;186;1125;181;462;160;803;4;131;60;195;185;593;220;998;398;1000;281;1679;6;313;125;444;404;1313;406;2123;2020
31143;17;26;5;48;0;1;0;1;17;27;5;49;16;29;0;45;0;2;0;2;16;31;0;47;33;55;5;93;0;3;0;3;33;58;5;96;2020
31144;137;299;58;494;0;15;3;18;137;314;61;512;116;216;72;404;1;10;1;12;117;226;73;416;253;515;130;898;1;25;4;30;254;540;134;928;2020
31145;25;56;10;91;0;3;1;4;25;59;11;95;28;50;9;87;0;3;0;3;28;53;9;90;53;106;19;178;0;6;1;7;53;112;20;185;2020
31146;7;11;0;18;0;0;0;0;7;11;0;18;8;5;1;14;0;1;0;1;8;6;1;15;15;16;1;32;0;1;0;1;15;17;1;33;2020
31147;15;43;6;64;1;1;0;2;16;44;6;66;19;34;6;59;0;0;0;0;19;34;6;59;34;77;12;123;1;1;0;2;35;78;12;125;2020
31148;11;28;0;39;0;8;3;11;11;36;3;50;17;36;4;57;1;6;1;8;18;42;5;65;28;64;4;96;1;14;4;19;29;78;8;115;2020
31149;345;853;243;1441;1;64;13;78;346;917;256;1519;338;781;252;1371;1;58;16;75;339;839;268;1446;683;1634;495;2812;2;122;29;153;685;1756;524;2965;2020
31150;57;80;8;145;1;0;0;1;58;80;8;146;22;45;10;77;1;0;0;1;23;45;10;78;79;125;18;222;2;0;0;2;81;125;18;224;2020
31151;12;17;0;29;0;0;0;0;12;17;0;29;8;6;3;17;0;0;0;0;8;6;3;17;20;23;3;46;0;0;0;0;20;23;3;46;2020
31152;209;427;90;726;2;126;41;169;211;553;131;895;290;332;69;691;1;113;46;160;291;445;115;851;499;759;159;1417;3;239;87;329;502;998;246;1746;2020
31153;309;821;226;1356;4;39;4;47;313;860;230;1403;320;767;191;1278;1;54;8;63;321;821;199;1341;629;1588;417;2634;5;93;12;110;634;1681;429;2744;2020
31154;34;95;12;141;0;0;0;0;34;95;12;141;24;62;9;95;0;2;0;2;24;64;9;97;58;157;21;236;0;2;0;2;58;159;21;238;2020
31155;47;84;16;147;0;4;0;4;47;88;16;151;43;76;15;134;0;8;2;10;43;84;17;144;90;160;31;281;0;12;2;14;90;172;33;295;2020
31156;39;112;18;169;0;4;0;4;39;116;18;173;26;69;24;119;0;2;0;2;26;71;24;121;65;181;42;288;0;6;0;6;65;187;42;294;2020
31157;430;1342;306;2078;7;291;78;376;437;1633;384;2454;537;1190;313;2040;15;256;72;343;552;1446;385;2383;967;2532;619;4118;22;547;150;719;989;3079;769;4837;2020
31158;32;100;21;153;0;4;0;4;32;104;21;157;28;90;19;137;0;3;0;3;28;93;19;140;60;190;40;290;0;7;0;7;60;197;40;297;2020
31159;180;405;74;659;0;34;9;43;180;439;83;702;189;307;64;560;1;30;6;37;190;337;70;597;369;712;138;1219;1;64;15;80;370;776;153;1299;2020
31160;22;32;8;62;0;4;2;6;22;36;10;68;19;30;9;58;0;4;1;5;19;34;10;63;41;62;17;120;0;8;3;11;41;70;20;131;2020
31161;52;127;38;217;0;3;1;4;52;130;39;221;42;119;36;197;3;5;0;8;45;124;36;205;94;246;74;414;3;8;1;12;97;254;75;426;2020
31162;8;16;2;26;0;0;0;0;8;16;2;26;10;14;1;25;0;0;0;0;10;14;1;25;18;30;3;51;0;0;0;0;18;30;3;51;2020
31163;262;750;186;1198;5;172;55;232;267;922;241;1430;303;734;194;1231;5;147;51;203;308;881;245;1434;565;1484;380;2429;10;319;106;435;575;1803;486;2864;2020
31164;92;189;37;318;1;40;15;56;93;229;52;374;129;137;34;300;0;45;12;57;129;182;46;357;221;326;71;618;1;85;27;113;222;411;98;731;2020
31165;402;998;221;1621;4;138;41;183;406;1136;262;1804;485;919;186;1590;9;104;19;132;494;1023;205;1722;887;1917;407;3211;13;242;60;315;900;2159;467;3526;2020
31166;44;82;13;139;1;6;1;8;45;88;14;147;50;75;13;138;0;6;0;6;50;81;13;144;94;157;26;277;1;12;1;14;95;169;27;291;2020
31167;127;323;85;535;1;29;11;41;128;352;96;576;117;272;86;475;0;28;15;43;117;300;101;518;244;595;171;1010;1;57;26;84;245;652;197;1094;2020
31168;40;97;16;153;1;2;0;3;41;99;16;156;50;58;14;122;0;5;0;5;50;63;14;127;90;155;30;275;1;7;0;8;91;162;30;283;2020
31169;250;866;238;1354;9;337;86;432;259;1203;324;1786;310;796;210;1316;7;249;92;348;317;1045;302;1664;560;1662;448;2670;16;586;178;780;576;2248;626;3450;2020
31170;9;13;4;26;0;1;0;1;9;14;4;27;11;11;6;28;0;0;0;0;11;11;6;28;20;24;10;54;0;1;0;1;20;25;10;55;2020
31171;110;247;47;404;1;27;10;38;111;274;57;442;130;204;46;380;3;29;9;41;133;233;55;421;240;451;93;784;4;56;19;79;244;507;112;863;2020
31172;35;174;39;248;0;9;3;12;35;183;42;260;31;135;38;204;0;8;0;8;31;143;38;212;66;309;77;452;0;17;3;20;66;326;80;472;2020
31173;143;275;60;478;4;70;5;79;147;345;65;557;181;254;57;492;1;38;5;44;182;292;62;536;324;529;117;970;5;108;10;123;329;637;127;1093;2020
31174;12;37;7;56;0;0;0;0;12;37;7;56;13;36;9;58;0;1;0;1;13;37;9;59;25;73;16;114;0;1;0;1;25;74;16;115;2020
31175;13;20;4;37;0;4;0;4;13;24;4;41;15;15;1;31;0;1;0;1;15;16;1;32;28;35;5;68;0;5;0;5;28;40;5;73;2020
31176;314;1159;350;1823;5;185;74;264;319;1344;424;2087;384;1112;281;1777;9;197;61;267;393;1309;342;2044;698;2271;631;3600;14;382;135;531;712;2653;766;4131;2020
31177;40;95;22;157;0;15;5;20;40;110;27;177;39;75;26;140;0;17;4;21;39;92;30;161;79;170;48;297;0;32;9;41;79;202;57;338;2020
31178;59;187;53;299;1;33;14;48;60;220;67;347;71;163;43;277;3;37;9;49;74;200;52;326;130;350;96;576;4;70;23;97;134;420;119;673;2020
31179;81;177;39;297;0;46;11;57;81;223;50;354;88;156;32;276;1;24;7;32;89;180;39;308;169;333;71;573;1;70;18;89;170;403;89;662;2020
31180;25;67;6;98;0;2;3;5;25;69;9;103;41;72;11;124;0;6;2;8;41;78;13;132;66;139;17;222;0;8;5;13;66;147;22;235;2020
31181;28;45;1;74;0;0;0;0;28;45;1;74;25;27;0;52;0;0;0;0;25;27;0;52;53;72;1;126;0;0;0;0;53;72;1;126;2020
31182;3;13;1;17;0;0;0;0;3;13;1;17;4;7;2;13;0;0;0;0;4;7;2;13;7;20;3;30;0;0;0;0;7;20;3;30;2020
31183;80;298;54;432;0;30;10;40;80;328;64;472;80;273;67;420;3;33;12;48;83;306;79;468;160;571;121;852;3;63;22;88;163;634;143;940;2020
31184;8;25;4;37;0;1;0;1;8;26;4;38;12;18;7;37;0;0;0;0;12;18;7;37;20;43;11;74;0;1;0;1;20;44;11;75;2020
31185;88;167;14;269;0;3;0;3;88;170;14;272;95;112;15;222;2;5;0;7;97;117;15;229;183;279;29;491;2;8;0;10;185;287;29;501;2020
31186;45;116;29;190;1;5;0;6;46;121;29;196;33;93;31;157;0;2;0;2;33;95;31;159;78;209;60;347;1;7;0;8;79;216;60;355;2020
31187;11;52;7;70;0;4;0;4;11;56;7;74;14;29;6;49;0;4;1;5;14;33;7;54;25;81;13;119;0;8;1;9;25;89;14;128;2020
31188;34;145;29;208;0;13;3;16;34;158;32;224;34;103;17;154;0;9;5;14;34;112;22;168;68;248;46;362;0;22;8;30;68;270;54;392;2020
31189;154;424;102;680;4;54;13;71;158;478;115;751;193;380;81;654;2;66;17;85;195;446;98;739;347;804;183;1334;6;120;30;156;353;924;213;1490;2020
31190;11;13;2;26;0;1;0;1;11;14;2;27;7;12;2;21;0;1;0;1;7;13;2;22;18;25;4;47;0;2;0;2;18;27;4;49;2020
31191;354;1215;279;1848;7;122;34;163;361;1337;313;2011;441;1085;247;1773;7;152;38;197;448;1237;285;1970;795;2300;526;3621;14;274;72;360;809;2574;598;3981;2020
31192;18;71;21;110;0;5;0;5;18;76;21;115;12;57;14;83;1;4;1;6;13;61;15;89;30;128;35;193;1;9;1;11;31;137;36;204;2020
31193;129;606;157;892;1;18;3;22;130;624;160;914;193;572;148;913;0;29;4;33;193;601;152;946;322;1178;305;1805;1;47;7;55;323;1225;312;1860;2020
31194;43;145;46;234;0;3;0;3;43;148;46;237;30;118;33;181;0;4;0;4;30;122;33;185;73;263;79;415;0;7;0;7;73;270;79;422;2020
31195;31;54;9;94;0;0;0;0;31;54;9;94;31;54;12;97;0;1;0;1;31;55;12;98;62;108;21;191;0;1;0;1;62;109;21;192;2020
31196;6;9;2;17;0;0;0;0;6;9;2;17;10;5;0;15;0;0;0;0;10;5;0;15;16;14;2;32;0;0;0;0;16;14;2;32;2020
31197;8;31;5;44;0;0;0;0;8;31;5;44;10;21;4;35;0;0;0;0;10;21;4;35;18;52;9;79;0;0;0;0;18;52;9;79;2020
31198;4;14;4;22;0;1;0;1;4;15;4;23;2;18;4;24;0;1;0;1;2;19;4;25;6;32;8;46;0;2;0;2;6;34;8;48;2020
31199;31;48;4;83;1;0;0;1;32;48;4;84;35;24;3;62;1;0;0;1;36;24;3;63;66;72;7;145;2;0;0;2;68;72;7;147;2020
31200;104;291;74;469;1;20;8;29;105;311;82;498;122;243;50;415;1;15;1;17;123;258;51;432;226;534;124;884;2;35;9;46;228;569;133;930;2020
31201;18287;53498;13277;85062;321;9236;1749;11306;18608;62734;15026;96368;26434;56601;12633;95668;506;9692;1710;11908;26940;66293;14343;107576;44721;110099;25910;180730;827;18928;3459;23214;45548;129027;29369;203944;2020
31202;477;1727;473;2677;7;260;72;339;484;1987;545;3016;586;1667;425;2678;5;197;55;257;591;1864;480;2935;1063;3394;898;5355;12;457;127;596;1075;3851;1025;5951;2020
31203;6;11;0;17;0;0;0;0;6;11;0;17;5;5;3;13;0;1;0;1;5;6;3;14;11;16;3;30;0;1;0;1;11;17;3;31;2020
31204;7;15;1;23;0;0;0;0;7;15;1;23;9;5;0;14;0;0;0;0;9;5;0;14;16;20;1;37;0;0;0;0;16;20;1;37;2020
31205;69;147;23;239;1;7;3;11;70;154;26;250;90;120;24;234;2;14;2;18;92;134;26;252;159;267;47;473;3;21;5;29;162;288;52;502;2020
31206;226;833;237;1296;4;128;44;176;230;961;281;1472;273;773;206;1252;6;126;33;165;279;899;239;1417;499;1606;443;2548;10;254;77;341;509;1860;520;2889;2020
31207;49;111;26;186;0;12;2;14;49;123;28;200;40;87;25;152;1;5;3;9;41;92;28;161;89;198;51;338;1;17;5;23;90;215;56;361;2020
31208;310;1009;243;1562;12;302;75;389;322;1311;318;1951;381;905;255;1541;7;194;45;246;388;1099;300;1787;691;1914;498;3103;19;496;120;635;710;2410;618;3738;2020
31209;24;56;12;92;0;0;0;0;24;56;12;92;20;47;8;75;0;4;0;4;20;51;8;79;44;103;20;167;0;4;0;4;44;107;20;171;2020
31210;38;61;8;107;0;3;1;4;38;64;9;111;35;55;6;96;0;3;1;4;35;58;7;100;73;116;14;203;0;6;2;8;73;122;16;211;2020
31211;2;5;0;7;0;1;0;1;2;6;0;8;1;6;0;7;0;3;0;3;1;9;0;10;3;11;0;14;0;4;0;4;3;15;0;18;2020
31212;29;46;4;79;0;0;0;0;29;46;4;79;29;24;2;55;0;1;0;1;29;25;2;56;58;70;6;134;0;1;0;1;58;71;6;135;2020
31213;15;38;9;62;0;0;0;0;15;38;9;62;12;31;10;53;0;0;1;1;12;31;11;54;27;69;19;115;0;0;1;1;27;69;20;116;2020
31214;15;38;7;60;0;0;0;0;15;38;7;60;11;26;11;48;1;0;0;1;12;26;11;49;26;64;18;108;1;0;0;1;27;64;18;109;2020
31215;504;1840;468;2812;4;251;67;322;508;2091;535;3134;618;1806;437;2861;14;268;67;349;632;2074;504;3210;1122;3646;905;5673;18;519;134;671;1140;4165;1039;6344;2020
31216;527;1484;354;2365;5;124;27;156;532;1608;381;2521;624;1303;318;2245;8;136;23;167;632;1439;341;2412;1151;2787;672;4610;13;260;50;323;1164;3047;722;4933;2020
31217;62;102;13;177;0;28;3;31;62;130;16;208;69;81;11;161;0;16;4;20;69;97;15;181;131;183;24;338;0;44;7;51;131;227;31;389;2020
31219;16;24;2;42;0;4;4;8;16;28;6;50;15;24;1;40;1;6;0;7;16;30;1;47;31;48;3;82;1;10;4;15;32;58;7;97;2020
31220;118;276;40;434;0;13;4;17;118;289;44;451;118;243;41;402;1;11;5;17;119;254;46;419;236;519;81;836;1;24;9;34;237;543;90;870;2020
31221;132;495;151;778;2;90;16;108;134;585;167;886;162;476;134;772;3;71;31;105;165;547;165;877;294;971;285;1550;5;161;47;213;299;1132;332;1763;2020
31222;9;30;2;41;0;0;0;0;9;30;2;41;10;9;0;19;0;0;0;0;10;9;0;19;19;39;2;60;0;0;0;0;19;39;2;60;2020
31223;144;337;68;549;0;99;13;112;144;436;81;661;187;289;66;542;0;60;18;78;187;349;84;620;331;626;134;1091;0;159;31;190;331;785;165;1281;2020
31224;162;299;55;516;0;49;23;72;162;348;78;588;175;253;68;496;2;54;21;77;177;307;89;573;337;552;123;1012;2;103;44;149;339;655;167;1161;2020
31225;10;10;3;23;2;11;0;13;12;21;3;36;9;7;0;16;0;5;0;5;9;12;0;21;19;17;3;39;2;16;0;18;21;33;3;57;2020
31226;88;191;52;331;2;7;0;9;90;198;52;340;77;182;49;308;1;15;1;17;78;197;50;325;165;373;101;639;3;22;1;26;168;395;102;665;2020
31227;1051;2960;660;4671;17;479;112;608;1068;3439;772;5279;1331;2860;614;4805;19;411;107;537;1350;3271;721;5342;2382;5820;1274;9476;36;890;219;1145;2418;6710;1493;10621;2020
31228;64;212;38;314;0;20;2;22;64;232;40;336;68;164;45;277;1;18;4;23;69;182;49;300;132;376;83;591;1;38;6;45;133;414;89;636;2020
31229;8;16;2;26;0;0;0;0;8;16;2;26;6;9;1;16;0;0;0;0;6;9;1;16;14;25;3;42;0;0;0;0;14;25;3;42;2020
31230;14;33;3;50;0;0;0;0;14;33;3;50;18;24;3;45;0;0;1;1;18;24;4;46;32;57;6;95;0;0;1;1;32;57;7;96;2020
31231;21;29;8;58;0;3;0;3;21;32;8;61;22;28;9;59;0;4;0;4;22;32;9;63;43;57;17;117;0;7;0;7;43;64;17;124;2020
31232;2844;9745;2696;15285;55;2398;573;3026;2899;12143;3269;18311;3646;9929;2485;16060;107;2065;499;2671;3753;11994;2984;18731;6490;19674;5181;31345;162;4463;1072;5697;6652;24137;6253;37042;2020
31233;7;32;2;41;0;14;3;17;7;46;5;58;21;32;9;62;1;10;1;12;22;42;10;74;28;64;11;103;1;24;4;29;29;88;15;132;2020
31234;21;63;13;97;0;2;0;2;21;65;13;99;18;42;14;74;1;2;0;3;19;44;14;77;39;105;27;171;1;4;0;5;40;109;27;176;2020
31235;32;54;13;99;0;0;0;0;32;54;13;99;30;38;5;73;1;2;0;3;31;40;5;76;62;92;18;172;1;2;0;3;63;94;18;175;2020
31236;172;516;124;812;1;40;6;47;173;556;130;859;207;462;99;768;2;36;9;47;209;498;108;815;379;978;223;1580;3;76;15;94;382;1054;238;1674;2020
31237;38;63;8;109;0;5;0;5;38;68;8;114;27;59;8;94;0;1;0;1;27;60;8;95;65;122;16;203;0;6;0;6;65;128;16;209;2020
31238;17;52;5;74;0;6;1;7;17;58;6;81;18;38;7;63;0;7;3;10;18;45;10;73;35;90;12;137;0;13;4;17;35;103;16;154;2020
31239;39;103;25;167;0;7;1;8;39;110;26;175;45;93;32;170;0;11;0;11;45;104;32;181;84;196;57;337;0;18;1;19;84;214;58;356;2020
31240;78;197;55;330;0;10;3;13;78;207;58;343;89;162;44;295;0;19;4;23;89;181;48;318;167;359;99;625;0;29;7;36;167;388;106;661;2020
31241;23;59;2;84;0;3;0;3;23;62;2;87;18;27;3;48;0;2;0;2;18;29;3;50;41;86;5;132;0;5;0;5;41;91;5;137;2020
31242;25;102;11;138;0;4;3;7;25;106;14;145;71;72;16;159;0;13;0;13;71;85;16;172;96;174;27;297;0;17;3;20;96;191;30;317;2020
31243;41;118;31;190;0;8;3;11;41;126;34;201;37;109;31;177;0;8;0;8;37;117;31;185;78;227;62;367;0;16;3;19;78;243;65;386;2020
31244;25;63;14;102;0;0;0;0;25;63;14;102;21;45;13;79;1;2;0;3;22;47;13;82;46;108;27;181;1;2;0;3;47;110;27;184;2020
31245;28;22;3;53;0;1;0;1;28;23;3;54;13;17;3;33;0;0;0;0;13;17;3;33;41;39;6;86;0;1;0;1;41;40;6;87;2020
31246;21;59;6;86;1;7;1;9;22;66;7;95;16;37;9;62;1;4;1;6;17;41;10;68;37;96;15;148;2;11;2;15;39;107;17;163;2020
31247;31;42;3;76;0;0;0;0;31;42;3;76;36;30;1;67;0;1;0;1;36;31;1;68;67;72;4;143;0;1;0;1;67;73;4;144;2020
31248;51;86;17;154;2;20;0;22;53;106;17;176;49;77;8;134;3;8;2;13;52;85;10;147;100;163;25;288;5;28;2;35;105;191;27;323;2020
31249;278;635;141;1054;3;118;52;173;281;753;193;1227;329;578;143;1050;5;118;30;153;334;696;173;1203;607;1213;284;2104;8;236;82;326;615;1449;366;2430;2020
31250;334;1026;318;1678;5;138;30;173;339;1164;348;1851;419;1030;283;1732;4;143;23;170;423;1173;306;1902;753;2056;601;3410;9;281;53;343;762;2337;654;3753;2020
31251;441;1167;338;1946;3;187;40;230;444;1354;378;2176;475;1121;290;1886;7;153;38;198;482;1274;328;2084;916;2288;628;3832;10;340;78;428;926;2628;706;4260;2020
31252;12;32;5;49;0;0;0;0;12;32;5;49;13;21;2;36;0;0;0;0;13;21;2;36;25;53;7;85;0;0;0;0;25;53;7;85;2020
31253;16;49;21;86;0;1;0;1;16;50;21;87;17;35;24;76;0;1;0;1;17;36;24;77;33;84;45;162;0;2;0;2;33;86;45;164;2020
31254;261;715;185;1161;7;210;79;296;268;925;264;1457;321;666;183;1170;4;184;68;256;325;850;251;1426;582;1381;368;2331;11;394;147;552;593;1775;515;2883;2020
31255;15;42;3;60;0;1;0;1;15;43;3;61;16;35;6;57;0;2;0;2;16;37;6;59;31;77;9;117;0;3;0;3;31;80;9;120;2020
31256;21;31;2;54;0;0;0;0;21;31;2;54;20;23;3;46;0;0;0;0;20;23;3;46;41;54;5;100;0;0;0;0;41;54;5;100;2020
31257;94;362;118;574;1;27;4;32;95;389;122;606;123;355;98;576;7;25;6;38;130;380;104;614;217;717;216;1150;8;52;10;70;225;769;226;1220;2020
31258;858;3023;677;4558;18;348;67;433;876;3371;744;4991;1038;3082;716;4836;30;334;54;418;1068;3416;770;5254;1896;6105;1393;9394;48;682;121;851;1944;6787;1514;10245;2020
31259;71;182;59;312;2;20;1;23;73;202;60;335;69;166;43;278;2;15;1;18;71;181;44;296;140;348;102;590;4;35;2;41;144;383;104;631;2020
31260;202;477;99;778;1;23;0;24;203;500;99;802;220;388;103;711;0;25;5;30;220;413;108;741;422;865;202;1489;1;48;5;54;423;913;207;1543;2020
31261;45;101;9;155;1;9;0;10;46;110;9;165;36;59;9;104;2;12;2;16;38;71;11;120;81;160;18;259;3;21;2;26;84;181;20;285;2020
31262;24;107;27;158;0;4;0;4;24;111;27;162;21;92;24;137;0;2;0;2;21;94;24;139;45;199;51;295;0;6;0;6;45;205;51;301;2020
31263;33;91;25;149;1;4;1;6;34;95;26;155;25;84;35;144;1;2;0;3;26;86;35;147;58;175;60;293;2;6;1;9;60;181;61;302;2020
31264;25;56;22;103;0;4;0;4;25;60;22;107;31;61;14;106;0;4;0;4;31;65;14;110;56;117;36;209;0;8;0;8;56;125;36;217;2020
31265;8;35;6;49;0;13;1;14;8;48;7;63;11;17;1;29;1;5;1;7;12;22;2;36;19;52;7;78;1;18;2;21;20;70;9;99;2020
31901;1866;5712;987;8565;33;976;197;1206;1899;6688;1184;9771;2256;5965;981;9202;59;953;182;1194;2315;6918;1163;10396;4122;11677;1968;17767;92;1929;379;2400;4214;13606;2347;20167;2020
31902;254;2215;951;3420;12;315;54;381;266;2530;1005;3801;275;2033;944;3252;18;314;72;404;293;2347;1016;3656;529;4248;1895;6672;30;629;126;785;559;4877;2021;7457;2020
31903;585;2991;998;4574;26;605;143;774;611;3596;1141;5348;696;2892;935;4523;37;588;155;780;733;3480;1090;5303;1281;5883;1933;9097;63;1193;298;1554;1344;7076;2231;10651;2020
31904;179;640;169;988;4;135;35;174;183;775;204;1162;208;573;163;944;4;97;40;141;212;670;203;1085;387;1213;332;1932;8;232;75;315;395;1445;407;2247;2020
31905;200;1341;344;1885;4;112;24;140;204;1453;368;2025;287;1258;369;1914;11;138;25;174;298;1396;394;2088;487;2599;713;3799;15;250;49;314;502;2849;762;4113;2020
31906;152;1254;486;1892;8;148;41;197;160;1402;527;2089;191;1203;472;1866;6;148;36;190;197;1351;508;2056;343;2457;958;3758;14;296;77;387;357;2753;1035;4145;2020
31907;851;4853;1204;6908;18;348;83;449;869;5201;1287;7357;938;5045;1239;7222;38;389;82;509;976;5434;1321;7731;1789;9898;2443;14130;56;737;165;958;1845;10635;2608;15088;2020
31908;89;458;181;728;2;57;10;69;91;515;191;797;130;432;157;719;2;49;7;58;132;481;164;777;219;890;338;1447;4;106;17;127;223;996;355;1574;2020
32001;712;1858;444;3014;10;79;9;98;722;1937;453;3112;854;1771;387;3012;9;103;9;121;863;1874;396;3133;1566;3629;831;6026;19;182;18;219;1585;3811;849;6245;2020
32002;362;675;94;1131;3;18;3;24;365;693;97;1155;417;581;100;1098;4;38;1;43;421;619;101;1141;779;1256;194;2229;7;56;4;67;786;1312;198;2296;2020
32003;169;260;46;475;2;12;0;14;171;272;46;489;221;223;35;479;0;6;3;9;221;229;38;488;390;483;81;954;2;18;3;23;392;501;84;977;2020
32004;381;340;57;778;2;14;4;20;383;354;61;798;518;352;35;905;1;28;4;33;519;380;39;938;899;692;92;1683;3;42;8;53;902;734;100;1736;2020
32005;186;248;26;460;9;41;2;52;195;289;28;512;203;172;23;398;3;24;5;32;206;196;28;430;389;420;49;858;12;65;7;84;401;485;56;942;2020
32006;334;352;36;722;4;22;1;27;338;374;37;749;404;308;21;733;3;13;0;16;407;321;21;749;738;660;57;1455;7;35;1;43;745;695;58;1498;2020
32007;291;405;34;730;0;13;0;13;291;418;34;743;391;317;30;738;1;11;0;12;392;328;30;750;682;722;64;1468;1;24;0;25;683;746;64;1493;2020
32008;870;3392;933;5195;20;200;35;255;890;3592;968;5450;1103;3491;827;5421;33;223;31;287;1136;3714;858;5708;1973;6883;1760;10616;53;423;66;542;2026;7306;1826;11158;2020
32009;1303;3929;756;5988;30;431;84;545;1333;4360;840;6533;1521;3959;798;6278;29;491;100;620;1550;4450;898;6898;2824;7888;1554;12266;59;922;184;1165;2883;8810;1738;13431;2020
32010;57;126;13;196;1;1;0;2;58;127;13;198;84;85;13;182;0;4;0;4;84;89;13;186;141;211;26;378;1;5;0;6;142;216;26;384;2020
32011;161;243;28;432;0;4;0;4;161;247;28;436;315;196;13;524;3;6;1;10;318;202;14;534;476;439;41;956;3;10;1;14;479;449;42;970;2020
32012;158;226;15;399;4;2;0;6;162;228;15;405;166;163;18;347;0;3;0;3;166;166;18;350;324;389;33;746;4;5;0;9;328;394;33;755;2020
32013;421;512;95;1028;3;26;6;35;424;538;101;1063;574;475;75;1124;4;27;5;36;578;502;80;1160;995;987;170;2152;7;53;11;71;1002;1040;181;2223;2020
32014;207;271;23;501;4;12;1;17;211;283;24;518;272;265;34;571;6;17;1;24;278;282;35;595;479;536;57;1072;10;29;2;41;489;565;59;1113;2020
32015;205;199;18;422;0;7;0;7;205;206;18;429;232;164;18;414;3;4;0;7;235;168;18;421;437;363;36;836;3;11;0;14;440;374;36;850;2020
32016;172;180;11;363;3;9;0;12;175;189;11;375;221;114;9;344;3;13;0;16;224;127;9;360;393;294;20;707;6;22;0;28;399;316;20;735;2020
32017;233;380;49;662;9;106;6;121;242;486;55;783;261;308;45;614;7;89;6;102;268;397;51;716;494;688;94;1276;16;195;12;223;510;883;106;1499;2020
32018;224;343;34;601;3;12;3;18;227;355;37;619;310;292;39;641;4;7;0;11;314;299;39;652;534;635;73;1242;7;19;3;29;541;654;76;1271;2020
32019;1671;3739;755;6165;24;286;52;362;1695;4025;807;6527;2293;3956;777;7026;44;420;72;536;2337;4376;849;7562;3964;7695;1532;13191;68;706;124;898;4032;8401;1656;14089;2020
32020;515;673;66;1254;3;13;0;16;518;686;66;1270;678;541;74;1293;7;17;2;26;685;558;76;1319;1193;1214;140;2547;10;30;2;42;1203;1244;142;2589;2020
32021;212;223;34;469;2;8;2;12;214;231;36;481;209;217;40;466;2;9;0;11;211;226;40;477;421;440;74;935;4;17;2;23;425;457;76;958;2020
32022;264;358;35;657;4;14;0;18;268;372;35;675;329;286;36;651;3;10;1;14;332;296;37;665;593;644;71;1308;7;24;1;32;600;668;72;1340;2020
32023;232;336;29;597;0;13;4;17;232;349;33;614;270;276;28;574;1;13;2;16;271;289;30;590;502;612;57;1171;1;26;6;33;503;638;63;1204;2020
32024;810;1452;261;2523;13;104;11;128;823;1556;272;2651;1128;1440;258;2826;29;121;17;167;1157;1561;275;2993;1938;2892;519;5349;42;225;28;295;1980;3117;547;5644;2020
32025;191;306;26;523;4;15;1;20;195;321;27;543;241;263;31;535;0;18;4;22;241;281;35;557;432;569;57;1058;4;33;5;42;436;602;62;1100;2020
32026;457;929;133;1519;4;34;2;40;461;963;135;1559;564;771;141;1476;3;35;2;40;567;806;143;1516;1021;1700;274;2995;7;69;4;80;1028;1769;278;3075;2020
32027;168;322;27;517;3;10;1;14;171;332;28;531;233;273;23;529;1;8;1;10;234;281;24;539;401;595;50;1046;4;18;2;24;405;613;52;1070;2020
32028;347;449;36;832;6;27;1;34;353;476;37;866;415;331;37;783;4;14;1;19;419;345;38;802;762;780;73;1615;10;41;2;53;772;821;75;1668;2020
32029;112;144;7;263;0;5;1;6;112;149;8;269;105;92;4;201;0;2;0;2;105;94;4;203;217;236;11;464;0;7;1;8;217;243;12;472;2020
32030;178;269;17;464;13;47;5;65;191;316;22;529;258;226;28;512;22;43;3;68;280;269;31;580;436;495;45;976;35;90;8;133;471;585;53;1109;2020
32031;194;324;43;561;2;5;0;7;196;329;43;568;247;246;35;528;1;6;0;7;248;252;35;535;441;570;78;1089;3;11;0;14;444;581;78;1103;2020
32032;1203;2604;628;4435;19;196;45;260;1222;2800;673;4695;1449;2707;560;4716;17;185;24;226;1466;2892;584;4942;2652;5311;1188;9151;36;381;69;486;2688;5692;1257;9637;2020
32033;148;182;5;335;2;8;2;12;150;190;7;347;220;113;13;346;2;19;0;21;222;132;13;367;368;295;18;681;4;27;2;33;372;322;20;714;2020
32034;208;319;43;570;2;49;5;56;210;368;48;626;225;304;40;569;3;34;4;41;228;338;44;610;433;623;83;1139;5;83;9;97;438;706;92;1236;2020
32035;311;335;29;675;0;6;3;9;311;341;32;684;407;273;42;722;4;9;1;14;411;282;43;736;718;608;71;1397;4;15;4;23;722;623;75;1420;2020
32036;276;361;45;682;1;12;0;13;277;373;45;695;325;298;49;672;0;6;1;7;325;304;50;679;601;659;94;1354;1;18;1;20;602;677;95;1374;2020
32037;134;208;20;362;1;9;1;11;135;217;21;373;153;193;22;368;1;8;1;10;154;201;23;378;287;401;42;730;2;17;2;21;289;418;44;751;2020
32038;84;108;9;201;2;1;0;3;86;109;9;204;111;91;11;213;0;0;0;0;111;91;11;213;195;199;20;414;2;1;0;3;197;200;20;417;2020
32039;281;319;30;630;3;10;1;14;284;329;31;644;294;250;24;568;1;9;1;11;295;259;25;579;575;569;54;1198;4;19;2;25;579;588;56;1223;2020
32040;298;374;54;726;4;12;2;18;302;386;56;744;368;344;47;759;5;15;2;22;373;359;49;781;666;718;101;1485;9;27;4;40;675;745;105;1525;2020
32041;169;189;8;366;2;8;1;11;171;197;9;377;248;124;7;379;5;5;2;12;253;129;9;391;417;313;15;745;7;13;3;23;424;326;18;768;2020
32042;291;433;53;777;9;51;2;62;300;484;55;839;369;383;38;790;6;40;3;49;375;423;41;839;660;816;91;1567;15;91;5;111;675;907;96;1678;2020
32043;456;781;117;1354;1;52;7;60;457;833;124;1414;566;696;123;1385;1;33;6;40;567;729;129;1425;1022;1477;240;2739;2;85;13;100;1024;1562;253;2839;2020
32044;175;213;14;402;0;5;3;8;175;218;17;410;201;195;28;424;0;8;1;9;201;203;29;433;376;408;42;826;0;13;4;17;376;421;46;843;2020
32045;387;789;143;1319;2;23;3;28;389;812;146;1347;542;658;138;1338;3;19;2;24;545;677;140;1362;929;1447;281;2657;5;42;5;52;934;1489;286;2709;2020
32046;225;292;32;549;1;5;1;7;226;297;33;556;321;240;27;588;3;8;1;12;324;248;28;600;546;532;59;1137;4;13;2;19;550;545;61;1156;2020
32047;339;515;65;919;4;16;2;22;343;531;67;941;445;439;71;955;1;12;3;16;446;451;74;971;784;954;136;1874;5;28;5;38;789;982;141;1912;2020
32048;187;254;25;466;10;51;2;63;197;305;27;529;209;183;24;416;13;52;3;68;222;235;27;484;396;437;49;882;23;103;5;131;419;540;54;1013;2020
32049;148;210;10;368;1;3;0;4;149;213;10;372;172;145;4;321;1;5;0;6;173;150;4;327;320;355;14;689;2;8;0;10;322;363;14;699;2020
32050;520;645;76;1241;6;29;3;38;526;674;79;1279;585;541;77;1203;5;29;4;38;590;570;81;1241;1105;1186;153;2444;11;58;7;76;1116;1244;160;2520;2020
32051;297;389;34;720;1;19;1;21;298;408;35;741;359;320;27;706;2;16;1;19;361;336;28;725;656;709;61;1426;3;35;2;40;659;744;63;1466;2020
32052;323;606;60;989;6;15;0;21;329;621;60;1010;438;459;63;960;3;15;0;18;441;474;63;978;761;1065;123;1949;9;30;0;39;770;1095;123;1988;2020
32053;281;429;60;770;19;147;1;167;300;576;61;937;318;329;47;694;12;74;3;89;330;403;50;783;599;758;107;1464;31;221;4;256;630;979;111;1720;2020
32054;10859;27752;6475;45086;131;2238;436;2805;10990;29990;6911;47891;16198;31994;6145;54337;201;2775;439;3415;16399;34769;6584;57752;27057;59746;12620;99423;332;5013;875;6220;27389;64759;13495;105643;2020
32055;237;361;61;659;0;14;6;20;237;375;67;679;289;333;49;671;2;18;2;22;291;351;51;693;526;694;110;1330;2;32;8;42;528;726;118;1372;2020
32056;271;436;50;757;19;44;0;63;290;480;50;820;391;363;41;795;16;39;1;56;407;402;42;851;662;799;91;1552;35;83;1;119;697;882;92;1671;2020
32057;120;154;10;284;0;7;1;8;120;161;11;292;155;84;6;245;0;5;4;9;155;89;10;254;275;238;16;529;0;12;5;17;275;250;21;546;2020
32058;765;1966;456;3187;6;58;8;72;771;2024;464;3259;861;1743;422;3026;5;54;6;65;866;1797;428;3091;1626;3709;878;6213;11;112;14;137;1637;3821;892;6350;2020
32059;329;504;49;882;2;6;0;8;331;510;49;890;446;415;46;907;3;9;1;13;449;424;47;920;775;919;95;1789;5;15;1;21;780;934;96;1810;2020
32060;124;249;31;404;1;13;3;17;125;262;34;421;148;236;33;417;4;6;1;11;152;242;34;428;272;485;64;821;5;19;4;28;277;504;68;849;2020
32061;214;335;34;583;1;21;1;23;215;356;35;606;241;284;30;555;3;15;4;22;244;299;34;577;455;619;64;1138;4;36;5;45;459;655;69;1183;2020
32062;172;199;9;380;0;5;0;5;172;204;9;385;227;179;24;430;2;6;0;8;229;185;24;438;399;378;33;810;2;11;0;13;401;389;33;823;2020
32063;334;551;71;956;5;30;9;44;339;581;80;1000;407;496;69;972;3;37;2;42;410;533;71;1014;741;1047;140;1928;8;67;11;86;749;1114;151;2014;2020
32064;84;136;13;233;0;5;0;5;84;141;13;238;104;133;11;248;1;7;0;8;105;140;11;256;188;269;24;481;1;12;0;13;189;281;24;494;2020
32065;105;200;30;335;2;10;2;14;107;210;32;349;167;168;17;352;1;6;0;7;168;174;17;359;272;368;47;687;3;16;2;21;275;384;49;708;2020
32066;102;156;15;273;2;7;0;9;104;163;15;282;175;136;21;332;2;13;1;16;177;149;22;348;277;292;36;605;4;20;1;25;281;312;37;630;2020
32067;249;342;33;624;0;3;0;3;249;345;33;627;285;282;26;593;3;5;0;8;288;287;26;601;534;624;59;1217;3;8;0;11;537;632;59;1228;2020
32068;302;344;35;681;8;29;6;43;310;373;41;724;418;323;38;779;8;39;1;48;426;362;39;827;720;667;73;1460;16;68;7;91;736;735;80;1551;2020
32069;634;1449;301;2384;6;76;2;84;640;1525;303;2468;811;1428;223;2462;11;65;6;82;822;1493;229;2544;1445;2877;524;4846;17;141;8;166;1462;3018;532;5012;2020
32070;117;137;4;258;1;0;0;1;118;137;4;259;143;96;6;245;1;1;0;2;144;97;6;247;260;233;10;503;2;1;0;3;262;234;10;506;2020
32071;330;354;34;718;2;30;0;32;332;384;34;750;329;327;28;684;6;19;2;27;335;346;30;711;659;681;62;1402;8;49;2;59;667;730;64;1461;2020
32072;576;1230;221;2027;8;72;13;93;584;1302;234;2120;739;1145;167;2051;8;90;14;112;747;1235;181;2163;1315;2375;388;4078;16;162;27;205;1331;2537;415;4283;2020
32073;242;361;51;654;6;9;3;18;248;370;54;672;330;326;45;701;1;8;1;10;331;334;46;711;572;687;96;1355;7;17;4;28;579;704;100;1383;2020
32074;205;256;29;490;3;14;4;21;208;270;33;511;239;256;30;525;3;12;1;16;242;268;31;541;444;512;59;1015;6;26;5;37;450;538;64;1052;2020
32075;544;1692;391;2627;8;88;5;101;552;1780;396;2728;607;1582;383;2572;11;78;6;95;618;1660;389;2667;1151;3274;774;5199;19;166;11;196;1170;3440;785;5395;2020
32076;414;539;50;1003;1;18;2;21;415;557;52;1024;531;455;55;1041;0;22;2;24;531;477;57;1065;945;994;105;2044;1;40;4;45;946;1034;109;2089;2020
32077;198;308;44;550;3;9;1;13;201;317;45;563;276;317;31;624;1;9;1;11;277;326;32;635;474;625;75;1174;4;18;2;24;478;643;77;1198;2020
32078;263;279;22;564;0;6;0;6;263;285;22;570;333;212;19;564;0;11;0;11;333;223;19;575;596;491;41;1128;0;17;0;17;596;508;41;1145;2020
32079;220;437;53;710;3;6;0;9;223;443;53;719;254;383;51;688;3;7;0;10;257;390;51;698;474;820;104;1398;6;13;0;19;480;833;104;1417;2020
32080;72;73;9;154;1;3;0;4;73;76;9;158;76;68;6;150;1;6;0;7;77;74;6;157;148;141;15;304;2;9;0;11;150;150;15;315;2020
32081;376;687;103;1166;6;36;1;43;382;723;104;1209;427;570;111;1108;6;28;2;36;433;598;113;1144;803;1257;214;2274;12;64;3;79;815;1321;217;2353;2020
32082;268;314;31;613;1;16;1;18;269;330;32;631;298;283;33;614;2;10;6;18;300;293;39;632;566;597;64;1227;3;26;7;36;569;623;71;1263;2020
32083;170;233;19;422;1;13;2;16;171;246;21;438;218;171;16;405;0;14;0;14;218;185;16;419;388;404;35;827;1;27;2;30;389;431;37;857;2020
32084;196;217;18;431;2;1;1;4;198;218;19;435;270;187;10;467;2;6;2;10;272;193;12;477;466;404;28;898;4;7;3;14;470;411;31;912;2020
32085;1573;3511;773;5857;74;553;74;701;1647;4064;847;6558;1878;3746;726;6350;67;601;71;739;1945;4347;797;7089;3451;7257;1499;12207;141;1154;145;1440;3592;8411;1644;13647;2020
32086;523;752;115;1390;6;25;2;33;529;777;117;1423;618;628;110;1356;9;29;1;39;627;657;111;1395;1141;1380;225;2746;15;54;3;72;1156;1434;228;2818;2020
32087;303;553;74;930;5;17;3;25;308;570;77;955;349;460;63;872;1;19;5;25;350;479;68;897;652;1013;137;1802;6;36;8;50;658;1049;145;1852;2020
32088;323;495;60;878;2;40;8;50;325;535;68;928;395;415;39;849;2;30;3;35;397;445;42;884;718;910;99;1727;4;70;11;85;722;980;110;1812;2020
32089;280;333;23;636;4;14;0;18;284;347;23;654;343;248;23;614;2;12;1;15;345;260;24;629;623;581;46;1250;6;26;1;33;629;607;47;1283;2020
32090;134;220;25;379;0;5;0;5;134;225;25;384;178;195;28;401;0;8;1;9;178;203;29;410;312;415;53;780;0;13;1;14;312;428;54;794;2020
32091;421;439;33;893;10;36;1;47;431;475;34;940;457;353;27;837;4;19;2;25;461;372;29;862;878;792;60;1730;14;55;3;72;892;847;63;1802;2020
32092;105;170;20;295;3;5;1;9;108;175;21;304;88;119;6;213;1;3;3;7;89;122;9;220;193;289;26;508;4;8;4;16;197;297;30;524;2020
33001;272;469;48;789;0;8;2;10;272;477;50;799;356;383;51;790;1;21;4;26;357;404;55;816;628;852;99;1579;1;29;6;36;629;881;105;1615;2020
33002;1286;3343;423;5052;10;67;12;89;1296;3410;435;5141;1817;2951;372;5140;15;102;15;132;1832;3053;387;5272;3103;6294;795;10192;25;169;27;221;3128;6463;822;10413;2020
33003;138;208;15;361;0;1;0;1;138;209;15;362;101;147;13;261;0;4;1;5;101;151;14;266;239;355;28;622;0;5;1;6;239;360;29;628;2020
33004;8074;22788;4434;35296;46;1218;240;1504;8120;24006;4674;36800;11698;23470;4189;39357;75;1334;225;1634;11773;24804;4414;40991;19772;46258;8623;74653;121;2552;465;3138;19893;48810;9088;77791;2020
33005;286;437;43;766;0;9;0;9;286;446;43;775;292;320;35;647;2;13;0;15;294;333;35;662;578;757;78;1413;2;22;0;24;580;779;78;1437;2020
33006;203;515;67;785;4;13;1;18;207;528;68;803;317;449;86;852;1;19;4;24;318;468;90;876;520;964;153;1637;5;32;5;42;525;996;158;1679;2020
33007;250;451;43;744;1;2;1;4;251;453;44;748;339;346;38;723;0;10;1;11;339;356;39;734;589;797;81;1467;1;12;2;15;590;809;83;1482;2020
33008;274;572;99;945;1;28;6;35;275;600;105;980;332;489;73;894;2;61;4;67;334;550;77;961;606;1061;172;1839;3;89;10;102;609;1150;182;1941;2020
33009;160;287;52;499;6;25;1;32;166;312;53;531;165;260;50;475;7;35;9;51;172;295;59;526;325;547;102;974;13;60;10;83;338;607;112;1057;2020
33010;295;565;78;938;2;16;5;23;297;581;83;961;376;514;90;980;2;25;1;28;378;539;91;1008;671;1079;168;1918;4;41;6;51;675;1120;174;1969;2020
33011;1658;3504;638;5800;9;122;20;151;1667;3626;658;5951;1934;3484;553;5971;5;176;21;202;1939;3660;574;6173;3592;6988;1191;11771;14;298;41;353;3606;7286;1232;12124;2020
33012;645;1792;379;2816;14;147;25;186;659;1939;404;3002;875;1796;336;3007;10;164;26;200;885;1960;362;3207;1520;3588;715;5823;24;311;51;386;1544;3899;766;6209;2020
33013;69;155;18;242;0;2;1;3;69;157;19;245;69;130;20;219;0;5;0;5;69;135;20;224;138;285;38;461;0;7;1;8;138;292;39;469;2020
33014;1206;3047;581;4834;11;92;16;119;1217;3139;597;4953;1563;3020;598;5181;15;137;15;167;1578;3157;613;5348;2769;6067;1179;10015;26;229;31;286;2795;6296;1210;10301;2020
33015;302;499;29;830;1;5;2;8;303;504;31;838;273;293;31;597;4;17;1;22;277;310;32;619;575;792;60;1427;5;22;3;30;580;814;63;1457;2020
33016;2531;6630;1416;10577;14;155;28;197;2545;6785;1444;10774;3224;6650;1343;11217;16;231;35;282;3240;6881;1378;11499;5755;13280;2759;21794;30;386;63;479;5785;13666;2822;22273;2020
33017;463;976;158;1597;3;28;4;35;466;1004;162;1632;609;923;145;1677;0;28;5;33;609;951;150;1710;1072;1899;303;3274;3;56;9;68;1075;1955;312;3342;2020
33018;414;969;195;1578;4;29;1;34;418;998;196;1612;525;934;189;1648;1;33;2;36;526;967;191;1684;939;1903;384;3226;5;62;3;70;944;1965;387;3296;2020
33019;455;964;115;1534;2;49;7;58;457;1013;122;1592;637;792;111;1540;5;60;8;73;642;852;119;1613;1092;1756;226;3074;7;109;15;131;1099;1865;241;3205;2020
33020;1593;4785;1058;7436;6;127;30;163;1599;4912;1088;7599;2109;4673;921;7703;7;191;25;223;2116;4864;946;7926;3702;9458;1979;15139;13;318;55;386;3715;9776;2034;15525;2020
33021;674;1445;231;2350;3;70;8;81;677;1515;239;2431;874;1332;206;2412;7;65;7;79;881;1397;213;2491;1548;2777;437;4762;10;135;15;160;1558;2912;452;4922;2020
33022;99;318;34;451;0;5;0;5;99;323;34;456;124;247;40;411;0;13;1;14;124;260;41;425;223;565;74;862;0;18;1;19;223;583;75;881;2020
33023;450;1155;210;1815;3;29;2;34;453;1184;212;1849;603;1074;204;1881;0;27;3;30;603;1101;207;1911;1053;2229;414;3696;3;56;5;64;1056;2285;419;3760;2020
33024;29075;76552;15467;121094;315;5503;1049;6867;29390;82055;16516;127961;41977;79724;14589;136290;415;6086;965;7466;42392;85810;15554;143756;71052;156276;30056;257384;730;11589;2014;14333;71782;167865;32070;271717;2020
33025;1275;3075;568;4918;9;80;18;107;1284;3155;586;5025;1676;2960;492;5128;12;105;12;129;1688;3065;504;5257;2951;6035;1060;10046;21;185;30;236;2972;6220;1090;10282;2020
33026;1138;2843;490;4471;11;183;48;242;1149;3026;538;4713;1605;2682;467;4754;8;191;37;236;1613;2873;504;4990;2743;5525;957;9225;19;374;85;478;2762;5899;1042;9703;2020
33027;123;267;19;409;0;10;0;10;123;277;19;419;146;202;23;371;0;21;4;25;146;223;27;396;269;469;42;780;0;31;4;35;269;500;46;815;2020
33028;238;419;31;688;0;5;2;7;238;424;33;695;228;249;18;495;1;16;0;17;229;265;18;512;466;668;49;1183;1;21;2;24;467;689;51;1207;2020
33029;64;90;5;159;0;3;6;9;64;93;11;168;84;71;6;161;0;3;1;4;84;74;7;165;148;161;11;320;0;6;7;13;148;167;18;333;2020
33030;132;323;52;507;1;6;0;7;133;329;52;514;160;283;60;503;2;3;1;6;162;286;61;509;292;606;112;1010;3;9;1;13;295;615;113;1023;2020
33031;4128;11968;2092;18188;21;408;70;499;4149;12376;2162;18687;6026;11923;2013;19962;40;439;55;534;6066;12362;2068;20496;10154;23891;4105;38150;61;847;125;1033;10215;24738;4230;39183;2020
33032;1442;3845;780;6067;7;87;14;108;1449;3932;794;6175;1924;3951;687;6562;7;127;11;145;1931;4078;698;6707;3366;7796;1467;12629;14;214;25;253;3380;8010;1492;12882;2020
33033;1251;3252;511;5014;8;113;18;139;1259;3365;529;5153;1712;3154;528;5394;10;128;16;154;1722;3282;544;5548;2963;6406;1039;10408;18;241;34;293;2981;6647;1073;10701;2020
33034;1639;3242;560;5441;11;118;15;144;1650;3360;575;5585;2092;3042;515;5649;8;136;16;160;2100;3178;531;5809;3731;6284;1075;11090;19;254;31;304;3750;6538;1106;11394;2020
33035;1224;4446;937;6607;20;151;19;190;1244;4597;956;6797;1526;4246;902;6674;18;185;21;224;1544;4431;923;6898;2750;8692;1839;13281;38;336;40;414;2788;9028;1879;13695;2020
33036;1453;4062;745;6260;22;228;41;291;1475;4290;786;6551;2028;3806;738;6572;22;288;40;350;2050;4094;778;6922;3481;7868;1483;12832;44;516;81;641;3525;8384;1564;13473;2020
33037;4336;11321;1758;17415;34;325;53;412;4370;11646;1811;17827;6158;11406;1650;19214;46;392;58;496;6204;11798;1708;19710;10494;22727;3408;36629;80;717;111;908;10574;23444;3519;37537;2020
33038;321;803;123;1247;4;20;3;27;325;823;126;1274;362;739;137;1238;9;32;2;43;371;771;139;1281;683;1542;260;2485;13;52;5;70;696;1594;265;2555;2020
33039;239;535;108;882;6;13;4;23;245;548;112;905;341;540;78;959;3;20;0;23;344;560;78;982;580;1075;186;1841;9;33;4;46;589;1108;190;1887;2020
33040;587;1688;266;2541;3;42;7;52;590;1730;273;2593;719;1614;264;2597;3;75;8;86;722;1689;272;2683;1306;3302;530;5138;6;117;15;138;1312;3419;545;5276;2020
33041;937;2506;467;3910;5;93;18;116;942;2599;485;4026;1220;2479;473;4172;4;108;12;124;1224;2587;485;4296;2157;4985;940;8082;9;201;30;240;2166;5186;970;8322;2020
33042;410;1618;357;2385;10;43;13;66;420;1661;370;2451;638;1633;340;2611;7;65;11;83;645;1698;351;2694;1048;3251;697;4996;17;108;24;149;1065;3359;721;5145;2020
33043;118;237;35;390;0;10;3;13;118;247;38;403;127;164;23;314;2;13;2;17;129;177;25;331;245;401;58;704;2;23;5;30;247;424;63;734;2020
33044;20191;61516;13399;95106;209;5444;990;6643;20400;66960;14389;101749;30591;66974;12756;110321;376;6554;910;7840;30967;73528;13666;118161;50782;128490;26155;205427;585;11998;1900;14483;51367;140488;28055;219910;2020
33045;614;1556;271;2441;10;115;30;155;624;1671;301;2596;786;1478;288;2552;11;132;24;167;797;1610;312;2719;1400;3034;559;4993;21;247;54;322;1421;3281;613;5315;2020
33046;89;161;13;263;0;2;0;2;89;163;13;265;109;108;15;232;0;1;0;1;109;109;15;233;198;269;28;495;0;3;0;3;198;272;28;498;2020
33047;176;364;56;596;0;7;2;9;176;371;58;605;197;340;69;606;1;13;2;16;198;353;71;622;373;704;125;1202;1;20;4;25;374;724;129;1227;2020
33048;22;53;3;78;0;2;0;2;22;55;3;80;32;29;6;67;0;1;0;1;32;30;6;68;54;82;9;145;0;3;0;3;54;85;9;148;2020
33049;924;2052;314;3290;16;62;11;89;940;2114;325;3379;1147;1914;320;3381;14;89;12;115;1161;2003;332;3496;2071;3966;634;6671;30;151;23;204;2101;4117;657;6875;2020
33050;127;199;11;337;0;0;0;0;127;199;11;337;89;130;15;234;0;1;0;1;89;131;15;235;216;329;26;571;0;1;0;1;216;330;26;572;2020
33051;911;2357;418;3686;9;132;34;175;920;2489;452;3861;1262;2307;385;3954;7;127;35;169;1269;2434;420;4123;2173;4664;803;7640;16;259;69;344;2189;4923;872;7984;2020
33052;128;266;16;410;1;3;0;4;129;269;16;414;122;155;12;289;0;4;0;4;122;159;12;293;250;421;28;699;1;7;0;8;251;428;28;707;2020
33053;220;412;40;672;2;10;3;15;222;422;43;687;194;260;24;478;1;19;2;22;195;279;26;500;414;672;64;1150;3;29;5;37;417;701;69;1187;2020
33054;280;542;98;920;2;14;2;18;282;556;100;938;324;480;78;882;3;16;0;19;327;496;78;901;604;1022;176;1802;5;30;2;37;609;1052;178;1839;2020
33055;208;515;96;819;2;12;1;15;210;527;97;834;281;489;105;875;5;19;8;32;286;508;113;907;489;1004;201;1694;7;31;9;47;496;1035;210;1741;2020
33056;643;1645;294;2582;12;92;24;128;655;1737;318;2710;891;1657;266;2814;10;132;22;164;901;1789;288;2978;1534;3302;560;5396;22;224;46;292;1556;3526;606;5688;2020
33057;207;566;121;894;3;32;3;38;210;598;124;932;221;544;100;865;8;26;6;40;229;570;106;905;428;1110;221;1759;11;58;9;78;439;1168;230;1837;2020
33058;221;624;66;911;1;10;4;15;222;634;70;926;303;520;66;889;3;29;1;33;306;549;67;922;524;1144;132;1800;4;39;5;48;528;1183;137;1848;2020
33059;741;1421;193;2355;2;45;11;58;743;1466;204;2413;931;1271;199;2401;6;70;10;86;937;1341;209;2487;1672;2692;392;4756;8;115;21;144;1680;2807;413;4900;2020
33060;1903;4728;762;7393;6;130;35;171;1909;4858;797;7564;2731;4626;707;8064;13;151;25;189;2744;4777;732;8253;4634;9354;1469;15457;19;281;60;360;4653;9635;1529;15817;2020
33061;71;107;11;189;0;2;1;3;71;109;12;192;78;91;12;181;0;2;1;3;78;93;13;184;149;198;23;370;0;4;2;6;149;202;25;376;2020
33062;57;137;25;219;0;4;0;4;57;141;25;223;89;106;20;215;0;11;0;11;89;117;20;226;146;243;45;434;0;15;0;15;146;258;45;449;2020
33063;68;123;14;205;1;2;0;3;69;125;14;208;79;116;15;210;0;3;0;3;79;119;15;213;147;239;29;415;1;5;0;6;148;244;29;421;2020
33064;38;79;12;129;2;3;1;6;40;82;13;135;52;66;12;130;1;5;2;8;53;71;14;138;90;145;24;259;3;8;3;14;93;153;27;273;2020
33065;149;383;61;593;0;10;0;10;149;393;61;603;196;369;76;641;2;8;0;10;198;377;76;651;345;752;137;1234;2;18;0;20;347;770;137;1254;2020
33066;4849;16307;3348;24504;43;572;101;716;4892;16879;3449;25220;6348;15962;3136;25446;48;694;101;843;6396;16656;3237;26289;11197;32269;6484;49950;91;1266;202;1559;11288;33535;6686;51509;2020
33067;108;294;27;429;0;4;0;4;108;298;27;433;126;227;21;374;0;7;0;7;126;234;21;381;234;521;48;803;0;11;0;11;234;532;48;814;2020
33068;224;370;29;623;1;20;0;21;225;390;29;644;174;249;17;440;1;8;0;9;175;257;17;449;398;619;46;1063;2;28;0;30;400;647;46;1093;2020
33069;483;1183;179;1845;1;31;6;38;484;1214;185;1883;617;1088;164;1869;3;37;8;48;620;1125;172;1917;1100;2271;343;3714;4;68;14;86;1104;2339;357;3800;2020
33070;474;1109;201;1784;1;18;2;21;475;1127;203;1805;630;1076;171;1877;1;40;3;44;631;1116;174;1921;1104;2185;372;3661;2;58;5;65;1106;2243;377;3726;2020
33071;111;151;16;278;3;4;0;7;114;155;16;285;143;142;25;310;0;7;0;7;143;149;25;317;254;293;41;588;3;11;0;14;257;304;41;602;2020
33072;305;488;36;829;0;13;3;16;305;501;39;845;284;359;43;686;1;19;3;23;285;378;46;709;589;847;79;1515;1;32;6;39;590;879;85;1554;2020
33073;1376;2731;389;4496;3;123;33;159;1379;2854;422;4655;1580;2403;376;4359;6;149;30;185;1586;2552;406;4544;2956;5134;765;8855;9;272;63;344;2965;5406;828;9199;2020
33074;512;1101;182;1795;2;74;15;91;514;1175;197;1886;654;1087;166;1907;4;109;20;133;658;1196;186;2040;1166;2188;348;3702;6;183;35;224;1172;2371;383;3926;2020
33075;40;84;9;133;1;1;0;2;41;85;9;135;53;63;21;137;0;0;0;0;53;63;21;137;93;147;30;270;1;1;0;2;94;148;30;272;2020
33076;1831;4270;805;6906;26;215;33;274;1857;4485;838;7180;2216;3956;767;6939;35;284;32;351;2251;4240;799;7290;4047;8226;1572;13845;61;499;65;625;4108;8725;1637;14470;2020
33077;227;338;44;609;0;7;0;7;227;345;44;616;237;293;25;555;2;7;0;9;239;300;25;564;464;631;69;1164;2;14;0;16;466;645;69;1180;2020
33078;21;47;4;72;0;0;0;0;21;47;4;72;23;36;2;61;0;0;0;0;23;36;2;61;44;83;6;133;0;0;0;0;44;83;6;133;2020
34001;11;13;1;25;0;1;1;2;11;14;2;27;5;11;0;16;0;2;0;2;5;13;0;18;16;24;1;41;0;3;1;4;16;27;2;45;2020
34003;19;68;3;90;0;2;0;2;19;70;3;92;23;45;6;74;0;3;1;4;23;48;7;78;42;113;9;164;0;5;1;6;42;118;10;170;2020
34004;612;2073;377;3062;5;160;35;200;617;2233;412;3262;886;2006;362;3254;9;185;39;233;895;2191;401;3487;1498;4079;739;6316;14;345;74;433;1512;4424;813;6749;2020
34005;120;257;37;414;1;23;8;32;121;280;45;446;167;238;39;444;0;24;7;31;167;262;46;475;287;495;76;858;1;47;15;63;288;542;91;921;2020
34006;14;27;6;47;0;0;0;0;14;27;6;47;13;25;2;40;0;0;0;0;13;25;2;40;27;52;8;87;0;0;0;0;27;52;8;87;2020
34009;9;12;2;23;0;0;0;0;9;12;2;23;6;5;2;13;0;0;0;0;6;5;2;13;15;17;4;36;0;0;0;0;15;17;4;36;2020
34010;84;201;11;296;1;8;2;11;85;209;13;307;110;166;17;293;0;5;1;6;110;171;18;299;194;367;28;589;1;13;3;17;195;380;31;606;2020
34011;67;157;10;234;0;1;0;1;67;158;10;235;68;97;16;181;0;2;0;2;68;99;16;183;135;254;26;415;0;3;0;3;135;257;26;418;2020
34012;50;135;6;191;0;1;0;1;50;136;6;192;68;96;3;167;0;6;0;6;68;102;3;173;118;231;9;358;0;7;0;7;118;238;9;365;2020
34015;10;14;1;25;0;0;0;0;10;14;1;25;6;9;0;15;0;0;0;0;6;9;0;15;16;23;1;40;0;0;0;0;16;23;1;40;2020
34017;152;309;32;493;0;14;1;15;152;323;33;508;214;232;35;481;0;15;2;17;214;247;37;498;366;541;67;974;0;29;3;32;366;570;70;1006;2020
34018;33;77;4;114;0;3;0;3;33;80;4;117;37;53;7;97;0;1;0;1;37;54;7;98;70;130;11;211;0;4;0;4;70;134;11;215;2020
34019;21;42;3;66;0;5;2;7;21;47;5;73;20;28;2;50;0;6;5;11;20;34;7;61;41;70;5;116;0;11;7;18;41;81;12;134;2020
34020;9;22;0;31;0;0;0;0;9;22;0;31;12;6;0;18;0;1;0;1;12;7;0;19;21;28;0;49;0;1;0;1;21;29;0;50;2020
34022;182;353;58;593;0;20;10;30;182;373;68;623;210;294;56;560;0;23;0;23;210;317;56;583;392;647;114;1153;0;43;10;53;392;690;124;1206;2020
34023;599;2001;456;3056;4;143;33;180;603;2144;489;3236;760;1814;452;3026;3;113;23;139;763;1927;475;3165;1359;3815;908;6082;7;256;56;319;1366;4071;964;6401;2020
34024;4;10;1;15;0;1;0;1;4;11;1;16;5;5;1;11;0;1;0;1;5;6;1;12;9;15;2;26;0;2;0;2;9;17;2;28;2020
34025;10;13;0;23;1;0;1;2;11;13;1;25;19;10;0;29;1;2;0;3;20;12;0;32;29;23;0;52;2;2;1;5;31;25;1;57;2020
34027;156;367;52;575;2;11;1;14;158;378;53;589;227;294;50;571;1;12;1;14;228;306;51;585;383;661;102;1146;3;23;2;28;386;684;104;1174;2020
34028;25;44;2;71;0;0;0;0;25;44;2;71;24;35;6;65;0;1;0;1;24;36;6;66;49;79;8;136;0;1;0;1;49;80;8;137;2020
34029;131;215;27;373;0;9;1;10;131;224;28;383;141;186;25;352;1;4;2;7;142;190;27;359;272;401;52;725;1;13;3;17;273;414;55;742;2020
34031;3;10;0;13;0;2;0;2;3;12;0;15;4;9;0;13;0;1;0;1;4;10;0;14;7;19;0;26;0;3;0;3;7;22;0;29;2020
34032;11;10;1;22;0;0;0;0;11;10;1;22;4;13;0;17;0;3;0;3;4;16;0;20;15;23;1;39;0;3;0;3;15;26;1;42;2020
34033;3;10;0;13;0;0;0;0;3;10;0;13;1;3;0;4;0;0;0;0;1;3;0;4;4;13;0;17;0;0;0;0;4;13;0;17;2020
34034;20;45;2;67;0;2;0;2;20;47;2;69;26;23;1;50;0;2;0;2;26;25;1;52;46;68;3;117;0;4;0;4;46;72;3;121;2020
34035;21;34;2;57;0;2;4;6;21;36;6;63;28;15;3;46;0;3;1;4;28;18;4;50;49;49;5;103;0;5;5;10;49;54;10;113;2020
34036;43;90;8;141;1;1;0;2;44;91;8;143;43;52;18;113;0;2;0;2;43;54;18;115;86;142;26;254;1;3;0;4;87;145;26;258;2020
34037;49;103;10;162;0;4;3;7;49;107;13;169;53;67;7;127;0;5;3;8;53;72;10;135;102;170;17;289;0;9;6;15;102;179;23;304;2020
34038;42;102;8;152;0;5;1;6;42;107;9;158;56;63;4;123;0;4;0;4;56;67;4;127;98;165;12;275;0;9;1;10;98;174;13;285;2020
34039;17;17;0;34;0;1;0;1;17;18;0;35;15;8;0;23;0;2;2;4;15;10;2;27;32;25;0;57;0;3;2;5;32;28;2;62;2020
34041;19;19;3;41;0;0;0;0;19;19;3;41;27;17;2;46;0;0;0;0;27;17;2;46;46;36;5;87;0;0;0;0;46;36;5;87;2020
34042;54;108;14;176;0;4;1;5;54;112;15;181;50;77;12;139;0;3;1;4;50;80;13;143;104;185;26;315;0;7;2;9;104;192;28;324;2020
34045;15;23;2;40;0;0;0;0;15;23;2;40;13;19;1;33;0;0;0;0;13;19;1;33;28;42;3;73;0;0;0;0;28;42;3;73;2020
34046;5;19;3;27;0;0;0;0;5;19;3;27;4;19;1;24;0;1;1;2;4;20;2;26;9;38;4;51;0;1;1;2;9;39;5;53;2020
34047;246;557;99;902;3;47;13;63;249;604;112;965;340;552;101;993;3;55;19;77;343;607;120;1070;586;1109;200;1895;6;102;32;140;592;1211;232;2035;2020
34048;8;21;0;29;0;0;0;0;8;21;0;29;11;22;1;34;0;0;0;0;11;22;1;34;19;43;1;63;0;0;0;0;19;43;1;63;2020
34049;68;112;3;183;0;1;0;1;68;113;3;184;75;73;12;160;0;0;0;0;75;73;12;160;143;185;15;343;0;1;0;1;143;186;15;344;2020
34050;38;67;3;108;0;2;1;3;38;69;4;111;39;40;4;83;0;1;0;1;39;41;4;84;77;107;7;191;0;3;1;4;77;110;8;195;2020
34051;18;28;4;50;0;0;0;0;18;28;4;50;19;24;3;46;0;2;0;2;19;26;3;48;37;52;7;96;0;2;0;2;37;54;7;98;2020
34052;33;59;4;96;1;0;0;1;34;59;4;97;35;41;1;77;0;1;0;1;35;42;1;78;68;100;5;173;1;1;0;2;69;101;5;175;2020
34053;26;80;5;111;0;2;0;2;26;82;5;113;33;59;14;106;0;3;0;3;33;62;14;109;59;139;19;217;0;5;0;5;59;144;19;222;2020
34055;40;94;5;139;0;5;0;5;40;99;5;144;47;69;3;119;0;2;0;2;47;71;3;121;87;163;8;258;0;7;0;7;87;170;8;265;2020
34056;287;678;121;1086;5;38;5;48;292;716;126;1134;326;652;115;1093;2;42;6;50;328;694;121;1143;613;1330;236;2179;7;80;11;98;620;1410;247;2277;2020
34057;87;134;22;243;0;3;0;3;87;137;22;246;121;117;6;244;0;0;0;0;121;117;6;244;208;251;28;487;0;3;0;3;208;254;28;490;2020
34058;44;61;3;108;0;1;0;1;44;62;3;109;39;32;5;76;0;0;0;0;39;32;5;76;83;93;8;184;0;1;0;1;83;94;8;185;2020
34059;74;128;6;208;0;5;0;5;74;133;6;213;96;101;13;210;0;7;1;8;96;108;14;218;170;229;19;418;0;12;1;13;170;241;20;431;2020
34060;23;50;4;77;0;0;0;0;23;50;4;77;24;34;1;59;0;2;0;2;24;36;1;61;47;84;5;136;0;2;0;2;47;86;5;138;2020
34061;19;33;2;54;0;4;0;4;19;37;2;58;19;21;0;40;0;1;0;1;19;22;0;41;38;54;2;94;0;5;0;5;38;59;2;99;2020
34062;38;51;0;89;0;0;0;0;38;51;0;89;24;34;2;60;1;1;0;2;25;35;2;62;62;85;2;149;1;1;0;2;63;86;2;151;2020
34063;19;32;3;54;0;5;1;6;19;37;4;60;16;15;5;36;0;6;1;7;16;21;6;43;35;47;8;90;0;11;2;13;35;58;10;103;2020
34066;10;26;0;36;0;0;0;0;10;26;0;36;13;9;2;24;0;0;0;0;13;9;2;24;23;35;2;60;0;0;0;0;23;35;2;60;2020
34067;22;49;3;74;0;0;0;0;22;49;3;74;24;27;2;53;0;0;0;0;24;27;2;53;46;76;5;127;0;0;0;0;46;76;5;127;2020
34068;6;10;6;22;0;10;3;13;6;20;9;35;5;8;1;14;0;8;4;12;5;16;5;26;11;18;7;36;0;18;7;25;11;36;14;61;2020
34069;301;834;135;1270;1;45;19;65;302;879;154;1335;348;731;144;1223;1;49;16;66;349;780;160;1289;649;1565;279;2493;2;94;35;131;651;1659;314;2624;2020
34070;33;39;1;73;0;2;0;2;33;41;1;75;35;18;4;57;0;1;1;2;35;19;5;59;68;57;5;130;0;3;1;4;68;60;6;134;2020
34071;29;53;4;86;0;3;1;4;29;56;5;90;40;34;1;75;0;3;0;3;40;37;1;78;69;87;5;161;0;6;1;7;69;93;6;168;2020
34072;26;44;1;71;0;1;0;1;26;45;1;72;40;37;3;80;0;0;0;0;40;37;3;80;66;81;4;151;0;1;0;1;66;82;4;152;2020
34073;30;57;1;88;0;2;0;2;30;59;1;90;37;53;3;93;0;3;0;3;37;56;3;96;67;110;4;181;0;5;0;5;67;115;4;186;2020
34074;108;260;25;393;0;6;3;9;108;266;28;402;153;180;29;362;0;18;2;20;153;198;31;382;261;440;54;755;0;24;5;29;261;464;59;784;2020
34076;92;194;12;298;0;15;8;23;92;209;20;321;99;166;21;286;0;19;10;29;99;185;31;315;191;360;33;584;0;34;18;52;191;394;51;636;2020
34077;45;171;30;246;1;1;0;2;46;172;30;248;53;129;34;216;0;2;0;2;53;131;34;218;98;300;64;462;1;3;0;4;99;303;64;466;2020
34079;120;815;273;1208;4;19;0;23;124;834;273;1231;115;736;247;1098;1;29;3;33;116;765;250;1131;235;1551;520;2306;5;48;3;56;240;1599;523;2362;2020
34080;649;1957;269;2875;1;31;4;36;650;1988;273;2911;843;1820;253;2916;1;40;4;45;844;1860;257;2961;1492;3777;522;5791;2;71;8;81;1494;3848;530;5872;2020
34081;15;22;0;37;0;1;0;1;15;23;0;38;13;9;1;23;0;0;0;0;13;9;1;23;28;31;1;60;0;1;0;1;28;32;1;61;2020
34082;21;18;0;39;0;0;0;0;21;18;0;39;27;13;0;40;0;0;0;0;27;13;0;40;48;31;0;79;0;0;0;0;48;31;0;79;2020
34083;246;552;107;905;0;22;10;32;246;574;117;937;323;536;90;949;1;25;2;28;324;561;92;977;569;1088;197;1854;1;47;12;60;570;1135;209;1914;2020
34084;32;54;3;89;1;0;0;1;33;54;3;90;28;34;3;65;0;1;0;1;28;35;3;66;60;88;6;154;1;1;0;2;61;89;6;156;2020
34086;17;33;3;53;0;0;0;0;17;33;3;53;13;33;3;49;0;2;0;2;13;35;3;51;30;66;6;102;0;2;0;2;30;68;6;104;2020
34087;25;45;7;77;1;5;0;6;26;50;7;83;27;28;3;58;0;2;0;2;27;30;3;60;52;73;10;135;1;7;0;8;53;80;10;143;2020
34088;41;118;21;180;1;5;0;6;42;123;21;186;32;87;17;136;3;5;0;8;35;92;17;144;73;205;38;316;4;10;0;14;77;215;38;330;2020
34089;29;59;4;92;0;1;0;1;29;60;4;93;22;32;7;61;0;0;0;0;22;32;7;61;51;91;11;153;0;1;0;1;51;92;11;154;2020
34091;31;35;4;70;0;0;0;0;31;35;4;70;23;25;6;54;0;0;0;0;23;25;6;54;54;60;10;124;0;0;0;0;54;60;10;124;2020
34092;59;81;9;149;0;2;0;2;59;83;9;151;58;60;9;127;0;2;0;2;58;62;9;129;117;141;18;276;0;4;0;4;117;145;18;280;2020
34093;14;35;4;53;0;1;1;2;14;36;5;55;19;12;2;33;0;2;0;2;19;14;2;35;33;47;6;86;0;3;1;4;33;50;7;90;2020
34094;15;15;2;32;0;1;0;1;15;16;2;33;18;12;0;30;0;3;0;3;18;15;0;33;33;27;2;62;0;4;0;4;33;31;2;66;2020
34096;12;18;1;31;0;0;0;0;12;18;1;31;11;7;0;18;0;0;0;0;11;7;0;18;23;25;1;49;0;0;0;0;23;25;1;49;2020
34098;79;341;70;490;3;31;9;43;82;372;79;533;66;311;65;442;1;32;7;40;67;343;72;482;145;652;135;932;4;63;16;83;149;715;151;1015;2020
34099;9;22;1;32;0;3;0;3;9;25;1;35;6;15;2;23;0;2;1;3;6;17;3;26;15;37;3;55;0;5;1;6;15;42;4;61;2020
34100;19;56;5;80;0;0;0;0;19;56;5;80;16;42;5;63;0;0;0;0;16;42;5;63;35;98;10;143;0;0;0;0;35;98;10;143;2020
34101;11;12;1;24;0;0;0;0;11;12;1;24;14;11;2;27;0;0;0;0;14;11;2;27;25;23;3;51;0;0;0;0;25;23;3;51;2020
34102;36;79;10;125;0;0;0;0;36;79;10;125;33;49;4;86;0;1;0;1;33;50;4;87;69;128;14;211;0;1;0;1;69;129;14;212;2020
34103;25;34;0;59;0;0;0;0;25;34;0;59;19;16;1;36;0;0;0;0;19;16;1;36;44;50;1;95;0;0;0;0;44;50;1;95;2020
34104;53;81;7;141;0;5;0;5;53;86;7;146;47;49;4;100;0;1;1;2;47;50;5;102;100;130;11;241;0;6;1;7;100;136;12;248;2020
34106;18;41;0;59;0;4;3;7;18;45;3;66;24;25;2;51;0;3;1;4;24;28;3;55;42;66;2;110;0;7;4;11;42;73;6;121;2020
34107;15;27;0;42;0;0;0;0;15;27;0;42;21;11;0;32;0;0;0;0;21;11;0;32;36;38;0;74;0;0;0;0;36;38;0;74;2020
34108;73;189;35;297;0;8;1;9;73;197;36;306;81;155;33;269;0;11;0;11;81;166;33;280;154;344;68;566;0;19;1;20;154;363;69;586;2020
34109;17;16;0;33;0;2;0;2;17;18;0;35;13;12;1;26;0;1;0;1;13;13;1;27;30;28;1;59;0;3;0;3;30;31;1;62;2020
34110;12;29;4;45;0;0;0;0;12;29;4;45;13;25;0;38;0;1;0;1;13;26;0;39;25;54;4;83;0;1;0;1;25;55;4;84;2020
34112;8;13;2;23;0;0;0;0;8;13;2;23;11;6;1;18;0;0;0;0;11;6;1;18;19;19;3;41;0;0;0;0;19;19;3;41;2020
34113;3;12;0;15;0;0;0;0;3;12;0;15;9;17;0;26;0;0;0;0;9;17;0;26;12;29;0;41;0;0;0;0;12;29;0;41;2020
34114;52;65;1;118;0;1;1;2;52;66;2;120;42;27;1;70;0;4;0;4;42;31;1;74;94;92;2;188;0;5;1;6;94;97;3;194;2020
34116;11;18;0;29;0;0;0;0;11;18;0;29;14;12;1;27;0;0;0;0;14;12;1;27;25;30;1;56;0;0;0;0;25;30;1;56;2020
34120;7955;22172;5027;35154;48;1355;318;1721;8003;23527;5345;36875;10849;23732;4772;39353;72;1574;270;1916;10921;25306;5042;41269;18804;45904;9799;74507;120;2929;588;3637;18924;48833;10387;78144;2020
34121;37;70;5;112;0;9;0;9;37;79;5;121;30;51;4;85;0;6;0;6;30;57;4;91;67;121;9;197;0;15;0;15;67;136;9;212;2020
34122;12;29;2;43;0;21;1;22;12;50;3;65;16;20;3;39;0;5;3;8;16;25;6;47;28;49;5;82;0;26;4;30;28;75;9;112;2020
34123;240;618;82;940;0;23;6;29;240;641;88;969;293;521;81;895;0;26;2;28;293;547;83;923;533;1139;163;1835;0;49;8;57;533;1188;171;1892;2020
34124;13;24;1;38;0;0;0;0;13;24;1;38;11;10;3;24;0;0;0;0;11;10;3;24;24;34;4;62;0;0;0;0;24;34;4;62;2020
34125;17;27;1;45;0;0;0;0;17;27;1;45;20;29;1;50;0;0;0;0;20;29;1;50;37;56;2;95;0;0;0;0;37;56;2;95;2020
34126;56;82;10;148;0;18;2;20;56;100;12;168;45;66;6;117;0;12;4;16;45;78;10;133;101;148;16;265;0;30;6;36;101;178;22;301;2020
34127;17;25;0;42;1;4;2;7;18;29;2;49;22;17;2;41;0;2;0;2;22;19;2;43;39;42;2;83;1;6;2;9;40;48;4;92;2020
34129;36;64;3;103;0;0;0;0;36;64;3;103;38;27;2;67;0;0;0;0;38;27;2;67;74;91;5;170;0;0;0;0;74;91;5;170;2020
34130;28;71;6;105;0;1;0;1;28;72;6;106;44;50;5;99;0;0;1;1;44;50;6;100;72;121;11;204;0;1;1;2;72;122;12;206;2020
34131;18;11;0;29;0;0;0;0;18;11;0;29;16;9;0;25;0;1;0;1;16;10;0;26;34;20;0;54;0;1;0;1;34;21;0;55;2020
34132;24;42;5;71;0;3;1;4;24;45;6;75;22;25;4;51;0;4;1;5;22;29;5;56;46;67;9;122;0;7;2;9;46;74;11;131;2020
34133;28;31;4;63;0;1;0;1;28;32;4;64;18;24;0;42;0;1;0;1;18;25;0;43;46;55;4;105;0;2;0;2;46;57;4;107;2020
34134;6;14;1;21;0;0;0;0;6;14;1;21;11;9;0;20;0;0;0;0;11;9;0;20;17;23;1;41;0;0;0;0;17;23;1;41;2020
34135;75;148;21;244;1;10;2;13;76;158;23;257;68;105;24;197;1;10;2;13;69;115;26;210;143;253;45;441;2;20;4;26;145;273;49;467;2020
34136;38;52;8;98;0;3;1;4;38;55;9;102;22;40;8;70;0;4;0;4;22;44;8;74;60;92;16;168;0;7;1;8;60;99;17;176;2020
34137;6;10;0;16;0;0;0;0;6;10;0;16;3;4;0;7;0;0;0;0;3;4;0;7;9;14;0;23;0;0;0;0;9;14;0;23;2020
34139;27;57;13;97;0;1;2;3;27;58;15;100;26;46;5;77;1;6;2;9;27;52;7;86;53;103;18;174;1;7;4;12;54;110;22;186;2020
34140;19;28;1;48;0;1;0;1;19;29;1;49;27;18;1;46;0;0;0;0;27;18;1;46;46;46;2;94;0;1;0;1;46;47;2;95;2020
34141;29;65;19;113;1;32;9;42;30;97;28;155;29;51;14;94;0;20;13;33;29;71;27;127;58;116;33;207;1;52;22;75;59;168;55;282;2020
34143;35;58;7;100;0;2;2;4;35;60;9;104;33;35;3;71;0;2;4;6;33;37;7;77;68;93;10;171;0;4;6;10;68;97;16;181;2020
34146;12;23;0;35;0;0;0;0;12;23;0;35;8;11;0;19;0;0;0;0;8;11;0;19;20;34;0;54;0;0;0;0;20;34;0;54;2020
34147;28;62;11;101;0;1;0;1;28;63;11;102;31;46;7;84;0;0;0;0;31;46;7;84;59;108;18;185;0;1;0;1;59;109;18;186;2020
34149;2;7;0;9;0;0;0;0;2;7;0;9;5;7;1;13;0;0;0;0;5;7;1;13;7;14;1;22;0;0;0;0;7;14;1;22;2020
34151;32;56;3;91;0;0;0;0;32;56;3;91;36;24;0;60;0;0;0;0;36;24;0;60;68;80;3;151;0;0;0;0;68;80;3;151;2020
34152;21;44;0;65;0;7;2;9;21;51;2;74;23;30;1;54;1;9;8;18;24;39;9;72;44;74;1;119;1;16;10;27;45;90;11;146;2020
34154;19;24;1;44;0;0;0;0;19;24;1;44;17;14;0;31;0;0;0;0;17;14;0;31;36;38;1;75;0;0;0;0;36;38;1;75;2020
34155;15;46;1;62;0;6;2;8;15;52;3;70;23;39;0;62;0;7;1;8;23;46;1;70;38;85;1;124;0;13;3;16;38;98;4;140;2020
34156;10;21;2;33;0;0;0;0;10;21;2;33;10;11;0;21;0;0;0;0;10;11;0;21;20;32;2;54;0;0;0;0;20;32;2;54;2020
34157;321;878;170;1369;4;103;38;145;325;981;208;1514;365;818;137;1320;5;94;25;124;370;912;162;1444;686;1696;307;2689;9;197;63;269;695;1893;370;2958;2020
34158;58;95;6;159;0;7;0;7;58;102;6;166;78;60;11;149;0;3;0;3;78;63;11;152;136;155;17;308;0;10;0;10;136;165;17;318;2020
34159;63;146;19;228;0;9;0;9;63;155;19;237;45;121;12;178;0;5;0;5;45;126;12;183;108;267;31;406;0;14;0;14;108;281;31;420;2020
34160;19;59;9;87;0;0;0;0;19;59;9;87;26;30;8;64;0;3;0;3;26;33;8;67;45;89;17;151;0;3;0;3;45;92;17;154;2020
34161;7;7;0;14;0;0;0;0;7;7;0;14;5;3;0;8;0;0;0;0;5;3;0;8;12;10;0;22;0;0;0;0;12;10;0;22;2020
34163;9;12;1;22;0;1;1;2;9;13;2;24;12;9;1;22;0;1;0;1;12;10;1;23;21;21;2;44;0;2;1;3;21;23;3;47;2020
34165;11;24;0;35;0;1;0;1;11;25;0;36;9;15;0;24;0;1;0;1;9;16;0;25;20;39;0;59;0;2;0;2;20;41;0;61;2020
34167;27;35;2;64;0;1;0;1;27;36;2;65;26;22;1;49;0;0;0;0;26;22;1;49;53;57;3;113;0;1;0;1;53;58;3;114;2020
34168;12;16;2;30;1;0;0;1;13;16;2;31;12;5;0;17;0;1;0;1;12;6;0;18;24;21;2;47;1;1;0;2;25;22;2;49;2020
34169;73;137;18;228;0;19;3;22;73;156;21;250;74;90;14;178;0;7;4;11;74;97;18;189;147;227;32;406;0;26;7;33;147;253;39;439;2020
34170;13;16;0;29;0;0;0;0;13;16;0;29;15;6;0;21;0;1;0;1;15;7;0;22;28;22;0;50;0;1;0;1;28;23;0;51;2020
34171;142;312;34;488;1;1;1;3;143;313;35;491;211;263;34;508;0;6;0;6;211;269;34;514;353;575;68;996;1;7;1;9;354;582;69;1005;2020
34174;38;59;2;99;0;1;0;1;38;60;2;100;28;46;6;80;0;0;0;0;28;46;6;80;66;105;8;179;0;1;0;1;66;106;8;180;2020
34175;22;35;1;58;0;4;0;4;22;39;1;62;11;20;1;32;0;1;0;1;11;21;1;33;33;55;2;90;0;5;0;5;33;60;2;95;2020
34176;22;47;11;80;0;1;0;1;22;48;11;81;23;31;4;58;0;0;0;0;23;31;4;58;45;78;15;138;0;1;0;1;45;79;15;139;2020
34177;30;76;3;109;0;0;0;0;30;76;3;109;27;50;6;83;0;0;0;0;27;50;6;83;57;126;9;192;0;0;0;0;57;126;9;192;2020
34178;22;42;4;68;1;4;1;6;23;46;5;74;19;33;2;54;1;3;1;5;20;36;3;59;41;75;6;122;2;7;2;11;43;82;8;133;2020
34179;9;5;1;15;0;0;0;0;9;5;1;15;5;6;0;11;0;0;0;0;5;6;0;11;14;11;1;26;0;0;0;0;14;11;1;26;2020
34180;12;25;3;40;0;0;0;0;12;25;3;40;15;18;3;36;0;0;0;0;15;18;3;36;27;43;6;76;0;0;0;0;27;43;6;76;2020
34181;45;178;25;248;0;3;3;6;45;181;28;254;54;139;22;215;0;6;1;7;54;145;23;222;99;317;47;463;0;9;4;13;99;326;51;476;2020
34182;127;280;62;469;1;39;14;54;128;319;76;523;128;220;36;384;0;36;11;47;128;256;47;431;255;500;98;853;1;75;25;101;256;575;123;954;2020
34184;14;9;0;23;0;1;0;1;14;10;0;24;14;5;0;19;0;0;0;0;14;5;0;19;28;14;0;42;0;1;0;1;28;15;0;43;2020
34185;10;28;0;38;0;0;0;0;10;28;0;38;11;16;2;29;0;1;0;1;11;17;2;30;21;44;2;67;0;1;0;1;21;45;2;68;2020
34186;8;15;0;23;0;0;0;0;8;15;0;23;13;11;0;24;0;0;0;0;13;11;0;24;21;26;0;47;0;0;0;0;21;26;0;47;2020
34189;12;19;1;32;0;0;0;0;12;19;1;32;11;11;2;24;0;0;0;0;11;11;2;24;23;30;3;56;0;0;0;0;23;30;3;56;2020
34190;12;14;1;27;0;0;0;0;12;14;1;27;11;12;0;23;0;0;0;0;11;12;0;23;23;26;1;50;0;0;0;0;23;26;1;50;2020
34192;13;32;3;48;0;0;0;0;13;32;3;48;15;15;1;31;0;1;0;1;15;16;1;32;28;47;4;79;0;1;0;1;28;48;4;80;2020
34196;15;37;0;52;0;0;0;0;15;37;0;52;10;23;0;33;0;0;0;0;10;23;0;33;25;60;0;85;0;0;0;0;25;60;0;85;2020
34199;171;411;44;626;0;0;0;0;171;411;44;626;202;353;46;601;0;3;0;3;202;356;46;604;373;764;90;1227;0;3;0;3;373;767;90;1230;2020
34201;40;52;0;92;0;4;0;4;40;56;0;96;31;47;2;80;0;0;0;0;31;47;2;80;71;99;2;172;0;4;0;4;71;103;2;176;2020
34202;5;9;0;14;0;4;0;4;5;13;0;18;7;7;0;14;0;0;0;0;7;7;0;14;12;16;0;28;0;4;0;4;12;20;0;32;2020
34204;15;13;0;28;0;0;0;0;15;13;0;28;10;8;0;18;1;0;0;1;11;8;0;19;25;21;0;46;1;0;0;1;26;21;0;47;2020
34205;11;24;1;36;0;1;0;1;11;25;1;37;10;11;1;22;0;3;0;3;10;14;1;25;21;35;2;58;0;4;0;4;21;39;2;62;2020
34206;129;285;47;461;1;6;2;9;130;291;49;470;161;237;43;441;1;8;0;9;162;245;43;450;290;522;90;902;2;14;2;18;292;536;92;920;2020
34208;12;17;1;30;0;0;0;0;12;17;1;30;13;7;1;21;0;0;0;0;13;7;1;21;25;24;2;51;0;0;0;0;25;24;2;51;2020
34210;20;33;0;53;0;0;0;0;20;33;0;53;24;21;0;45;0;0;0;0;24;21;0;45;44;54;0;98;0;0;0;0;44;54;0;98;2020
34211;38;53;7;98;0;4;2;6;38;57;9;104;44;41;9;94;0;5;1;6;44;46;10;100;82;94;16;192;0;9;3;12;82;103;19;204;2020
34213;9;23;2;34;0;0;0;0;9;23;2;34;5;15;2;22;0;1;0;1;5;16;2;23;14;38;4;56;0;1;0;1;14;39;4;57;2020
34214;32;65;1;98;0;0;0;0;32;65;1;98;32;46;6;84;0;2;0;2;32;48;6;86;64;111;7;182;0;2;0;2;64;113;7;184;2020
34215;24;58;3;85;1;2;0;3;25;60;3;88;35;43;4;82;0;1;0;1;35;44;4;83;59;101;7;167;1;3;0;4;60;104;7;171;2020
34216;16;17;2;35;0;0;0;0;16;17;2;35;12;13;0;25;0;0;0;0;12;13;0;25;28;30;2;60;0;0;0;0;28;30;2;60;2020
34217;73;583;195;851;1;15;1;17;74;598;196;868;77;579;187;843;2;15;6;23;79;594;193;866;150;1162;382;1694;3;30;7;40;153;1192;389;1734;2020
34218;92;166;14;272;0;45;19;64;92;211;33;336;76;101;22;199;1;29;9;39;77;130;31;238;168;267;36;471;1;74;28;103;169;341;64;574;2020
34220;20;66;12;98;0;1;0;1;20;67;12;99;19;53;6;78;0;4;0;4;19;57;6;82;39;119;18;176;0;5;0;5;39;124;18;181;2020
34221;29;64;5;98;0;0;0;0;29;64;5;98;31;44;3;78;0;0;0;0;31;44;3;78;60;108;8;176;0;0;0;0;60;108;8;176;2020
34222;18;39;2;59;0;0;0;0;18;39;2;59;19;25;3;47;0;0;0;0;19;25;3;47;37;64;5;106;0;0;0;0;37;64;5;106;2020
34223;42;83;7;132;0;9;1;10;42;92;8;142;34;49;7;90;0;5;4;9;34;54;11;99;76;132;14;222;0;14;5;19;76;146;19;241;2020
34224;9;16;0;25;0;0;0;0;9;16;0;25;8;4;1;13;0;0;0;0;8;4;1;13;17;20;1;38;0;0;0;0;17;20;1;38;2020
34225;452;2162;577;3191;4;115;25;144;456;2277;602;3335;442;2027;522;2991;9;116;18;143;451;2143;540;3134;894;4189;1099;6182;13;231;43;287;907;4420;1142;6469;2020
34227;7;28;1;36;0;1;0;1;7;29;1;37;13;21;0;34;0;1;0;1;13;22;0;35;20;49;1;70;0;2;0;2;20;51;1;72;2020
34228;18;27;3;48;0;2;2;4;18;29;5;52;20;13;1;34;0;3;0;3;20;16;1;37;38;40;4;82;0;5;2;7;38;45;6;89;2020
34229;20;16;1;37;0;2;0;2;20;18;1;39;11;5;0;16;0;1;0;1;11;6;0;17;31;21;1;53;0;3;0;3;31;24;1;56;2020
34230;3;8;1;12;0;0;0;0;3;8;1;12;3;3;0;6;0;0;0;0;3;3;0;6;6;11;1;18;0;0;0;0;6;11;1;18;2020
34231;39;60;2;101;0;0;0;0;39;60;2;101;39;57;2;98;0;0;0;0;39;57;2;98;78;117;4;199;0;0;0;0;78;117;4;199;2020
34232;126;274;26;426;1;10;3;14;127;284;29;440;125;215;19;359;0;14;5;19;125;229;24;378;251;489;45;785;1;24;8;33;252;513;53;818;2020
34233;28;45;1;74;0;10;0;10;28;55;1;84;32;19;2;53;0;0;0;0;32;19;2;53;60;64;3;127;0;10;0;10;60;74;3;137;2020
34234;21;25;2;48;0;0;0;0;21;25;2;48;8;12;2;22;0;0;0;0;8;12;2;22;29;37;4;70;0;0;0;0;29;37;4;70;2020
34236;25;52;1;78;0;3;2;5;25;55;3;83;36;34;1;71;0;2;1;3;36;36;2;74;61;86;2;149;0;5;3;8;61;91;5;157;2020
34237;76;214;26;316;0;4;3;7;76;218;29;323;105;185;31;321;2;2;2;6;107;187;33;327;181;399;57;637;2;6;5;13;183;405;62;650;2020
34238;56;83;14;153;0;8;5;13;56;91;19;166;68;85;11;164;0;12;3;15;68;97;14;179;124;168;25;317;0;20;8;28;124;188;33;345;2020
34240;9;32;1;42;0;0;0;0;9;32;1;42;11;29;0;40;0;0;0;0;11;29;0;40;20;61;1;82;0;0;0;0;20;61;1;82;2020
34241;1;7;0;8;0;0;0;0;1;7;0;8;2;5;0;7;0;0;0;0;2;5;0;7;3;12;0;15;0;0;0;0;3;12;0;15;2020
34242;12;35;3;50;1;8;0;9;13;43;3;59;16;29;0;45;0;6;0;6;16;35;0;51;28;64;3;95;1;14;0;15;29;78;3;110;2020
34243;66;101;11;178;0;4;2;6;66;105;13;184;63;82;9;154;0;5;0;5;63;87;9;159;129;183;20;332;0;9;2;11;129;192;22;343;2020
34245;65;113;7;185;0;1;0;1;65;114;7;186;59;70;12;141;1;4;0;5;60;74;12;146;124;183;19;326;1;5;0;6;125;188;19;332;2020
34246;18;16;2;36;0;2;0;2;18;18;2;38;22;12;1;35;0;1;0;1;22;13;1;36;40;28;3;71;0;3;0;3;40;31;3;74;2020
34901;187;371;50;608;0;14;3;17;187;385;53;625;184;319;40;543;1;11;5;17;185;330;45;560;371;690;90;1151;1;25;8;34;372;715;98;1185;2020
34902;30;45;9;84;0;10;0;10;30;55;9;94;25;28;8;61;0;4;1;5;25;32;9;66;55;73;17;145;0;14;1;15;55;87;18;160;2020
34903;32;79;1;112;0;1;0;1;32;80;1;113;36;37;5;78;0;3;0;3;36;40;5;81;68;116;6;190;0;4;0;4;68;120;6;194;2020
34904;54;121;9;184;0;0;0;0;54;121;9;184;51;70;9;130;0;2;0;2;51;72;9;132;105;191;18;314;0;2;0;2;105;193;18;316;2020
35001;492;1829;305;2626;41;107;26;174;533;1936;331;2800;583;1734;296;2613;27;134;25;186;610;1868;321;2799;1075;3563;601;5239;68;241;51;360;1143;3804;652;5599;2020
35002;1652;10797;2535;14984;135;881;120;1136;1787;11678;2655;16120;1870;10402;2351;14623;130;913;128;1171;2000;11315;2479;15794;3522;21199;4886;29607;265;1794;248;2307;3787;22993;5134;31914;2020
35003;414;2679;617;3710;629;2205;301;3135;1043;4884;918;6845;371;2273;567;3211;541;2103;272;2916;912;4376;839;6127;785;4952;1184;6921;1170;4308;573;6051;1955;9260;1757;12972;2020
35004;2871;18202;4708;25781;263;5569;830;6662;3134;23771;5538;32443;3567;18062;4473;26102;361;4977;762;6100;3928;23039;5235;32202;6438;36264;9181;51883;624;10546;1592;12762;7062;46810;10773;64645;2020
35005;141;420;23;584;0;2;0;2;141;422;23;586;134;296;29;459;0;4;0;4;134;300;29;463;275;716;52;1043;0;6;0;6;275;722;52;1049;2020
35006;2727;13192;2728;18647;26;340;64;430;2753;13532;2792;19077;3278;12986;2548;18812;35;362;48;445;3313;13348;2596;19257;6005;26178;5276;37459;61;702;112;875;6066;26880;5388;38334;2020
35007;63;212;37;312;26;56;3;85;89;268;40;397;61;181;46;288;27;46;15;88;88;227;61;376;124;393;83;600;53;102;18;173;177;495;101;773;2020
35008;574;2618;481;3673;8;65;10;83;582;2683;491;3756;695;2437;476;3608;5;65;4;74;700;2502;480;3682;1269;5055;957;7281;13;130;14;157;1282;5185;971;7438;2020
35009;1931;8323;1621;11875;19;232;39;290;1950;8555;1660;12165;2334;8095;1491;11920;19;230;36;285;2353;8325;1527;12205;4265;16418;3112;23795;38;462;75;575;4303;16880;3187;24370;2020
35010;428;1650;269;2347;92;240;34;366;520;1890;303;2713;453;1429;275;2157;77;291;25;393;530;1720;300;2550;881;3079;544;4504;169;531;59;759;1050;3610;603;5263;2020
35011;1841;10845;2420;15106;49;644;102;795;1890;11489;2522;15901;2219;10502;2215;14936;57;682;118;857;2276;11184;2333;15793;4060;21347;4635;30042;106;1326;220;1652;4166;22673;4855;31694;2020
35012;931;4938;1122;6991;724;2443;421;3588;1655;7381;1543;10579;874;4371;1056;6301;695;2507;405;3607;1569;6878;1461;9908;1805;9309;2178;13292;1419;4950;826;7195;3224;14259;3004;20487;2020
35013;738;2634;496;3868;8;56;7;71;746;2690;503;3939;834;2435;439;3708;8;82;9;99;842;2517;448;3807;1572;5069;935;7576;16;138;16;170;1588;5207;951;7746;2020
35014;670;5745;1461;7876;805;4776;683;6264;1475;10521;2144;14140;685;5148;1297;7130;718;4571;675;5964;1403;9719;1972;13094;1355;10893;2758;15006;1523;9347;1358;12228;2878;20240;4116;27234;2020
35015;572;5291;1338;7201;344;3134;439;3917;916;8425;1777;11118;523;4530;1300;6353;339;3146;393;3878;862;7676;1693;10231;1095;9821;2638;13554;683;6280;832;7795;1778;16101;3470;21349;2020
35016;29031;117945;23198;170174;1021;11117;1593;13731;30052;129062;24791;183905;39727;119966;22307;182000;1230;12571;1517;15318;40957;132537;23824;197318;68758;237911;45505;352174;2251;23688;3110;29049;71009;261599;48615;381223;2020
35017;1688;12619;3268;17575;254;2785;531;3570;1942;15404;3799;21145;1811;12212;3046;17069;254;2865;475;3594;2065;15077;3521;20663;3499;24831;6314;34644;508;5650;1006;7164;4007;30481;7320;41808;2020
35018;831;5934;1449;8214;149;1056;137;1342;980;6990;1586;9556;968;5795;1310;8073;172;1121;177;1470;1140;6916;1487;9543;1799;11729;2759;16287;321;2177;314;2812;2120;13906;3073;19099;2020
35019;3025;14542;2685;20252;1204;5617;784;7605;4229;20159;3469;27857;2924;12959;2610;18493;1062;5279;706;7047;3986;18238;3316;25540;5949;27501;5295;38745;2266;10896;1490;14652;8215;38397;6785;53397;2020
35020;630;2396;420;3446;13;338;42;393;643;2734;462;3839;762;2239;341;3342;13;277;37;327;775;2516;378;3669;1392;4635;761;6788;26;615;79;720;1418;5250;840;7508;2020
35021;1620;5983;1165;8768;48;272;51;371;1668;6255;1216;9139;1757;6036;1047;8840;48;318;49;415;1805;6354;1096;9255;3377;12019;2212;17608;96;590;100;786;3473;12609;2312;18394;2020
35022;3320;23144;5490;31954;289;4187;792;5268;3609;27331;6282;37222;3827;23002;5216;32045;350;4263;722;5335;4177;27265;5938;37380;7147;46146;10706;63999;639;8450;1514;10603;7786;54596;12220;74602;2020
35023;1202;4710;815;6727;12;158;17;187;1214;4868;832;6914;1463;4554;811;6828;18;121;16;155;1481;4675;827;6983;2665;9264;1626;13555;30;279;33;342;2695;9543;1659;13897;2020
35024;994;6541;1592;9127;435;1608;258;2301;1429;8149;1850;11428;1092;6203;1533;8828;423;1778;246;2447;1515;7981;1779;11275;2086;12744;3125;17955;858;3386;504;4748;2944;16130;3629;22703;2020
35025;268;674;56;998;0;14;4;18;268;688;60;1016;293;499;53;845;1;19;2;22;294;518;55;867;561;1173;109;1843;1;33;6;40;562;1206;115;1883;2020
35026;6528;35069;7362;48959;126;1155;185;1466;6654;36224;7547;50425;8170;35196;7251;50617;146;1423;180;1749;8316;36619;7431;52366;14698;70265;14613;99576;272;2578;365;3215;14970;72843;14978;102791;2020
35027;1005;4465;858;6328;7;66;9;82;1012;4531;867;6410;1190;4039;755;5984;9;111;8;128;1199;4150;763;6112;2195;8504;1613;12312;16;177;17;210;2211;8681;1630;12522;2020
35028;830;4545;1047;6422;648;3062;475;4185;1478;7607;1522;10607;839;4233;1004;6076;662;2885;398;3945;1501;7118;1402;10021;1669;8778;2051;12498;1310;5947;873;8130;2979;14725;2924;20628;2020
35029;314;2033;486;2833;46;389;56;491;360;2422;542;3324;401;1820;475;2696;51;320;43;414;452;2140;518;3110;715;3853;961;5529;97;709;99;905;812;4562;1060;6434;2020
35030;676;4585;1213;6474;191;1132;175;1498;867;5717;1388;7972;758;4311;1093;6162;163;1117;182;1462;921;5428;1275;7624;1434;8896;2306;12636;354;2249;357;2960;1788;11145;2663;15596;2020
35031;608;3268;648;4524;15;142;23;180;623;3410;671;4704;642;3143;678;4463;12;180;18;210;654;3323;696;4673;1250;6411;1326;8987;27;322;41;390;1277;6733;1367;9377;2020
35032;422;1341;163;1926;1;29;1;31;423;1370;164;1957;488;1073;182;1743;3;22;2;27;491;1095;184;1770;910;2414;345;3669;4;51;3;58;914;2465;348;3727;2020
35033;689;2675;430;3794;7;80;19;106;696;2755;449;3900;739;2409;397;3545;3;105;16;124;742;2514;413;3669;1428;5084;827;7339;10;185;35;230;1438;5269;862;7569;2020
35034;399;4011;1013;5423;411;2561;400;3372;810;6572;1413;8795;434;3601;940;4975;382;2490;398;3270;816;6091;1338;8245;833;7612;1953;10398;793;5051;798;6642;1626;12663;2751;17040;2020
36001;406;782;117;1305;1;24;5;30;407;806;122;1335;496;621;99;1216;2;21;2;25;498;642;101;1241;902;1403;216;2521;3;45;7;55;905;1448;223;2576;2020
36002;342;1155;273;1770;0;13;1;14;342;1168;274;1784;494;1081;243;1818;0;20;1;21;494;1101;244;1839;836;2236;516;3588;0;33;2;35;836;2269;518;3623;2020
36003;1148;3837;811;5796;18;144;19;181;1166;3981;830;5977;1410;3759;797;5966;17;150;19;186;1427;3909;816;6152;2558;7596;1608;11762;35;294;38;367;2593;7890;1646;12129;2020
36004;1190;3795;826;5811;6;51;10;67;1196;3846;836;5878;1550;3738;698;5986;7;70;9;86;1557;3808;707;6072;2740;7533;1524;11797;13;121;19;153;2753;7654;1543;11950;2020
36005;928;3012;634;4574;7;99;19;125;935;3111;653;4699;1311;2993;601;4905;15;139;17;171;1326;3132;618;5076;2239;6005;1235;9479;22;238;36;296;2261;6243;1271;9775;2020
36006;1222;4253;984;6459;10;141;20;171;1232;4394;1004;6630;1681;4330;898;6909;7;153;22;182;1688;4483;920;7091;2903;8583;1882;13368;17;294;42;353;2920;8877;1924;13721;2020
36007;242;513;80;835;2;4;0;6;244;517;80;841;371;488;72;931;0;6;0;6;371;494;72;937;613;1001;152;1766;2;10;0;12;615;1011;152;1778;2020
36008;2425;8535;1889;12849;25;276;45;346;2450;8811;1934;13195;3031;8273;1724;13028;26;297;36;359;3057;8570;1760;13387;5456;16808;3613;25877;51;573;81;705;5507;17381;3694;26582;2020
36009;667;1475;294;2436;8;61;5;74;675;1536;299;2510;907;1372;265;2544;11;50;7;68;918;1422;272;2612;1574;2847;559;4980;19;111;12;142;1593;2958;571;5122;2020
36010;330;1051;219;1600;1;11;3;15;331;1062;222;1615;446;1037;219;1702;2;11;1;14;448;1048;220;1716;776;2088;438;3302;3;22;4;29;779;2110;442;3331;2020
36011;0;0;0;0;0;0;0;0;0;0;0;0;0;0;0;0;0;0;0;0;0;0;0;0;0;0;0;0;0;0;0;0;0;0;0;0;2020
36012;0;0;0;0;0;0;0;0;0;0;0;0;0;0;0;0;0;0;0;0;0;0;0;0;0;0;0;0;0;0;0;0;0;0;0;0;2020
36013;385;702;83;1170;6;20;2;28;391;722;85;1198;512;528;81;1121;7;40;2;49;519;568;83;1170;897;1230;164;2291;13;60;4;77;910;1290;168;2368;2020
36014;342;549;55;946;6;21;0;27;348;570;55;973;464;480;51;995;2;23;1;26;466;503;52;1021;806;1029;106;1941;8;44;1;53;814;1073;107;1994;2020
36015;594;1344;242;2180;3;24;8;35;597;1368;250;2215;885;1294;229;2408;3;31;8;42;888;1325;237;2450;1479;2638;471;4588;6;55;16;77;1485;2693;487;4665;2020
36016;196;328;30;554;0;6;0;6;196;334;30;560;218;271;21;510;0;3;0;3;218;274;21;513;414;599;51;1064;0;9;0;9;414;608;51;1073;2020
36017;2368;5953;1205;9526;25;176;44;245;2393;6129;1249;9771;3311;5946;1082;10339;18;181;42;241;3329;6127;1124;10580;5679;11899;2287;19865;43;357;86;486;5722;12256;2373;20351;2020
36018;542;887;123;1552;1;13;3;17;543;900;126;1569;843;756;110;1709;3;25;2;30;846;781;112;1739;1385;1643;233;3261;4;38;5;47;1389;1681;238;3308;2020
36019;220;452;72;744;6;17;1;24;226;469;73;768;309;428;73;810;2;16;2;20;311;444;75;830;529;880;145;1554;8;33;3;44;537;913;148;1598;2020
36020;418;644;74;1136;2;11;4;17;420;655;78;1153;515;554;59;1128;1;19;3;23;516;573;62;1151;933;1198;133;2264;3;30;7;40;936;1228;140;2304;2020
36021;1248;4875;1059;7182;9;104;8;121;1257;4979;1067;7303;1466;4741;1065;7272;19;99;9;127;1485;4840;1074;7399;2714;9616;2124;14454;28;203;17;248;2742;9819;2141;14702;2020
36022;1039;3430;632;5101;7;63;7;77;1046;3493;639;5178;1319;3278;641;5238;10;87;5;102;1329;3365;646;5340;2358;6708;1273;10339;17;150;12;179;2375;6858;1285;10518;2020
36023;985;3070;629;4684;17;176;24;217;1002;3246;653;4901;1302;2997;634;4933;20;152;19;191;1322;3149;653;5124;2287;6067;1263;9617;37;328;43;408;2324;6395;1306;10025;2020
36024;2211;5723;1208;9142;25;615;82;722;2236;6338;1290;9864;2883;5706;1083;9672;54;516;101;671;2937;6222;1184;10343;5094;11429;2291;18814;79;1131;183;1393;5173;12560;2474;20207;2020
36025;361;702;98;1161;8;18;5;31;369;720;103;1192;480;591;81;1152;10;39;4;53;490;630;85;1205;841;1293;179;2313;18;57;9;84;859;1350;188;2397;2020
36026;2276;7622;1727;11625;23;365;47;435;2299;7987;1774;12060;2873;7437;1545;11855;16;269;42;327;2889;7706;1587;12182;5149;15059;3272;23480;39;634;89;762;5188;15693;3361;24242;2020
36027;586;1591;356;2533;7;43;10;60;593;1634;366;2593;721;1597;330;2648;4;61;16;81;725;1658;346;2729;1307;3188;686;5181;11;104;26;141;1318;3292;712;5322;2020
36028;498;1439;296;2233;4;30;3;37;502;1469;299;2270;725;1438;277;2440;6;35;3;44;731;1473;280;2484;1223;2877;573;4673;10;65;6;81;1233;2942;579;4754;2020
36029;1786;6166;1375;9327;11;108;9;128;1797;6274;1384;9455;2296;6187;1328;9811;17;151;18;186;2313;6338;1346;9997;4082;12353;2703;19138;28;259;27;314;4110;12612;2730;19452;2020
36030;580;1334;242;2156;0;24;5;29;580;1358;247;2185;811;1196;178;2185;7;31;2;40;818;1227;180;2225;1391;2530;420;4341;7;55;7;69;1398;2585;427;4410;2020
36031;65;215;39;319;1;3;1;5;66;218;40;324;83;191;27;301;3;6;3;12;86;197;30;313;148;406;66;620;4;9;4;17;152;415;70;637;2020
36032;455;1238;297;1990;2;17;3;22;457;1255;300;2012;612;1251;246;2109;1;23;2;26;613;1274;248;2135;1067;2489;543;4099;3;40;5;48;1070;2529;548;4147;2020
36033;1307;4751;1097;7155;21;226;26;273;1328;4977;1123;7428;1742;4665;1009;7416;27;169;23;219;1769;4834;1032;7635;3049;9416;2106;14571;48;395;49;492;3097;9811;2155;15063;2020
36034;449;1126;210;1785;14;38;1;53;463;1164;211;1838;667;1077;190;1934;5;24;2;31;672;1101;192;1965;1116;2203;400;3719;19;62;3;84;1135;2265;403;3803;2020
36035;1726;5537;1186;8449;27;200;34;261;1753;5737;1220;8710;2138;5493;1111;8742;35;228;30;293;2173;5721;1141;9035;3864;11030;2297;17191;62;428;64;554;3926;11458;2361;17745;2020
36036;356;925;184;1465;6;38;1;45;362;963;185;1510;435;865;178;1478;6;51;4;61;441;916;182;1539;791;1790;362;2943;12;89;5;106;803;1879;367;3049;2020
36037;310;927;198;1435;4;15;1;20;314;942;199;1455;457;865;164;1486;1;21;2;24;458;886;166;1510;767;1792;362;2921;5;36;3;44;772;1828;365;2965;2020
36038;7136;24581;5971;37688;69;1333;254;1656;7205;25914;6225;39344;10135;26240;5669;42044;118;1546;208;1872;10253;27786;5877;43916;17271;50821;11640;79732;187;2879;462;3528;17458;53700;12102;83260;2020
36039;1394;6352;1615;9361;29;448;72;549;1423;6800;1687;9910;1926;6252;1432;9610;37;480;63;580;1963;6732;1495;10190;3320;12604;3047;18971;66;928;135;1129;3386;13532;3182;20100;2020
36040;342;885;168;1395;2;11;2;15;344;896;170;1410;468;844;163;1475;1;20;0;21;469;864;163;1496;810;1729;331;2870;3;31;2;36;813;1760;333;2906;2020
36041;1519;5333;1355;8207;22;203;30;255;1541;5536;1385;8462;1799;5313;1227;8339;25;228;19;272;1824;5541;1246;8611;3318;10646;2582;16546;47;431;49;527;3365;11077;2631;17073;2020
36042;1769;7166;1771;10706;36;332;47;415;1805;7498;1818;11121;2350;7295;1726;11371;28;377;43;448;2378;7672;1769;11819;4119;14461;3497;22077;64;709;90;863;4183;15170;3587;22940;2020
36043;597;1667;350;2614;9;39;8;56;606;1706;358;2670;825;1648;328;2801;6;51;5;62;831;1699;333;2863;1422;3315;678;5415;15;90;13;118;1437;3405;691;5533;2020
36044;247;1019;216;1482;0;17;5;22;247;1036;221;1504;305;1015;199;1519;2;24;4;30;307;1039;203;1549;552;2034;415;3001;2;41;9;52;554;2075;424;3053;2020
36045;2812;9215;1918;13945;20;195;42;257;2832;9410;1960;14202;3849;9051;1830;14730;17;264;28;309;3866;9315;1858;15039;6661;18266;3748;28675;37;459;70;566;6698;18725;3818;29241;2020
36046;414;1577;431;2422;2;51;9;62;416;1628;440;2484;615;1543;389;2547;3;59;12;74;618;1602;401;2621;1029;3120;820;4969;5;110;21;136;1034;3230;841;5105;2020
36047;435;656;93;1184;0;22;8;30;435;678;101;1214;495;577;73;1145;0;25;9;34;495;602;82;1179;930;1233;166;2329;0;47;17;64;930;1280;183;2393;2020
36048;656;1958;395;3009;16;62;5;83;672;2020;400;3092;816;1930;372;3118;12;62;5;79;828;1992;377;3197;1472;3888;767;6127;28;124;10;162;1500;4012;777;6289;2020
36049;605;2917;863;4385;15;169;11;195;620;3086;874;4580;789;2824;794;4407;17;148;21;186;806;2972;815;4593;1394;5741;1657;8792;32;317;32;381;1426;6058;1689;9173;2020
36050;956;2914;662;4532;33;397;37;467;989;3311;699;4999;1222;2729;654;4605;37;305;44;386;1259;3034;698;4991;2178;5643;1316;9137;70;702;81;853;2248;6345;1397;9990;2020
36051;1786;5351;1198;8335;28;210;35;273;1814;5561;1233;8608;2221;5226;1052;8499;36;237;34;307;2257;5463;1086;8806;4007;10577;2250;16834;64;447;69;580;4071;11024;2319;17414;2020
36052;1035;2484;524;4043;12;196;45;253;1047;2680;569;4296;1402;2422;487;4311;11;201;42;254;1413;2623;529;4565;2437;4906;1011;8354;23;397;87;507;2460;5303;1098;8861;2020
36053;573;2350;649;3572;5;101;24;130;578;2451;673;3702;760;2207;595;3562;10;125;27;162;770;2332;622;3724;1333;4557;1244;7134;15;226;51;292;1348;4783;1295;7426;2020
36054;1315;4324;940;6579;25;202;21;248;1340;4526;961;6827;1587;4081;832;6500;27;189;23;239;1614;4270;855;6739;2902;8405;1772;13079;52;391;44;487;2954;8796;1816;13566;2020
36055;1539;5054;1219;7812;57;465;75;597;1596;5519;1294;8409;2077;5121;1221;8419;47;381;67;495;2124;5502;1288;8914;3616;10175;2440;16231;104;846;142;1092;3720;11021;2582;17323;2020
36056;543;1902;393;2838;1;18;9;28;544;1920;402;2866;746;1814;374;2934;1;20;3;24;747;1834;377;2958;1289;3716;767;5772;2;38;12;52;1291;3754;779;5824;2020
36057;27119;85733;19777;132629;426;6171;938;7535;27545;91904;20715;140164;39286;90260;18454;148000;536;7034;958;8528;39822;97294;19412;156528;66405;175993;38231;280629;962;13205;1896;16063;67367;189198;40127;296692;2020
36058;660;1811;374;2845;9;35;3;47;669;1846;377;2892;881;1706;372;2959;3;59;6;68;884;1765;378;3027;1541;3517;746;5804;12;94;9;115;1553;3611;755;5919;2020
36059;772;1517;232;2521;6;40;11;57;778;1557;243;2578;984;1345;229;2558;5;55;12;72;989;1400;241;2630;1756;2862;461;5079;11;95;23;129;1767;2957;484;5208;2020
36060;3346;11326;2605;17277;53;573;86;712;3399;11899;2691;17989;4503;11704;2456;18663;80;691;142;913;4583;12395;2598;19576;7849;23030;5061;35940;133;1264;228;1625;7982;24294;5289;37565;2020
36061;1088;3074;680;4842;11;96;11;118;1099;3170;691;4960;1449;3075;626;5150;6;116;7;129;1455;3191;633;5279;2537;6149;1306;9992;17;212;18;247;2554;6361;1324;10239;2020
36901;431;1647;348;2426;7;14;2;23;438;1661;350;2449;585;1544;329;2458;6;17;2;25;591;1561;331;2483;1016;3191;677;4884;13;31;4;48;1029;3222;681;4932;2020
36902;786;1649;270;2705;7;51;8;66;793;1700;278;2771;1120;1461;267;2848;7;65;6;78;1127;1526;273;2926;1906;3110;537;5553;14;116;14;144;1920;3226;551;5697;2020
37001;40;47;4;91;0;2;0;2;40;49;4;93;41;37;2;80;0;2;0;2;41;39;2;82;81;84;6;171;0;4;0;4;81;88;6;175;2020
37002;33;34;2;69;0;0;0;0;33;34;2;69;35;24;4;63;0;0;0;0;35;24;4;63;68;58;6;132;0;0;0;0;68;58;6;132;2020
37003;26;30;2;58;0;2;1;3;26;32;3;61;25;20;3;48;0;4;0;4;25;24;3;52;51;50;5;106;0;6;1;7;51;56;6;113;2020
37004;7;6;1;14;0;1;1;2;7;7;2;16;5;6;0;11;0;2;0;2;5;8;0;13;12;12;1;25;0;3;1;4;12;15;2;29;2020
37005;19;14;1;34;0;1;0;1;19;15;1;35;23;9;1;33;0;0;0;0;23;9;1;33;42;23;2;67;0;1;0;1;42;24;2;68;2020
37006;18;35;1;54;0;3;0;3;18;38;1;57;28;23;3;54;3;4;0;7;31;27;3;61;46;58;4;108;3;7;0;10;49;65;4;118;2020
37007;70;135;17;222;0;2;0;2;70;137;17;224;83;101;14;198;0;3;0;3;83;104;14;201;153;236;31;420;0;5;0;5;153;241;31;425;2020
37008;468;1648;389;2505;4;69;12;85;472;1717;401;2590;601;1548;342;2491;4;67;14;85;605;1615;356;2576;1069;3196;731;4996;8;136;26;170;1077;3332;757;5166;2020
37009;48;63;2;113;3;1;0;4;51;64;2;117;47;45;3;95;0;2;0;2;47;47;3;97;95;108;5;208;3;3;0;6;98;111;5;214;2020
37010;130;322;50;502;1;14;7;22;131;336;57;524;149;326;57;532;0;8;7;15;149;334;64;547;279;648;107;1034;1;22;14;37;280;670;121;1071;2020
37011;22;29;3;54;0;0;0;0;22;29;3;54;26;22;3;51;0;1;0;1;26;23;3;52;48;51;6;105;0;1;0;1;48;52;6;106;2020
37012;30;46;4;80;0;1;0;1;30;47;4;81;26;42;2;70;0;1;0;1;26;43;2;71;56;88;6;150;0;2;0;2;56;90;6;152;2020
37013;21;33;1;55;0;0;0;0;21;33;1;55;23;26;2;51;0;0;0;0;23;26;2;51;44;59;3;106;0;0;0;0;44;59;3;106;2020
37014;239;328;35;602;0;3;0;3;239;331;35;605;274;297;25;596;0;7;1;8;274;304;26;604;513;625;60;1198;0;10;1;11;513;635;61;1209;2020
37015;45;56;2;103;3;19;2;24;48;75;4;127;54;41;6;101;7;11;0;18;61;52;6;119;99;97;8;204;10;30;2;42;109;127;10;246;2020
37016;59;233;34;326;0;3;0;3;59;236;34;329;64;224;39;327;0;10;0;10;64;234;39;337;123;457;73;653;0;13;0;13;123;470;73;666;2020
37017;49;79;1;129;1;6;0;7;50;85;1;136;46;50;6;102;0;10;2;12;46;60;8;114;95;129;7;231;1;16;2;19;96;145;9;250;2020
37018;21;45;0;66;0;1;0;1;21;46;0;67;22;18;1;41;0;1;0;1;22;19;1;42;43;63;1;107;0;2;0;2;43;65;1;109;2020
37019;25;47;3;75;0;0;0;0;25;47;3;75;27;37;0;64;0;0;0;0;27;37;0;64;52;84;3;139;0;0;0;0;52;84;3;139;2020
37020;60;183;21;264;1;4;0;5;61;187;21;269;52;138;29;219;0;6;1;7;52;144;30;226;112;321;50;483;1;10;1;12;113;331;51;495;2020
37021;16;17;5;38;0;0;0;0;16;17;5;38;20;12;4;36;0;0;0;0;20;12;4;36;36;29;9;74;0;0;0;0;36;29;9;74;2020
37022;41;86;6;133;0;3;0;3;41;89;6;136;54;61;3;118;0;2;1;3;54;63;4;121;95;147;9;251;0;5;1;6;95;152;10;257;2020
37023;95;755;241;1091;0;20;2;22;95;775;243;1113;102;756;213;1071;1;23;2;26;103;779;215;1097;197;1511;454;2162;1;43;4;48;198;1554;458;2210;2020
37024;14;33;7;54;0;1;0;1;14;34;7;55;15;24;5;44;0;1;0;1;15;25;5;45;29;57;12;98;0;2;0;2;29;59;12;100;2020
37025;41;93;11;145;0;2;0;2;41;95;11;147;39;76;11;126;0;0;0;0;39;76;11;126;80;169;22;271;0;2;0;2;80;171;22;273;2020
37026;39;58;5;102;0;1;0;1;39;59;5;103;49;33;4;86;1;0;0;1;50;33;4;87;88;91;9;188;1;1;0;2;89;92;9;190;2020
37027;27;109;13;149;0;8;1;9;27;117;14;158;31;70;18;119;1;8;1;10;32;78;19;129;58;179;31;268;1;16;2;19;59;195;33;287;2020
37028;38;40;4;82;0;2;0;2;38;42;4;84;30;24;2;56;1;1;0;2;31;25;2;58;68;64;6;138;1;3;0;4;69;67;6;142;2020
37029;45;63;4;112;0;0;0;0;45;63;4;112;35;38;3;76;0;1;0;1;35;39;3;77;80;101;7;188;0;1;0;1;80;102;7;189;2020
37030;19;25;2;46;0;0;0;0;19;25;2;46;16;23;4;43;0;0;0;0;16;23;4;43;35;48;6;89;0;0;0;0;35;48;6;89;2020
37031;59;126;7;192;0;0;0;0;59;126;7;192;59;83;9;151;0;0;0;0;59;83;9;151;118;209;16;343;0;0;0;0;118;209;16;343;2020
37032;67;231;47;345;2;5;0;7;69;236;47;352;71;180;40;291;0;8;0;8;71;188;40;299;138;411;87;636;2;13;0;15;140;424;87;651;2020
37033;8;36;2;46;1;1;0;2;9;37;2;48;12;33;1;46;1;0;0;1;13;33;1;47;20;69;3;92;2;1;0;3;22;70;3;95;2020
37034;12;29;2;43;0;1;0;1;12;30;2;44;14;24;3;41;0;2;1;3;14;26;4;44;26;53;5;84;0;3;1;4;26;56;6;88;2020
37035;34;57;1;92;0;12;3;15;34;69;4;107;29;43;1;73;1;9;4;14;30;52;5;87;63;100;2;165;1;21;7;29;64;121;9;194;2020
37036;14;17;0;31;0;0;0;0;14;17;0;31;13;8;0;21;0;0;0;0;13;8;0;21;27;25;0;52;0;0;0;0;27;25;0;52;2020
37037;25;33;2;60;0;0;0;0;25;33;2;60;17;27;4;48;0;0;0;0;17;27;4;48;42;60;6;108;0;0;0;0;42;60;6;108;2020
37038;105;300;55;460;1;9;6;16;106;309;61;476;121;253;54;428;1;10;2;13;122;263;56;441;226;553;109;888;2;19;8;29;228;572;117;917;2020
37039;58;81;9;148;0;1;0;1;58;82;9;149;63;68;9;140;0;2;0;2;63;70;9;142;121;149;18;288;0;3;0;3;121;152;18;291;2020
37040;51;149;9;209;0;1;0;1;51;150;9;210;56;117;5;178;0;0;0;0;56;117;5;178;107;266;14;387;0;1;0;1;107;267;14;388;2020
37041;16;23;0;39;0;0;0;0;16;23;0;39;14;17;0;31;0;0;0;0;14;17;0;31;30;40;0;70;0;0;0;0;30;40;0;70;2020
37042;11;11;4;26;0;0;0;0;11;11;4;26;8;6;3;17;0;0;0;0;8;6;3;17;19;17;7;43;0;0;0;0;19;17;7;43;2020
37044;84;158;8;250;0;1;0;1;84;159;8;251;88;100;6;194;1;2;0;3;89;102;6;197;172;258;14;444;1;3;0;4;173;261;14;448;2020
37045;8;7;0;15;0;0;0;0;8;7;0;15;7;3;0;10;0;0;0;0;7;3;0;10;15;10;0;25;0;0;0;0;15;10;0;25;2020
37046;1482;3491;704;5677;6;206;41;253;1488;3697;745;5930;2206;3503;665;6374;13;200;42;255;2219;3703;707;6629;3688;6994;1369;12051;19;406;83;508;3707;7400;1452;12559;2020
37047;59;39;8;106;1;9;4;14;60;48;12;120;83;25;2;110;1;10;3;14;84;35;5;124;142;64;10;216;2;19;7;28;144;83;17;244;2020
37049;26;35;1;62;0;0;1;1;26;35;2;63;40;17;2;59;0;2;0;2;40;19;2;61;66;52;3;121;0;2;1;3;66;54;4;124;2020
37050;18;20;1;39;0;0;0;0;18;20;1;39;15;13;1;29;0;0;0;0;15;13;1;29;33;33;2;68;0;0;0;0;33;33;2;68;2020
37051;11;28;4;43;0;0;0;0;11;28;4;43;17;20;2;39;0;1;0;1;17;21;2;40;28;48;6;82;0;1;0;1;28;49;6;83;2020
37052;45;96;10;151;0;0;0;0;45;96;10;151;60;79;16;155;0;0;0;0;60;79;16;155;105;175;26;306;0;0;0;0;105;175;26;306;2020
37054;48;76;15;139;1;1;0;2;49;77;15;141;47;59;6;112;1;4;0;5;48;63;6;117;95;135;21;251;2;5;0;7;97;140;21;258;2020
37055;22;44;0;66;0;6;0;6;22;50;0;72;18;36;2;56;0;3;2;5;18;39;4;61;40;80;2;122;0;9;2;11;40;89;4;133;2020
37056;9;11;3;23;0;1;0;1;9;12;3;24;8;11;8;27;0;4;0;4;8;15;8;31;17;22;11;50;0;5;0;5;17;27;11;55;2020
37057;46;71;6;123;0;0;0;0;46;71;6;123;42;48;12;102;0;0;0;0;42;48;12;102;88;119;18;225;0;0;0;0;88;119;18;225;2020
37058;13;15;0;28;0;0;0;0;13;15;0;28;12;15;0;27;0;0;0;0;12;15;0;27;25;30;0;55;0;0;0;0;25;30;0;55;2020
37059;26;38;2;66;0;0;0;0;26;38;2;66;21;32;5;58;0;0;0;0;21;32;5;58;47;70;7;124;0;0;0;0;47;70;7;124;2020
37060;33;120;18;171;1;12;6;19;34;132;24;190;26;99;15;140;2;14;4;20;28;113;19;160;59;219;33;311;3;26;10;39;62;245;43;350;2020
37061;43;64;2;109;1;1;0;2;44;65;2;111;41;49;4;94;0;0;0;0;41;49;4;94;84;113;6;203;1;1;0;2;85;114;6;205;2020
37062;16;29;1;46;0;0;0;0;16;29;1;46;18;13;1;32;0;0;0;0;18;13;1;32;34;42;2;78;0;0;0;0;34;42;2;78;2020
37063;15;21;1;37;0;0;0;0;15;21;1;37;11;10;2;23;0;0;0;0;11;10;2;23;26;31;3;60;0;0;0;0;26;31;3;60;2020
37065;68;80;5;153;0;0;0;0;68;80;5;153;77;47;2;126;0;0;0;0;77;47;2;126;145;127;7;279;0;0;0;0;145;127;7;279;2020
37067;272;1408;382;2062;6;28;7;41;278;1436;389;2103;274;1430;371;2075;5;55;16;76;279;1485;387;2151;546;2838;753;4137;11;83;23;117;557;2921;776;4254;2020
37068;78;98;9;185;0;3;2;5;78;101;11;190;91;73;13;177;0;3;1;4;91;76;14;181;169;171;22;362;0;6;3;9;169;177;25;371;2020
37069;134;394;83;611;0;13;4;17;134;407;87;628;119;332;58;509;3;25;1;29;122;357;59;538;253;726;141;1120;3;38;5;46;256;764;146;1166;2020
37070;71;212;28;311;0;0;0;0;71;212;28;311;71;170;19;260;0;2;0;2;71;172;19;262;142;382;47;571;0;2;0;2;142;384;47;573;2020
37071;20;25;5;50;0;0;0;0;20;25;5;50;14;21;5;40;1;0;0;1;15;21;5;41;34;46;10;90;1;0;0;1;35;46;10;91;2020
37072;28;51;1;80;0;3;0;3;28;54;1;83;32;34;3;69;0;1;0;1;32;35;3;70;60;85;4;149;0;4;0;4;60;89;4;153;2020
37073;64;238;30;332;0;6;0;6;64;244;30;338;88;219;34;341;0;9;2;11;88;228;36;352;152;457;64;673;0;15;2;17;152;472;66;690;2020
37074;26;49;2;77;0;14;0;14;26;63;2;91;35;28;1;64;0;0;0;0;35;28;1;64;61;77;3;141;0;14;0;14;61;91;3;155;2020
37077;52;95;4;151;0;0;0;0;52;95;4;151;52;46;6;104;0;1;0;1;52;47;6;105;104;141;10;255;0;1;0;1;104;142;10;256;2020
37078;134;262;40;436;2;3;0;5;136;265;40;441;170;215;32;417;0;2;0;2;170;217;32;419;304;477;72;853;2;5;0;7;306;482;72;860;2020
37079;13;40;1;54;0;0;0;0;13;40;1;54;11;11;1;23;0;0;0;0;11;11;1;23;24;51;2;77;0;0;0;0;24;51;2;77;2020
37080;35;85;20;140;0;0;0;0;35;85;20;140;38;68;17;123;0;2;0;2;38;70;17;125;73;153;37;263;0;2;0;2;73;155;37;265;2020
37081;162;284;45;491;0;0;0;0;162;284;45;491;185;243;23;451;2;6;0;8;187;249;23;459;347;527;68;942;2;6;0;8;349;533;68;950;2020
37082;137;256;42;435;1;12;2;15;138;268;44;450;155;184;37;376;0;5;2;7;155;189;39;383;292;440;79;811;1;17;4;22;293;457;83;833;2020
37083;37;64;3;104;0;0;0;0;37;64;3;104;31;49;7;87;0;0;0;0;31;49;7;87;68;113;10;191;0;0;0;0;68;113;10;191;2020
37085;242;2400;902;3544;8;60;11;79;250;2460;913;3623;240;2439;831;3510;12;88;18;118;252;2527;849;3628;482;4839;1733;7054;20;148;29;197;502;4987;1762;7251;2020
37086;17;42;2;61;1;2;0;3;18;44;2;64;17;26;5;48;0;1;0;1;17;27;5;49;34;68;7;109;1;3;0;4;35;71;7;113;2020
37087;56;433;137;626;1;12;0;13;57;445;137;639;51;408;119;578;0;12;2;14;51;420;121;592;107;841;256;1204;1;24;2;27;108;865;258;1231;2020
37088;41;62;6;109;0;1;0;1;41;63;6;110;44;47;3;94;0;2;0;2;44;49;3;96;85;109;9;203;0;3;0;3;85;112;9;206;2020
37089;12;21;0;33;1;0;0;1;13;21;0;34;14;15;0;29;1;0;0;1;15;15;0;30;26;36;0;62;2;0;0;2;28;36;0;64;2020
37090;12;13;1;26;0;0;0;0;12;13;1;26;16;13;4;33;0;0;0;0;16;13;4;33;28;26;5;59;0;0;0;0;28;26;5;59;2020
37091;45;39;4;88;0;1;1;2;45;40;5;90;54;27;6;87;1;5;1;7;55;32;7;94;99;66;10;175;1;6;2;9;100;72;12;184;2020
37092;86;905;367;1358;2;39;10;51;88;944;377;1409;86;881;287;1254;3;46;12;61;89;927;299;1315;172;1786;654;2612;5;85;22;112;177;1871;676;2724;2020
37096;51;68;10;129;0;0;0;0;51;68;10;129;37;44;1;82;0;0;0;0;37;44;1;82;88;112;11;211;0;0;0;0;88;112;11;211;2020
37097;10;16;1;27;0;0;0;0;10;16;1;27;8;6;0;14;0;0;0;0;8;6;0;14;18;22;1;41;0;0;0;0;18;22;1;41;2020
37098;60;84;5;149;0;0;0;0;60;84;5;149;68;71;5;144;0;0;0;0;68;71;5;144;128;155;10;293;0;0;0;0;128;155;10;293;2020
37099;18;16;0;34;0;1;0;1;18;17;0;35;15;13;2;30;0;1;0;1;15;14;2;31;33;29;2;64;0;2;0;2;33;31;2;66;2020
37100;24;12;0;36;0;0;0;0;24;12;0;36;25;9;0;34;0;1;0;1;25;10;0;35;49;21;0;70;0;1;0;1;49;22;0;71;2020
37101;42;35;1;78;0;0;0;0;42;35;1;78;42;15;4;61;0;0;0;0;42;15;4;61;84;50;5;139;0;0;0;0;84;50;5;139;2020
37102;81;112;11;204;0;0;0;0;81;112;11;204;99;83;11;193;0;2;0;2;99;85;11;195;180;195;22;397;0;2;0;2;180;197;22;399;2020
37103;84;140;35;259;0;5;2;7;84;145;37;266;80;108;25;213;0;5;4;9;80;113;29;222;164;248;60;472;0;10;6;16;164;258;66;488;2020
37104;6;4;0;10;0;0;0;0;6;4;0;10;4;7;0;11;0;0;0;0;4;7;0;11;10;11;0;21;0;0;0;0;10;11;0;21;2020
37106;52;79;6;137;0;1;0;1;52;80;6;138;66;47;9;122;1;0;0;1;67;47;9;123;118;126;15;259;1;1;0;2;119;127;15;261;2020
37107;1556;3456;698;5710;9;134;40;183;1565;3590;738;5893;1964;3492;698;6154;12;167;35;214;1976;3659;733;6368;3520;6948;1396;11864;21;301;75;397;3541;7249;1471;12261;2020
37108;23;24;2;49;0;2;0;2;23;26;2;51;23;27;2;52;0;1;0;1;23;28;2;53;46;51;4;101;0;3;0;3;46;54;4;104;2020
37109;34;65;6;105;2;1;0;3;36;66;6;108;37;39;1;77;0;1;0;1;37;40;1;78;71;104;7;182;2;2;0;4;73;106;7;186;2020
37110;19;34;6;59;0;0;0;0;19;34;6;59;21;27;3;51;0;2;0;2;21;29;3;53;40;61;9;110;0;2;0;2;40;63;9;112;2020
37112;34;54;4;92;0;0;0;0;34;54;4;92;31;33;1;65;0;1;0;1;31;34;1;66;65;87;5;157;0;1;0;1;65;88;5;158;2020
37113;58;154;13;225;0;1;0;1;58;155;13;226;81;111;13;205;0;1;0;1;81;112;13;206;139;265;26;430;0;2;0;2;139;267;26;432;2020
37114;18;22;0;40;0;1;0;1;18;23;0;41;12;18;1;31;0;1;0;1;12;19;1;32;30;40;1;71;0;2;0;2;30;42;1;73;2020
37115;28;32;2;62;1;1;0;2;29;33;2;64;25;20;3;48;0;2;0;2;25;22;3;50;53;52;5;110;1;3;0;4;54;55;5;114;2020
37116;11;22;1;34;0;0;0;0;11;22;1;34;12;21;1;34;0;0;0;0;12;21;1;34;23;43;2;68;0;0;0;0;23;43;2;68;2020
37117;106;728;275;1109;1;22;0;23;107;750;275;1132;111;697;215;1023;3;14;0;17;114;711;215;1040;217;1425;490;2132;4;36;0;40;221;1461;490;2172;2020
37118;25;40;3;68;0;3;0;3;25;43;3;71;21;30;2;53;0;0;0;0;21;30;2;53;46;70;5;121;0;3;0;3;46;73;5;124;2020
37119;29;30;2;61;0;0;0;0;29;30;2;61;23;17;3;43;0;0;0;0;23;17;3;43;52;47;5;104;0;0;0;0;52;47;5;104;2020
37120;11;40;3;54;0;1;0;1;11;41;3;55;17;33;6;56;0;0;0;0;17;33;6;56;28;73;9;110;0;1;0;1;28;74;9;111;2020
37121;77;210;35;322;0;2;0;2;77;212;35;324;70;176;35;281;0;0;0;0;70;176;35;281;147;386;70;603;0;2;0;2;147;388;70;605;2020
37122;29;78;13;120;0;0;0;0;29;78;13;120;23;78;14;115;0;0;0;0;23;78;14;115;52;156;27;235;0;0;0;0;52;156;27;235;2020
37123;48;38;2;88;0;1;0;1;48;39;2;89;46;25;0;71;0;0;0;0;46;25;0;71;94;63;2;159;0;1;0;1;94;64;2;160;2020
37124;36;73;5;114;0;1;0;1;36;74;5;115;37;51;4;92;1;2;0;3;38;53;4;95;73;124;9;206;1;3;0;4;74;127;9;210;2020
37125;54;69;5;128;0;1;1;2;54;70;6;130;41;64;3;108;0;2;1;3;41;66;4;111;95;133;8;236;0;3;2;5;95;136;10;241;2020
37126;10;9;0;19;0;0;0;0;10;9;0;19;3;9;0;12;0;1;0;1;3;10;0;13;13;18;0;31;0;1;0;1;13;19;0;32;2020
37127;44;60;10;114;0;1;0;1;44;61;10;115;46;53;7;106;1;3;0;4;47;56;7;110;90;113;17;220;1;4;0;5;91;117;17;225;2020
37128;51;76;10;137;0;0;0;0;51;76;10;137;49;54;9;112;0;1;0;1;49;55;9;113;100;130;19;249;0;1;0;1;100;131;19;250;2020
37129;40;90;3;133;0;1;0;1;40;91;3;134;40;71;5;116;0;1;0;1;40;72;5;117;80;161;8;249;0;2;0;2;80;163;8;251;2020
37130;37;61;4;102;0;2;0;2;37;63;4;104;40;41;4;85;0;1;0;1;40;42;4;86;77;102;8;187;0;3;0;3;77;105;8;190;2020
37131;35;60;2;97;0;3;0;3;35;63;2;100;36;36;0;72;0;5;0;5;36;41;0;77;71;96;2;169;0;8;0;8;71;104;2;177;2020
37132;69;81;10;160;0;3;0;3;69;84;10;163;90;64;9;163;1;2;0;3;91;66;9;166;159;145;19;323;1;5;0;6;160;150;19;329;2020
37133;23;36;0;59;0;0;0;0;23;36;0;59;16;28;1;45;0;0;0;0;16;28;1;45;39;64;1;104;0;0;0;0;39;64;1;104;2020
37134;36;73;4;113;0;0;0;0;36;73;4;113;33;57;2;92;0;0;0;0;33;57;2;92;69;130;6;205;0;0;0;0;69;130;6;205;2020
37135;201;374;65;640;0;13;2;15;201;387;67;655;228;342;49;619;1;9;1;11;229;351;50;630;429;716;114;1259;1;22;3;26;430;738;117;1285;2020
37136;134;176;20;330;1;3;0;4;135;179;20;334;152;156;30;338;0;5;1;6;152;161;31;344;286;332;50;668;1;8;1;10;287;340;51;678;2020
37137;21;26;0;47;0;2;0;2;21;28;0;49;28;14;1;43;0;2;0;2;28;16;1;45;49;40;1;90;0;4;0;4;49;44;1;94;2020
37138;32;85;13;130;0;4;2;6;32;89;15;136;29;79;20;128;0;4;2;6;29;83;22;134;61;164;33;258;0;8;4;12;61;172;37;270;2020
37139;23;65;12;100;0;4;0;4;23;69;12;104;33;64;9;106;0;2;0;2;33;66;9;108;56;129;21;206;0;6;0;6;56;135;21;212;2020
37140;92;209;28;329;35;239;9;283;127;448;37;612;118;199;26;343;22;135;24;181;140;334;50;524;210;408;54;672;57;374;33;464;267;782;87;1136;2020
37141;34;36;4;74;0;1;0;1;34;37;4;75;40;39;3;82;0;0;0;0;40;39;3;82;74;75;7;156;0;1;0;1;74;76;7;157;2020
37142;90;229;53;372;1;3;0;4;91;232;53;376;54;178;42;274;0;3;0;3;54;181;42;277;144;407;95;646;1;6;0;7;145;413;95;653;2020
37143;73;116;16;205;0;1;0;1;73;117;16;206;70;126;25;221;1;0;0;1;71;126;25;222;143;242;41;426;1;1;0;2;144;243;41;428;2020
37144;66;111;11;188;2;4;0;6;68;115;11;194;66;81;16;163;1;3;0;4;67;84;16;167;132;192;27;351;3;7;0;10;135;199;27;361;2020
37145;48;73;7;128;0;5;0;5;48;78;7;133;66;48;9;123;2;6;0;8;68;54;9;131;114;121;16;251;2;11;0;13;116;132;16;264;2020
37146;28;31;4;63;0;1;0;1;28;32;4;64;21;24;3;48;0;0;0;0;21;24;3;48;49;55;7;111;0;1;0;1;49;56;7;112;2020
37147;50;53;5;108;0;1;1;2;50;54;6;110;44;32;3;79;0;1;1;2;44;33;4;81;94;85;8;187;0;2;2;4;94;87;10;191;2020
37148;57;154;13;224;0;3;1;4;57;157;14;228;80;114;7;201;1;7;0;8;81;121;7;209;137;268;20;425;1;10;1;12;138;278;21;437;2020
37149;15;21;0;36;0;1;0;1;15;22;0;37;14;11;0;25;0;0;0;0;14;11;0;25;29;32;0;61;0;1;0;1;29;33;0;62;2020
37150;10;10;0;20;0;0;0;0;10;10;0;20;7;7;1;15;0;0;0;0;7;7;1;15;17;17;1;35;0;0;0;0;17;17;1;35;2020
37151;31;42;1;74;0;1;2;3;31;43;3;77;27;46;3;76;0;1;1;2;27;47;4;78;58;88;4;150;0;2;3;5;58;90;7;155;2020
37152;57;152;19;228;0;1;0;1;57;153;19;229;75;108;17;200;0;1;0;1;75;109;17;201;132;260;36;428;0;2;0;2;132;262;36;430;2020
37154;34;43;7;84;0;0;0;0;34;43;7;84;25;24;4;53;0;0;0;0;25;24;4;53;59;67;11;137;0;0;0;0;59;67;11;137;2020
37155;18;22;1;41;0;1;0;1;18;23;1;42;14;13;5;32;0;1;0;1;14;14;5;33;32;35;6;73;0;2;0;2;32;37;6;75;2020
37156;414;1729;380;2523;3;228;55;286;417;1957;435;2809;520;1680;360;2560;5;190;52;247;525;1870;412;2807;934;3409;740;5083;8;418;107;533;942;3827;847;5616;2020
37157;12;30;0;42;0;0;0;0;12;30;0;42;18;10;0;28;0;0;0;0;18;10;0;28;30;40;0;70;0;0;0;0;30;40;0;70;2020
37158;46;86;3;135;0;0;0;0;46;86;3;135;50;50;8;108;0;1;0;1;50;51;8;109;96;136;11;243;0;1;0;1;96;137;11;244;2020
37159;19;21;0;40;0;0;0;0;19;21;0;40;21;13;0;34;0;0;0;0;21;13;0;34;40;34;0;74;0;0;0;0;40;34;0;74;2020
37160;121;173;16;310;0;7;1;8;121;180;17;318;130;158;15;303;1;9;5;15;131;167;20;318;251;331;31;613;1;16;6;23;252;347;37;636;2020
37161;24;38;3;65;0;4;0;4;24;42;3;69;29;26;3;58;0;2;0;2;29;28;3;60;53;64;6;123;0;6;0;6;53;70;6;129;2020
37162;35;77;4;116;0;0;0;0;35;77;4;116;44;55;6;105;0;0;0;0;44;55;6;105;79;132;10;221;0;0;0;0;79;132;10;221;2020
37163;5;14;2;21;0;0;0;0;5;14;2;21;2;12;2;16;0;0;0;0;2;12;2;16;7;26;4;37;0;0;0;0;7;26;4;37;2020
37164;28;103;30;161;0;1;0;1;28;104;30;162;26;74;24;124;0;2;0;2;26;76;24;126;54;177;54;285;0;3;0;3;54;180;54;288;2020
37165;8;8;0;16;0;0;0;0;8;8;0;16;7;8;1;16;0;1;0;1;7;9;1;17;15;16;1;32;0;1;0;1;15;17;1;33;2020
37166;49;53;5;107;0;3;0;3;49;56;5;110;60;36;3;99;0;1;0;1;60;37;3;100;109;89;8;206;0;4;0;4;109;93;8;210;2020
37167;20;72;8;100;0;2;0;2;20;74;8;102;28;56;12;96;0;0;0;0;28;56;12;96;48;128;20;196;0;2;0;2;48;130;20;198;2020
37168;90;122;11;223;1;14;1;16;91;136;12;239;82;92;9;183;2;12;5;19;84;104;14;202;172;214;20;406;3;26;6;35;175;240;26;441;2020
37169;37;63;4;104;0;2;0;2;37;65;4;106;33;40;0;73;0;2;1;3;33;42;1;76;70;103;4;177;0;4;1;5;70;107;5;182;2020
37170;198;467;59;724;1;33;5;39;199;500;64;763;232;433;79;744;2;32;6;40;234;465;85;784;430;900;138;1468;3;65;11;79;433;965;149;1547;2020
37171;65;141;24;230;1;10;1;12;66;151;25;242;70;131;26;227;2;5;1;8;72;136;27;235;135;272;50;457;3;15;2;20;138;287;52;477;2020
37172;168;298;30;496;0;20;0;20;168;318;30;516;156;228;33;417;2;9;0;11;158;237;33;428;324;526;63;913;2;29;0;31;326;555;63;944;2020
37173;292;407;76;775;1;8;4;13;293;415;80;788;323;389;63;775;0;8;0;8;323;397;63;783;615;796;139;1550;1;16;4;21;616;812;143;1571;2020
37174;180;316;24;520;0;1;0;1;180;317;24;521;230;246;19;495;0;3;0;3;230;249;19;498;410;562;43;1015;0;4;0;4;410;566;43;1019;2020
37175;67;146;17;230;0;1;0;1;67;147;17;231;79;117;14;210;1;4;0;5;80;121;14;215;146;263;31;440;1;5;0;6;147;268;31;446;2020
37176;26;46;6;78;0;0;0;0;26;46;6;78;27;33;3;63;0;1;0;1;27;34;3;64;53;79;9;141;0;1;0;1;53;80;9;142;2020
37177;53;78;7;138;0;0;0;0;53;78;7;138;49;54;4;107;0;0;0;0;49;54;4;107;102;132;11;245;0;0;0;0;102;132;11;245;2020
37178;24;27;0;51;0;0;0;0;24;27;0;51;30;14;0;44;0;1;0;1;30;15;0;45;54;41;0;95;0;1;0;1;54;42;0;96;2020
37179;45;61;2;108;0;1;0;1;45;62;2;109;45;44;3;92;1;3;0;4;46;47;3;96;90;105;5;200;1;4;0;5;91;109;5;205;2020
37180;17;18;0;35;0;1;0;1;17;19;0;36;18;15;0;33;0;1;0;1;18;16;0;34;35;33;0;68;0;2;0;2;35;35;0;70;2020
37181;63;72;6;141;0;1;1;2;63;73;7;143;69;45;5;119;0;0;1;1;69;45;6;120;132;117;11;260;0;1;2;3;132;118;13;263;2020
37182;9;41;0;50;0;1;0;1;9;42;0;51;10;16;1;27;0;1;0;1;10;17;1;28;19;57;1;77;0;2;0;2;19;59;1;79;2020
37183;62;134;14;210;0;1;1;2;62;135;15;212;74;108;11;193;0;2;0;2;74;110;11;195;136;242;25;403;0;3;1;4;136;245;26;407;2020
37184;67;78;1;146;0;0;0;0;67;78;1;146;76;57;5;138;0;1;0;1;76;58;5;139;143;135;6;284;0;1;0;1;143;136;6;285;2020
37185;79;222;36;337;2;4;0;6;81;226;36;343;68;175;37;280;0;5;0;5;68;180;37;285;147;397;73;617;2;9;0;11;149;406;73;628;2020
37186;20;32;0;52;0;0;0;0;20;32;0;52;18;21;1;40;0;0;0;0;18;21;1;40;38;53;1;92;0;0;0;0;38;53;1;92;2020
37187;80;198;28;306;0;4;1;5;80;202;29;311;70;200;37;307;0;4;1;5;70;204;38;312;150;398;65;613;0;8;2;10;150;406;67;623;2020
37188;28;66;1;95;0;1;0;1;28;67;1;96;29;34;2;65;0;2;0;2;29;36;2;67;57;100;3;160;0;3;0;3;57;103;3;163;2020
37189;34;31;2;67;0;0;0;0;34;31;2;67;18;26;1;45;0;0;0;0;18;26;1;45;52;57;3;112;0;0;0;0;52;57;3;112;2020
37190;65;35;2;102;0;0;0;0;65;35;2;102;63;32;1;96;0;0;0;0;63;32;1;96;128;67;3;198;0;0;0;0;128;67;3;198;2020
37191;25;34;1;60;0;0;0;0;25;34;1;60;26;13;2;41;0;0;0;0;26;13;2;41;51;47;3;101;0;0;0;0;51;47;3;101;2020
37192;43;153;34;230;0;1;0;1;43;154;34;231;42;128;36;206;0;3;0;3;42;131;36;209;85;281;70;436;0;4;0;4;85;285;70;440;2020
37193;67;122;12;201;0;7;0;7;67;129;12;208;71;92;9;172;0;5;0;5;71;97;9;177;138;214;21;373;0;12;0;12;138;226;21;385;2020
37194;52;63;7;122;0;12;2;14;52;75;9;136;48;55;12;115;1;15;1;17;49;70;13;132;100;118;19;237;1;27;3;31;101;145;22;268;2020
37195;16;7;0;23;0;0;0;0;16;7;0;23;9;7;0;16;0;0;0;0;9;7;0;16;25;14;0;39;0;0;0;0;25;14;0;39;2020
37196;19;14;0;33;0;1;0;1;19;15;0;34;22;9;0;31;0;0;0;0;22;9;0;31;41;23;0;64;0;1;0;1;41;24;0;65;2020
37197;23;29;0;52;0;1;0;1;23;30;0;53;20;16;1;37;0;3;0;3;20;19;1;40;43;45;1;89;0;4;0;4;43;49;1;93;2020
37198;24;70;11;105;0;1;2;3;24;71;13;108;36;72;7;115;1;2;0;3;37;74;7;118;60;142;18;220;1;3;2;6;61;145;20;226;2020
37199;20;57;1;78;0;0;0;0;20;57;1;78;28;28;4;60;0;0;0;0;28;28;4;60;48;85;5;138;0;0;0;0;48;85;5;138;2020
37200;31;77;8;116;1;1;0;2;32;78;8;118;23;57;6;86;0;1;0;1;23;58;6;87;54;134;14;202;1;2;0;3;55;136;14;205;2020
37201;58;73;8;139;0;1;0;1;58;74;8;140;47;65;9;121;0;2;0;2;47;67;9;123;105;138;17;260;0;3;0;3;105;141;17;263;2020
37202;66;506;121;693;0;3;0;3;66;509;121;696;58;425;130;613;1;16;0;17;59;441;130;630;124;931;251;1306;1;19;0;20;125;950;251;1326;2020
37203;23;58;0;81;0;2;0;2;23;60;0;83;36;27;3;66;0;2;0;2;36;29;3;68;59;85;3;147;0;4;0;4;59;89;3;151;2020
37204;57;70;5;132;0;0;0;0;57;70;5;132;56;58;6;120;0;0;0;0;56;58;6;120;113;128;11;252;0;0;0;0;113;128;11;252;2020
37205;36;81;4;121;0;2;1;3;36;83;5;124;34;60;7;101;0;1;0;1;34;61;7;102;70;141;11;222;0;3;1;4;70;144;12;226;2020
37206;15;34;0;49;0;3;1;4;15;37;1;53;16;23;1;40;0;3;0;3;16;26;1;43;31;57;1;89;0;6;1;7;31;63;2;96;2020
37207;21;170;53;244;1;9;1;11;22;179;54;255;15;133;39;187;0;12;5;17;15;145;44;204;36;303;92;431;1;21;6;28;37;324;98;459;2020
37208;22;23;1;46;0;0;0;0;22;23;1;46;15;11;0;26;0;0;0;0;15;11;0;26;37;34;1;72;0;0;0;0;37;34;1;72;2020
37209;50;182;27;259;2;7;1;10;52;189;28;269;53;152;22;227;1;10;0;11;54;162;22;238;103;334;49;486;3;17;1;21;106;351;50;507;2020
37211;48;63;3;114;0;3;0;3;48;66;3;117;48;43;3;94;0;1;0;1;48;44;3;95;96;106;6;208;0;4;0;4;96;110;6;212;2020
37212;19;40;3;62;0;1;1;2;19;41;4;64;17;31;5;53;0;2;0;2;17;33;5;55;36;71;8;115;0;3;1;4;36;74;9;119;2020
37213;16;32;1;49;0;2;0;2;16;34;1;51;14;20;1;35;0;0;0;0;14;20;1;35;30;52;2;84;0;2;0;2;30;54;2;86;2020
37214;26;33;3;62;0;2;0;2;26;35;3;64;28;24;4;56;0;2;1;3;28;26;5;59;54;57;7;118;0;4;1;5;54;61;8;123;2020
37215;27;55;5;87;0;2;0;2;27;57;5;89;27;24;11;62;1;3;0;4;28;27;11;66;54;79;16;149;1;5;0;6;55;84;16;155;2020
37216;64;90;16;170;0;0;0;0;64;90;16;170;60;78;9;147;0;0;0;0;60;78;9;147;124;168;25;317;0;0;0;0;124;168;25;317;2020
37217;11;15;1;27;0;0;0;0;11;15;1;27;21;11;0;32;0;0;0;0;21;11;0;32;32;26;1;59;0;0;0;0;32;26;1;59;2020
37218;19;12;0;31;0;1;0;1;19;13;0;32;12;7;0;19;0;1;0;1;12;8;0;20;31;19;0;50;0;2;0;2;31;21;0;52;2020
37219;31;53;1;85;0;0;0;0;31;53;1;85;43;37;3;83;0;0;0;0;43;37;3;83;74;90;4;168;0;0;0;0;74;90;4;168;2020
37221;84;120;10;214;2;7;0;9;86;127;10;223;91;89;12;192;1;4;2;7;92;93;14;199;175;209;22;406;3;11;2;16;178;220;24;422;2020
37222;10;37;3;50;0;0;0;0;10;37;3;50;11;20;2;33;0;0;0;0;11;20;2;33;21;57;5;83;0;0;0;0;21;57;5;83;2020
37223;26;29;2;57;0;2;0;2;26;31;2;59;32;21;0;53;0;1;0;1;32;22;0;54;58;50;2;110;0;3;0;3;58;53;2;113;2020
37224;41;58;4;103;0;0;0;0;41;58;4;103;44;46;4;94;0;0;0;0;44;46;4;94;85;104;8;197;0;0;0;0;85;104;8;197;2020
37225;18;33;6;57;0;0;0;0;18;33;6;57;18;28;3;49;0;0;0;0;18;28;3;49;36;61;9;106;0;0;0;0;36;61;9;106;2020
37226;31;47;3;81;0;1;0;1;31;48;3;82;45;35;2;82;0;4;0;4;45;39;2;86;76;82;5;163;0;5;0;5;76;87;5;168;2020
37228;64;108;3;175;0;1;0;1;64;109;3;176;69;85;1;155;1;1;0;2;70;86;1;157;133;193;4;330;1;2;0;3;134;195;4;333;2020
37229;26;60;7;93;0;0;0;0;26;60;7;93;22;31;7;60;0;2;0;2;22;33;7;62;48;91;14;153;0;2;0;2;48;93;14;155;2020
37230;22;91;16;129;0;0;1;1;22;91;17;130;31;72;16;119;0;3;0;3;31;75;16;122;53;163;32;248;0;3;1;4;53;166;33;252;2020
37231;52;71;11;134;0;0;0;0;52;71;11;134;56;52;4;112;0;1;0;1;56;53;4;113;108;123;15;246;0;1;0;1;108;124;15;247;2020
37232;83;135;8;226;0;0;0;0;83;135;8;226;64;88;5;157;0;0;0;0;64;88;5;157;147;223;13;383;0;0;0;0;147;223;13;383;2020
37233;13;21;0;34;0;2;0;2;13;23;0;36;11;9;0;20;0;0;0;0;11;9;0;20;24;30;0;54;0;2;0;2;24;32;0;56;2020
37234;62;86;9;157;0;2;0;2;62;88;9;159;84;70;8;162;0;3;0;3;84;73;8;165;146;156;17;319;0;5;0;5;146;161;17;324;2020
37235;34;83;6;123;0;0;1;1;34;83;7;124;38;60;7;105;0;1;1;2;38;61;8;107;72;143;13;228;0;1;2;3;72;144;15;231;2020
37236;31;42;2;75;1;3;1;5;32;45;3;80;29;19;3;51;0;1;0;1;29;20;3;52;60;61;5;126;1;4;1;6;61;65;6;132;2020
37237;47;120;13;180;0;15;1;16;47;135;14;196;47;71;15;133;0;11;6;17;47;82;21;150;94;191;28;313;0;26;7;33;94;217;35;346;2020
37238;14;47;7;68;0;0;0;0;14;47;7;68;14;38;9;61;0;1;1;2;14;39;10;63;28;85;16;129;0;1;1;2;28;86;17;131;2020
37239;37;72;2;111;0;0;0;0;37;72;2;111;38;58;3;99;0;0;0;0;38;58;3;99;75;130;5;210;0;0;0;0;75;130;5;210;2020
37240;97;434;90;621;1;22;2;25;98;456;92;646;80;365;91;536;3;20;5;28;83;385;96;564;177;799;181;1157;4;42;7;53;181;841;188;1210;2020
37241;34;67;2;103;0;0;0;0;34;67;2;103;24;42;3;69;0;0;0;0;24;42;3;69;58;109;5;172;0;0;0;0;58;109;5;172;2020
37242;21;27;1;49;0;0;0;0;21;27;1;49;19;13;0;32;0;0;0;0;19;13;0;32;40;40;1;81;0;0;0;0;40;40;1;81;2020
37243;16;25;1;42;0;1;0;1;16;26;1;43;24;19;1;44;0;1;0;1;24;20;1;45;40;44;2;86;0;2;0;2;40;46;2;88;2020
37244;21;43;7;71;0;1;0;1;21;44;7;72;24;40;5;69;0;0;0;0;24;40;5;69;45;83;12;140;0;1;0;1;45;84;12;141;2020
37245;70;91;7;168;2;1;0;3;72;92;7;171;96;67;6;169;0;4;0;4;96;71;6;173;166;158;13;337;2;5;0;7;168;163;13;344;2020
37246;675;1869;411;2955;1;62;13;76;676;1931;424;3031;762;1884;388;3034;4;77;15;96;766;1961;403;3130;1437;3753;799;5989;5;139;28;172;1442;3892;827;6161;2020
37247;29;65;5;99;0;0;0;0;29;65;5;99;24;53;5;82;0;0;0;0;24;53;5;82;53;118;10;181;0;0;0;0;53;118;10;181;2020
37248;23;55;4;82;1;3;0;4;24;58;4;86;25;47;2;74;0;2;1;3;25;49;3;77;48;102;6;156;1;5;1;7;49;107;7;163;2020
37249;10;13;0;23;0;0;0;0;10;13;0;23;8;5;0;13;0;0;0;0;8;5;0;13;18;18;0;36;0;0;0;0;18;18;0;36;2020
37250;71;101;6;178;0;1;0;1;71;102;6;179;84;61;7;152;0;1;0;1;84;62;7;153;155;162;13;330;0;2;0;2;155;164;13;332;2020
37251;15;36;5;56;0;0;0;0;15;36;5;56;17;38;5;60;0;1;0;1;17;39;5;61;32;74;10;116;0;1;0;1;32;75;10;117;2020
37252;34;21;4;59;0;0;1;1;34;21;5;60;31;13;0;44;0;1;0;1;31;14;0;45;65;34;4;103;0;1;1;2;65;35;5;105;2020
37253;20;54;8;82;0;3;0;3;20;57;8;85;17;44;10;71;0;1;0;1;17;45;10;72;37;98;18;153;0;4;0;4;37;102;18;157;2020
37254;32;67;5;104;0;1;0;1;32;68;5;105;36;40;5;81;0;1;0;1;36;41;5;82;68;107;10;185;0;2;0;2;68;109;10;187;2020
37255;6;24;0;30;0;1;1;2;6;25;1;32;9;6;1;16;0;1;0;1;9;7;1;17;15;30;1;46;0;2;1;3;15;32;2;49;2020
37256;48;59;6;113;0;2;0;2;48;61;6;115;38;43;1;82;0;2;0;2;38;45;1;84;86;102;7;195;0;4;0;4;86;106;7;199;2020
37257;7;18;3;28;0;0;0;0;7;18;3;28;11;12;1;24;0;0;0;0;11;12;1;24;18;30;4;52;0;0;0;0;18;30;4;52;2020
37258;40;35;3;78;2;7;1;10;42;42;4;88;34;26;2;62;0;4;0;4;34;30;2;66;74;61;5;140;2;11;1;14;76;72;6;154;2020
37259;9;13;0;22;0;0;0;0;9;13;0;22;8;7;0;15;0;0;0;0;8;7;0;15;17;20;0;37;0;0;0;0;17;20;0;37;2020
37260;36;37;5;78;0;0;0;0;36;37;5;78;34;28;8;70;0;0;0;0;34;28;8;70;70;65;13;148;0;0;0;0;70;65;13;148;2020
37261;40;81;3;124;0;0;1;1;40;81;4;125;49;38;7;94;0;2;0;2;49;40;7;96;89;119;10;218;0;2;1;3;89;121;11;221;2020
37262;14;24;6;44;0;0;0;0;14;24;6;44;14;17;3;34;0;1;0;1;14;18;3;35;28;41;9;78;0;1;0;1;28;42;9;79;2020
37263;67;99;10;176;0;1;0;1;67;100;10;177;92;86;15;193;0;3;0;3;92;89;15;196;159;185;25;369;0;4;0;4;159;189;25;373;2020
37264;14;13;1;28;0;0;0;0;14;13;1;28;16;13;1;30;1;0;0;1;17;13;1;31;30;26;2;58;1;0;0;1;31;26;2;59;2020
37265;34;73;2;109;0;0;0;0;34;73;2;109;39;59;4;102;1;1;0;2;40;60;4;104;73;132;6;211;1;1;0;2;74;133;6;213;2020
37266;14;25;1;40;0;1;0;1;14;26;1;41;14;14;2;30;0;0;0;0;14;14;2;30;28;39;3;70;0;1;0;1;28;40;3;71;2020
37267;32;65;3;100;0;0;0;0;32;65;3;100;31;48;7;86;0;0;0;0;31;48;7;86;63;113;10;186;0;0;0;0;63;113;10;186;2020
37268;24;37;1;62;0;0;0;0;24;37;1;62;25;16;2;43;0;0;0;0;25;16;2;43;49;53;3;105;0;0;0;0;49;53;3;105;2020
37269;84;143;27;254;2;4;1;7;86;147;28;261;81;110;10;201;2;6;1;9;83;116;11;210;165;253;37;455;4;10;2;16;169;263;39;471;2020
37270;26;66;9;101;0;3;1;4;26;69;10;105;33;59;3;95;0;2;0;2;33;61;3;97;59;125;12;196;0;5;1;6;59;130;13;202;2020
37271;76;117;5;198;0;4;0;4;76;121;5;202;64;89;7;160;1;1;0;2;65;90;7;162;140;206;12;358;1;5;0;6;141;211;12;364;2020
37272;24;53;10;87;0;2;0;2;24;55;10;89;24;30;7;61;0;1;0;1;24;31;7;62;48;83;17;148;0;3;0;3;48;86;17;151;2020
37273;30;22;2;54;0;1;0;1;30;23;2;55;21;16;1;38;0;1;0;1;21;17;1;39;51;38;3;92;0;2;0;2;51;40;3;94;2020
37274;15736;37149;8726;61611;121;3358;571;4050;15857;40507;9297;65661;23843;42158;8307;74308;189;4064;603;4856;24032;46222;8910;79164;39579;79307;17033;135919;310;7422;1174;8906;39889;86729;18207;144825;2020
37275;27;27;2;56;0;1;0;1;27;28;2;57;31;9;1;41;0;1;0;1;31;10;1;42;58;36;3;97;0;2;0;2;58;38;3;99;2020
37276;36;36;2;74;0;0;0;0;36;36;2;74;27;23;1;51;0;0;0;0;27;23;1;51;63;59;3;125;0;0;0;0;63;59;3;125;2020
37277;15;21;0;36;0;1;0;1;15;22;0;37;19;18;0;37;0;0;0;0;19;18;0;37;34;39;0;73;0;1;0;1;34;40;0;74;2020
37278;55;386;83;524;2;12;2;16;57;398;85;540;44;325;86;455;1;29;6;36;45;354;92;491;99;711;169;979;3;41;8;52;102;752;177;1031;2020
37279;133;245;36;414;1;7;2;10;134;252;38;424;136;199;19;354;1;3;0;4;137;202;19;358;269;444;55;768;2;10;2;14;271;454;57;782;2020
37280;17;19;4;40;0;0;0;0;17;19;4;40;15;18;3;36;0;0;0;0;15;18;3;36;32;37;7;76;0;0;0;0;32;37;7;76;2020
37281;7;16;0;23;0;0;0;0;7;16;0;23;9;7;0;16;0;0;0;0;9;7;0;16;16;23;0;39;0;0;0;0;16;23;0;39;2020
37282;40;63;9;112;0;4;0;4;40;67;9;116;43;58;5;106;0;5;0;5;43;63;5;111;83;121;14;218;0;9;0;9;83;130;14;227;2020
37283;23;45;2;70;0;1;0;1;23;46;2;71;28;21;1;50;0;3;0;3;28;24;1;53;51;66;3;120;0;4;0;4;51;70;3;124;2020
37284;62;122;11;195;0;2;0;2;62;124;11;197;62;74;8;144;1;3;0;4;63;77;8;148;124;196;19;339;1;5;0;6;125;201;19;345;2020
37285;99;90;6;195;1;2;0;3;100;92;6;198;94;68;9;171;0;8;0;8;94;76;9;179;193;158;15;366;1;10;0;11;194;168;15;377;2020
37286;36;80;2;118;1;1;0;2;37;81;2;120;43;53;7;103;0;2;0;2;43;55;7;105;79;133;9;221;1;3;0;4;80;136;9;225;2020
37287;50;97;13;160;0;3;0;3;50;100;13;163;49;91;13;153;0;2;0;2;49;93;13;155;99;188;26;313;0;5;0;5;99;193;26;318;2020
37288;33;127;24;184;0;3;2;5;33;130;26;189;38;90;22;150;0;5;1;6;38;95;23;156;71;217;46;334;0;8;3;11;71;225;49;345;2020
37289;45;60;2;107;0;2;0;2;45;62;2;109;56;45;4;105;1;1;0;2;57;46;4;107;101;105;6;212;1;3;0;4;102;108;6;216;2020
37290;29;44;6;79;0;2;0;2;29;46;6;81;20;39;1;60;0;1;0;1;20;40;1;61;49;83;7;139;0;3;0;3;49;86;7;142;2020
37291;43;107;8;158;1;0;0;1;44;107;8;159;45;69;6;120;0;2;0;2;45;71;6;122;88;176;14;278;1;2;0;3;89;178;14;281;2020
37292;11;40;2;53;0;0;0;0;11;40;2;53;15;23;0;38;0;0;0;0;15;23;0;38;26;63;2;91;0;0;0;0;26;63;2;91;2020
37293;24;27;1;52;0;1;0;1;24;28;1;53;25;22;0;47;0;0;0;0;25;22;0;47;49;49;1;99;0;1;0;1;49;50;1;100;2020
37294;1034;4789;1120;6943;18;204;53;275;1052;4993;1173;7218;1202;4973;1008;7183;30;249;50;329;1232;5222;1058;7512;2236;9762;2128;14126;48;453;103;604;2284;10215;2231;14730;2020
37296;68;85;3;156;1;1;0;2;69;86;3;158;81;61;4;146;0;5;0;5;81;66;4;151;149;146;7;302;1;6;0;7;150;152;7;309;2020
37297;63;142;15;220;0;10;1;11;63;152;16;231;69;129;17;215;0;9;1;10;69;138;18;225;132;271;32;435;0;19;2;21;132;290;34;456;2020
37298;41;55;3;99;0;1;0;1;41;56;3;100;40;27;5;72;0;1;0;1;40;28;5;73;81;82;8;171;0;2;0;2;81;84;8;173;2020
37299;44;81;7;132;0;3;0;3;44;84;7;135;42;67;9;118;0;0;0;0;42;67;9;118;86;148;16;250;0;3;0;3;86;151;16;253;2020
37300;99;186;24;309;0;2;1;3;99;188;25;312;104;160;21;285;0;8;0;8;104;168;21;293;203;346;45;594;0;10;1;11;203;356;46;605;2020
37301;18;31;5;54;0;0;0;0;18;31;5;54;14;23;3;40;0;0;0;0;14;23;3;40;32;54;8;94;0;0;0;0;32;54;8;94;2020
37302;46;83;6;135;0;4;0;4;46;87;6;139;71;58;9;138;0;3;0;3;71;61;9;141;117;141;15;273;0;7;0;7;117;148;15;280;2020
37303;42;51;5;98;1;1;0;2;43;52;5;100;38;42;3;83;0;0;0;0;38;42;3;83;80;93;8;181;1;1;0;2;81;94;8;183;2020
37304;46;40;4;90;0;2;0;2;46;42;4;92;42;24;5;71;0;1;0;1;42;25;5;72;88;64;9;161;0;3;0;3;88;67;9;164;2020
37305;47;62;6;115;0;0;1;1;47;62;7;116;44;61;5;110;1;2;3;6;45;63;8;116;91;123;11;225;1;2;4;7;92;125;15;232;2020
37306;58;71;7;136;1;1;0;2;59;72;7;138;61;42;9;112;0;1;0;1;61;43;9;113;119;113;16;248;1;2;0;3;120;115;16;251;2020
37307;28;48;3;79;0;0;0;0;28;48;3;79;34;36;4;74;0;0;0;0;34;36;4;74;62;84;7;153;0;0;0;0;62;84;7;153;2020
37309;10;11;0;21;0;0;0;0;10;11;0;21;7;10;2;19;0;0;0;0;7;10;2;19;17;21;2;40;0;0;0;0;17;21;2;40;2020
37310;38;47;8;93;0;0;0;0;38;47;8;93;61;36;3;100;0;0;0;0;61;36;3;100;99;83;11;193;0;0;0;0;99;83;11;193;2020
37311;41;55;7;103;0;0;0;0;41;55;7;103;53;44;3;100;0;0;0;0;53;44;3;100;94;99;10;203;0;0;0;0;94;99;10;203;2020
37312;43;80;9;132;0;3;0;3;43;83;9;135;48;62;8;118;0;0;0;0;48;62;8;118;91;142;17;250;0;3;0;3;91;145;17;253;2020
37313;103;180;13;296;0;1;0;1;103;181;13;297;98;147;15;260;0;0;0;0;98;147;15;260;201;327;28;556;0;1;0;1;201;328;28;557;2020
37314;13;34;6;53;0;3;1;4;13;37;7;57;12;20;9;41;0;3;2;5;12;23;11;46;25;54;15;94;0;6;3;9;25;60;18;103;2020
37315;21;25;0;46;0;0;0;0;21;25;0;46;22;16;0;38;0;0;0;0;22;16;0;38;43;41;0;84;0;0;0;0;43;41;0;84;2020
37316;119;254;17;390;0;5;2;7;119;259;19;397;145;204;30;379;0;7;1;8;145;211;31;387;264;458;47;769;0;12;3;15;264;470;50;784;2020
37317;63;92;8;163;0;0;0;0;63;92;8;163;67;70;2;139;0;0;0;0;67;70;2;139;130;162;10;302;0;0;0;0;130;162;10;302;2020
37318;34;84;2;120;0;2;0;2;34;86;2;122;27;49;3;79;0;0;0;0;27;49;3;79;61;133;5;199;0;2;0;2;61;135;5;201;2020
37319;13;31;2;46;0;0;0;0;13;31;2;46;14;25;1;40;0;0;0;0;14;25;1;40;27;56;3;86;0;0;0;0;27;56;3;86;2020
37320;21;24;0;45;0;3;1;4;21;27;1;49;22;15;2;39;0;1;0;1;22;16;2;40;43;39;2;84;0;4;1;5;43;43;3;89;2020
37321;30;42;0;72;0;0;0;0;30;42;0;72;34;31;0;65;0;0;0;0;34;31;0;65;64;73;0;137;0;0;0;0;64;73;0;137;2020
37322;251;1007;168;1426;7;77;8;92;258;1084;176;1518;251;995;196;1442;6;63;12;81;257;1058;208;1523;502;2002;364;2868;13;140;20;173;515;2142;384;3041;2020
37323;78;180;19;277;0;4;1;5;78;184;20;282;79;136;21;236;0;3;0;3;79;139;21;239;157;316;40;513;0;7;1;8;157;323;41;521;2020
37324;81;100;4;185;0;0;0;0;81;100;4;185;79;70;6;155;0;0;0;0;79;70;6;155;160;170;10;340;0;0;0;0;160;170;10;340;2020
37325;21;31;1;53;0;0;0;0;21;31;1;53;23;16;2;41;0;0;0;0;23;16;2;41;44;47;3;94;0;0;0;0;44;47;3;94;2020
37327;30;64;2;96;0;0;0;0;30;64;2;96;29;58;4;91;0;0;0;0;29;58;4;91;59;122;6;187;0;0;0;0;59;122;6;187;2020
37328;32;43;7;82;0;2;0;2;32;45;7;84;44;37;8;89;0;4;0;4;44;41;8;93;76;80;15;171;0;6;0;6;76;86;15;177;2020
37329;7;14;1;22;0;0;0;0;7;14;1;22;5;13;0;18;0;1;0;1;5;14;0;19;12;27;1;40;0;1;0;1;12;28;1;41;2020
37330;62;98;11;171;0;1;1;2;62;99;12;173;72;83;6;161;0;1;2;3;72;84;8;164;134;181;17;332;0;2;3;5;134;183;20;337;2020
37331;49;56;2;107;1;0;0;1;50;56;2;108;40;37;3;80;0;1;0;1;40;38;3;81;89;93;5;187;1;1;0;2;90;94;5;189;2020
37332;14;23;2;39;0;0;0;0;14;23;2;39;18;11;3;32;0;2;0;2;18;13;3;34;32;34;5;71;0;2;0;2;32;36;5;73;2020
37333;38;80;6;124;0;0;0;0;38;80;6;124;29;51;11;91;0;1;0;1;29;52;11;92;67;131;17;215;0;1;0;1;67;132;17;216;2020
37334;13;24;0;37;0;0;0;0;13;24;0;37;16;12;2;30;0;0;0;0;16;12;2;30;29;36;2;67;0;0;0;0;29;36;2;67;2020
37335;61;132;11;204;0;1;0;1;61;133;11;205;70;113;16;199;1;1;0;2;71;114;16;201;131;245;27;403;1;2;0;3;132;247;27;406;2020
37336;10;27;4;41;0;0;0;0;10;27;4;41;8;12;3;23;0;0;0;0;8;12;3;23;18;39;7;64;0;0;0;0;18;39;7;64;2020
37337;22;48;5;75;0;1;0;1;22;49;5;76;25;42;1;68;0;0;0;0;25;42;1;68;47;90;6;143;0;1;0;1;47;91;6;144;2020
37338;13;29;3;45;0;1;0;1;13;30;3;46;12;21;12;45;0;4;0;4;12;25;12;49;25;50;15;90;0;5;0;5;25;55;15;95;2020
37339;66;97;7;170;0;0;0;0;66;97;7;170;64;60;8;132;0;0;0;0;64;60;8;132;130;157;15;302;0;0;0;0;130;157;15;302;2020
37340;28;48;2;78;0;1;0;1;28;49;2;79;41;20;0;61;0;1;0;1;41;21;0;62;69;68;2;139;0;2;0;2;69;70;2;141;2020
37341;10;11;1;22;0;10;1;11;10;21;2;33;10;13;2;25;0;5;2;7;10;18;4;32;20;24;3;47;0;15;3;18;20;39;6;65;2020
37342;37;90;17;144;2;1;0;3;39;91;17;147;35;88;7;130;1;2;0;3;36;90;7;133;72;178;24;274;3;3;0;6;75;181;24;280;2020
37343;5;26;4;35;0;0;0;0;5;26;4;35;12;23;2;37;0;0;0;0;12;23;2;37;17;49;6;72;0;0;0;0;17;49;6;72;2020
37344;35;76;7;118;0;2;0;2;35;78;7;120;47;61;9;117;0;5;0;5;47;66;9;122;82;137;16;235;0;7;0;7;82;144;16;242;2020
37345;34;50;4;88;0;5;1;6;34;55;5;94;38;27;3;68;1;4;3;8;39;31;6;76;72;77;7;156;1;9;4;14;73;86;11;170;2020
37346;40;79;14;133;0;4;2;6;40;83;16;139;53;76;9;138;0;5;1;6;53;81;10;144;93;155;23;271;0;9;3;12;93;164;26;283;2020
37347;53;202;29;284;0;4;0;4;53;206;29;288;48;151;27;226;1;5;2;8;49;156;29;234;101;353;56;510;1;9;2;12;102;362;58;522;2020
37348;20;36;2;58;0;0;0;0;20;36;2;58;20;25;2;47;0;0;0;0;20;25;2;47;40;61;4;105;0;0;0;0;40;61;4;105;2020
37349;20;29;1;50;0;0;2;2;20;29;3;52;22;28;1;51;0;1;0;1;22;29;1;52;42;57;2;101;0;1;2;3;42;58;4;104;2020
37350;99;94;11;204;0;4;0;4;99;98;11;208;107;98;11;216;1;3;0;4;108;101;11;220;206;192;22;420;1;7;0;8;207;199;22;428;2020
37351;60;76;2;138;0;0;0;0;60;76;2;138;61;65;7;133;0;0;0;0;61;65;7;133;121;141;9;271;0;0;0;0;121;141;9;271;2020
37352;30;91;8;129;0;2;0;2;30;93;8;131;26;61;7;94;0;1;1;2;26;62;8;96;56;152;15;223;0;3;1;4;56;155;16;227;2020
37353;21;49;2;72;0;0;0;0;21;49;2;72;24;28;3;55;0;2;0;2;24;30;3;57;45;77;5;127;0;2;0;2;45;79;5;129;2020
37354;400;2457;692;3549;5;59;12;76;405;2516;704;3625;387;2450;637;3474;8;93;12;113;395;2543;649;3587;787;4907;1329;7023;13;152;24;189;800;5059;1353;7212;2020
37355;34;45;0;79;0;1;1;2;34;46;1;81;42;30;3;75;0;4;3;7;42;34;6;82;76;75;3;154;0;5;4;9;76;80;7;163;2020
37356;14;30;0;44;0;4;3;7;14;34;3;51;12;23;1;36;1;2;1;4;13;25;2;40;26;53;1;80;1;6;4;11;27;59;5;91;2020
37357;64;68;5;137;0;2;0;2;64;70;5;139;64;52;9;125;0;0;0;0;64;52;9;125;128;120;14;262;0;2;0;2;128;122;14;264;2020
37358;38;54;3;95;0;35;0;35;38;89;3;130;33;36;3;72;0;0;0;0;33;36;3;72;71;90;6;167;0;35;0;35;71;125;6;202;2020
37359;37;51;2;90;0;1;0;1;37;52;2;91;48;28;2;78;1;4;0;5;49;32;2;83;85;79;4;168;1;5;0;6;86;84;4;174;2020
37360;32;75;6;113;0;0;0;0;32;75;6;113;40;57;5;102;0;2;0;2;40;59;5;104;72;132;11;215;0;2;0;2;72;134;11;217;2020
37361;23;23;3;49;0;0;0;0;23;23;3;49;20;17;2;39;0;0;0;0;20;17;2;39;43;40;5;88;0;0;0;0;43;40;5;88;2020
37362;324;2097;646;3067;6;71;14;91;330;2168;660;3158;319;2156;632;3107;1;88;15;104;320;2244;647;3211;643;4253;1278;6174;7;159;29;195;650;4412;1307;6369;2020
37363;19;28;1;48;1;0;0;1;20;28;1;49;31;25;3;59;1;0;0;1;32;25;3;60;50;53;4;107;2;0;0;2;52;53;4;109;2020
37364;171;221;17;409;1;6;0;7;172;227;17;416;187;166;16;369;1;6;0;7;188;172;16;376;358;387;33;778;2;12;0;14;360;399;33;792;2020
37365;31;61;6;98;1;1;1;3;32;62;7;101;32;38;4;74;0;3;0;3;32;41;4;77;63;99;10;172;1;4;1;6;64;103;11;178;2020
37366;9;18;0;27;0;0;0;0;9;18;0;27;9;3;0;12;0;0;0;0;9;3;0;12;18;21;0;39;0;0;0;0;18;21;0;39;2020
37367;48;49;1;98;0;2;0;2;48;51;1;100;45;35;3;83;0;0;0;0;45;35;3;83;93;84;4;181;0;2;0;2;93;86;4;183;2020
37368;2;4;0;6;0;0;0;0;2;4;0;6;4;7;5;16;0;0;0;0;4;7;5;16;6;11;5;22;0;0;0;0;6;11;5;22;2020
37369;16;57;5;78;0;0;0;0;16;57;5;78;18;32;6;56;0;2;0;2;18;34;6;58;34;89;11;134;0;2;0;2;34;91;11;136;2020
37370;64;118;2;184;1;4;2;7;65;122;4;191;55;78;3;136;0;3;1;4;55;81;4;140;119;196;5;320;1;7;3;11;120;203;8;331;2020
37371;60;73;6;139;1;0;0;1;61;73;6;140;56;54;3;113;2;1;0;3;58;55;3;116;116;127;9;252;3;1;0;4;119;128;9;256;2020
37372;26;50;3;79;0;0;0;0;26;50;3;79;35;26;3;64;0;1;0;1;35;27;3;65;61;76;6;143;0;1;0;1;61;77;6;144;2020
37373;126;242;20;388;1;4;2;7;127;246;22;395;159;170;17;346;0;6;1;7;159;176;18;353;285;412;37;734;1;10;3;14;286;422;40;748;2020
37374;156;439;79;674;3;13;3;19;159;452;82;693;169;384;76;629;3;16;4;23;172;400;80;652;325;823;155;1303;6;29;7;42;331;852;162;1345;2020
37375;119;224;31;374;1;8;0;9;120;232;31;383;130;207;32;369;0;11;0;11;130;218;32;380;249;431;63;743;1;19;0;20;250;450;63;763;2020
37376;293;727;136;1156;1;23;5;29;294;750;141;1185;346;763;118;1227;1;26;6;33;347;789;124;1260;639;1490;254;2383;2;49;11;62;641;1539;265;2445;2020
37377;42;72;5;119;0;0;0;0;42;72;5;119;51;49;10;110;0;1;0;1;51;50;10;111;93;121;15;229;0;1;0;1;93;122;15;230;2020
37378;25;25;0;50;0;0;0;0;25;25;0;50;25;10;0;35;0;0;0;0;25;10;0;35;50;35;0;85;0;0;0;0;50;35;0;85;2020
37379;20;82;12;114;0;0;0;0;20;82;12;114;12;56;13;81;0;0;0;0;12;56;13;81;32;138;25;195;0;0;0;0;32;138;25;195;2020
37380;6;24;1;31;0;1;0;1;6;25;1;32;6;13;2;21;0;2;0;2;6;15;2;23;12;37;3;52;0;3;0;3;12;40;3;55;2020
37381;32;46;3;81;1;1;0;2;33;47;3;83;32;26;0;58;0;1;0;1;32;27;0;59;64;72;3;139;1;2;0;3;65;74;3;142;2020
37382;42;36;0;78;0;0;0;0;42;36;0;78;32;48;1;81;0;1;0;1;32;49;1;82;74;84;1;159;0;1;0;1;74;85;1;160;2020
38001;1268;9720;2225;13213;1229;8683;1550;11462;2497;18403;3775;24675;1385;9232;2121;12738;1173;8908;1536;11617;2558;18140;3657;24355;2653;18952;4346;25951;2402;17591;3086;23079;5055;36543;7432;49030;2020
38002;146;347;37;530;7;17;2;26;153;364;39;556;189;302;38;529;4;20;1;25;193;322;39;554;335;649;75;1059;11;37;3;51;346;686;78;1110;2020
38003;183;638;116;937;35;83;13;131;218;721;129;1068;177;552;96;825;34;90;9;133;211;642;105;958;360;1190;212;1762;69;173;22;264;429;1363;234;2026;2020
38004;444;1834;392;2670;14;76;9;99;458;1910;401;2769;536;1792;370;2698;16;91;19;126;552;1883;389;2824;980;3626;762;5368;30;167;28;225;1010;3793;790;5593;2020
38005;591;2433;455;3479;90;543;59;692;681;2976;514;4171;643;2139;489;3271;88;517;64;669;731;2656;553;3940;1234;4572;944;6750;178;1060;123;1361;1412;5632;1067;8111;2020
38006;3067;18376;4331;25774;1815;12479;1965;16259;4882;30855;6296;42033;3392;17715;3973;25080;1894;11913;1857;15664;5286;29628;5830;40744;6459;36091;8304;50854;3709;24392;3822;31923;10168;60483;12126;82777;2020
38007;241;585;98;924;6;45;6;57;247;630;104;981;278;503;96;877;11;50;7;68;289;553;103;945;519;1088;194;1801;17;95;13;125;536;1183;207;1926;2020
38008;556;2286;510;3352;34;125;19;178;590;2411;529;3530;686;2293;472;3451;51;198;17;266;737;2491;489;3717;1242;4579;982;6803;85;323;36;444;1327;4902;1018;7247;2020
38009;377;1858;417;2652;77;183;29;289;454;2041;446;2941;431;1764;366;2561;90;204;25;319;521;1968;391;2880;808;3622;783;5213;167;387;54;608;975;4009;837;5821;2020
38010;492;1523;261;2276;28;84;14;126;520;1607;275;2402;597;1414;227;2238;28;111;7;146;625;1525;234;2384;1089;2937;488;4514;56;195;21;272;1145;3132;509;4786;2020
38011;1888;8804;2106;12798;108;738;130;976;1996;9542;2236;13774;2389;9057;2026;13472;144;870;123;1137;2533;9927;2149;14609;4277;17861;4132;26270;252;1608;253;2113;4529;19469;4385;28383;2020
38012;283;940;158;1381;14;66;14;94;297;1006;172;1475;356;749;139;1244;15;75;9;99;371;824;148;1343;639;1689;297;2625;29;141;23;193;668;1830;320;2818;2020
38013;374;1172;238;1784;71;205;35;311;445;1377;273;2095;424;1084;219;1727;76;252;34;362;500;1336;253;2089;798;2256;457;3511;147;457;69;673;945;2713;526;4184;2020
38014;166;524;95;785;21;62;6;89;187;586;101;874;212;466;91;769;20;85;3;108;232;551;94;877;378;990;186;1554;41;147;9;197;419;1137;195;1751;2020
38015;504;1531;284;2319;35;78;9;122;539;1609;293;2441;605;1420;267;2292;30;97;9;136;635;1517;276;2428;1109;2951;551;4611;65;175;18;258;1174;3126;569;4869;2020
38016;207;412;61;680;32;164;25;221;239;576;86;901;233;322;63;618;32;155;24;211;265;477;87;829;440;734;124;1298;64;319;49;432;504;1053;173;1730;2020
38017;1992;13870;3575;19437;406;4879;911;6196;2398;18749;4486;25633;2480;13670;3360;19510;489;4757;844;6090;2969;18427;4204;25600;4472;27540;6935;38947;895;9636;1755;12286;5367;37176;8690;51233;2020
38018;513;1679;378;2570;22;93;12;127;535;1772;390;2697;649;1697;354;2700;24;105;14;143;673;1802;368;2843;1162;3376;732;5270;46;198;26;270;1208;3574;758;5540;2020
38019;1114;5950;1298;8362;398;1755;284;2437;1512;7705;1582;10799;1365;5803;1332;8500;389;1800;308;2497;1754;7603;1640;10997;2479;11753;2630;16862;787;3555;592;4934;3266;15308;3222;21796;2020
38020;1512;6571;1496;9579;50;507;71;628;1562;7078;1567;10207;1923;6473;1363;9759;66;546;84;696;1989;7019;1447;10455;3435;13044;2859;19338;116;1053;155;1324;3551;14097;3014;20662;2020
38021;199;585;72;856;10;44;2;56;209;629;74;912;240;494;62;796;19;45;3;67;259;539;65;863;439;1079;134;1652;29;89;5;123;468;1168;139;1775;2020
38022;2005;7255;1426;10686;134;544;92;770;2139;7799;1518;11456;2528;7072;1381;10981;132;641;106;879;2660;7713;1487;11860;4533;14327;2807;21667;266;1185;198;1649;4799;15512;3005;23316;2020
38023;10994;50981;10045;72020;317;3822;544;4683;11311;54803;10589;76703;14468;52437;9826;76731;435;4536;506;5477;14903;56973;10332;82208;25462;103418;19871;148751;752;8358;1050;10160;26214;111776;20921;158911;2020
38024;1349;6109;1414;8872;245;825;129;1199;1594;6934;1543;10071;1886;6253;1246;9385;269;905;130;1304;2155;7158;1376;10689;3235;12362;2660;18257;514;1730;259;2503;3749;14092;2919;20760;2020
38025;580;3054;691;4325;50;178;23;251;630;3232;714;4576;686;2879;645;4210;54;196;23;273;740;3075;668;4483;1266;5933;1336;8535;104;374;46;524;1370;6307;1382;9059;2020
38026;3041;13741;3055;19837;112;602;98;812;3153;14343;3153;20649;3927;13672;2930;20529;161;754;94;1009;4088;14426;3024;21538;6968;27413;5985;40366;273;1356;192;1821;7241;28769;6177;42187;2020
38027;552;2307;453;3312;166;294;35;495;718;2601;488;3807;658;2188;457;3303;149;324;40;513;807;2512;497;3816;1210;4495;910;6615;315;618;75;1008;1525;5113;985;7623;2020
38028;2689;8076;1543;12308;787;1603;173;2563;3476;9679;1716;14871;3366;8042;1428;12836;849;1726;210;2785;4215;9768;1638;15621;6055;16118;2971;25144;1636;3329;383;5348;7691;19447;3354;30492;2020
38029;157;544;119;820;74;198;19;291;231;742;138;1111;191;492;102;785;66;220;21;307;257;712;123;1092;348;1036;221;1605;140;418;40;598;488;1454;261;2203;2020
38030;243;747;161;1151;29;86;7;122;272;833;168;1273;302;687;153;1142;30;98;10;138;332;785;163;1280;545;1434;314;2293;59;184;17;260;604;1618;331;2553;2020
38031;2630;12008;2524;17162;182;568;83;833;2812;12576;2607;17995;3316;11896;2483;17695;249;695;93;1037;3565;12591;2576;18732;5946;23904;5007;34857;431;1263;176;1870;6377;25167;5183;36727;2020
38032;1172;5950;1258;8380;59;363;65;487;1231;6313;1323;8867;1169;5687;1195;8051;79;445;54;578;1248;6132;1249;8629;2341;11637;2453;16431;138;808;119;1065;2479;12445;2572;17496;2020
38033;510;1264;184;1958;5;107;20;132;515;1371;204;2090;640;1109;201;1950;16;116;10;142;656;1225;211;2092;1150;2373;385;3908;21;223;30;274;1171;2596;415;4182;2020
38034;412;1606;339;2357;9;48;8;65;421;1654;347;2422;549;1506;318;2373;16;58;4;78;565;1564;322;2451;961;3112;657;4730;25;106;12;143;986;3218;669;4873;2020
38035;631;4876;1459;6966;544;2890;534;3968;1175;7766;1993;10934;689;4725;1266;6680;521;3004;482;4007;1210;7729;1748;10687;1320;9601;2725;13646;1065;5894;1016;7975;2385;15495;3741;21621;2020
38036;661;2875;603;4139;115;344;49;508;776;3219;652;4647;736;2735;601;4072;100;395;44;539;836;3130;645;4611;1397;5610;1204;8211;215;739;93;1047;1612;6349;1297;9258;2020
38037;1420;4831;841;7092;43;386;61;490;1463;5217;902;7582;1910;4820;825;7555;46;444;68;558;1956;5264;893;8113;3330;9651;1666;14647;89;830;129;1048;3419;10481;1795;15695;2020
38038;15700;63777;13487;92964;508;5534;834;6876;16208;69311;14321;99840;23144;66064;12737;101945;716;5941;752;7409;23860;72005;13489;109354;38844;129841;26224;194909;1224;11475;1586;14285;40068;141316;27810;209194;2020
38039;898;4813;1084;6795;118;449;75;642;1016;5262;1159;7437;1083;4683;1007;6773;137;554;52;743;1220;5237;1059;7516;1981;9496;2091;13568;255;1003;127;1385;2236;10499;2218;14953;2020
38040;436;2420;522;3378;580;1410;238;2228;1016;3830;760;5606;520;2296;537;3353;525;1551;246;2322;1045;3847;783;5675;956;4716;1059;6731;1105;2961;484;4550;2061;7677;1543;11281;2020
38041;582;2967;630;4179;77;158;31;266;659;3125;661;4445;677;2943;590;4210;85;175;25;285;762;3118;615;4495;1259;5910;1220;8389;162;333;56;551;1421;6243;1276;8940;2020
38042;464;1425;281;2170;76;98;16;190;540;1523;297;2360;582;1353;268;2203;62;108;10;180;644;1461;278;2383;1046;2778;549;4373;138;206;26;370;1184;2984;575;4743;2020
38043;1723;8022;1809;11554;73;323;46;442;1796;8345;1855;11996;2087;7925;1713;11725;67;370;43;480;2154;8295;1756;12205;3810;15947;3522;23279;140;693;89;922;3950;16640;3611;24201;2020
38044;240;858;170;1268;14;83;15;112;254;941;185;1380;296;833;219;1348;16;94;14;124;312;927;233;1472;536;1691;389;2616;30;177;29;236;566;1868;418;2852;2020
38045;333;1453;255;2041;124;164;14;302;457;1617;269;2343;498;1229;213;1940;113;188;17;318;611;1417;230;2258;831;2682;468;3981;237;352;31;620;1068;3034;499;4601;2020
38046;855;3736;833;5424;6;105;20;131;861;3841;853;5555;1049;3789;758;5596;19;102;15;136;1068;3891;773;5732;1904;7525;1591;11020;25;207;35;267;1929;7732;1626;11287;2020
38047;211;711;102;1024;67;162;21;250;278;873;123;1274;272;581;94;947;65;193;28;286;337;774;122;1233;483;1292;196;1971;132;355;49;536;615;1647;245;2507;2020
38048;488;1562;299;2349;43;141;11;195;531;1703;310;2544;531;1445;290;2266;49;185;25;259;580;1630;315;2525;1019;3007;589;4615;92;326;36;454;1111;3333;625;5069;2020
38049;335;1102;183;1620;141;513;83;737;476;1615;266;2357;380;938;160;1478;118;623;54;795;498;1561;214;2273;715;2040;343;3098;259;1136;137;1532;974;3176;480;4630;2020
38050;386;841;97;1324;30;129;9;168;416;970;106;1492;477;685;101;1263;20;95;9;124;497;780;110;1387;863;1526;198;2587;50;224;18;292;913;1750;216;2879;2020
38051;682;3032;657;4371;43;123;26;192;725;3155;683;4563;835;2919;615;4369;31;171;24;226;866;3090;639;4595;1517;5951;1272;8740;74;294;50;418;1591;6245;1322;9158;2020
38052;169;502;81;752;13;95;18;126;182;597;99;878;175;462;76;713;19;85;20;124;194;547;96;837;344;964;157;1465;32;180;38;250;376;1144;195;1715;2020
38053;399;1536;299;2234;51;142;13;206;450;1678;312;2440;484;1417;261;2162;55;180;22;257;539;1597;283;2419;883;2953;560;4396;106;322;35;463;989;3275;595;4859;2020
38901;217;547;104;868;18;95;12;125;235;642;116;993;230;476;78;784;15;92;10;117;245;568;88;901;447;1023;182;1652;33;187;22;242;480;1210;204;1894;2020
39001;307;759;139;1205;7;21;5;33;314;780;144;1238;339;667;108;1114;3;39;0;42;342;706;108;1156;646;1426;247;2319;10;60;5;75;656;1486;252;2394;2020
39002;397;1359;325;2081;6;65;14;85;403;1424;339;2166;524;1250;288;2062;8;72;11;91;532;1322;299;2153;921;2609;613;4143;14;137;25;176;935;2746;638;4319;2020
39003;49;88;11;148;0;0;0;0;49;88;11;148;46;71;9;126;0;0;0;0;46;71;9;126;95;159;20;274;0;0;0;0;95;159;20;274;2020
39004;219;542;78;839;1;8;0;9;220;550;78;848;260;458;78;796;2;16;3;21;262;474;81;817;479;1000;156;1635;3;24;3;30;482;1024;159;1665;2020
39005;155;601;138;894;5;20;6;31;160;621;144;925;145;547;132;824;3;32;4;39;148;579;136;863;300;1148;270;1718;8;52;10;70;308;1200;280;1788;2020
39006;231;649;115;995;5;42;6;53;236;691;121;1048;254;620;127;1001;5;50;2;57;259;670;129;1058;485;1269;242;1996;10;92;8;110;495;1361;250;2106;2020
39007;82;148;17;247;0;5;0;5;82;153;17;252;73;95;20;188;1;7;4;12;74;102;24;200;155;243;37;435;1;12;4;17;156;255;41;452;2020
39008;1341;5539;1419;8299;13;463;87;563;1354;6002;1506;8862;1837;5464;1361;8662;26;508;76;610;1863;5972;1437;9272;3178;11003;2780;16961;39;971;163;1173;3217;11974;2943;18134;2020
39009;358;1415;331;2104;5;87;16;108;363;1502;347;2212;415;1228;339;1982;6;107;12;125;421;1335;351;2107;773;2643;670;4086;11;194;28;233;784;2837;698;4319;2020
39010;94;216;28;338;0;1;0;1;94;217;28;339;116;187;22;325;0;8;0;8;116;195;22;333;210;403;50;663;0;9;0;9;210;412;50;672;2020
39011;200;623;136;959;0;32;2;34;200;655;138;993;223;581;129;933;4;57;7;68;227;638;136;1001;423;1204;265;1892;4;89;9;102;427;1293;274;1994;2020
39012;734;2571;604;3909;2;78;18;98;736;2649;622;4007;942;2686;607;4235;6;96;14;116;948;2782;621;4351;1676;5257;1211;8144;8;174;32;214;1684;5431;1243;8358;2020
39013;104;184;36;324;2;12;0;14;106;196;36;338;85;143;25;253;2;10;1;13;87;153;26;266;189;327;61;577;4;22;1;27;193;349;62;604;2020
39014;143;330;40;513;3;4;0;7;146;334;40;520;173;231;34;438;1;6;0;7;174;237;34;445;316;561;74;951;4;10;0;14;320;571;74;965;2020
39015;153;321;45;519;0;5;1;6;153;326;46;525;111;242;30;383;1;21;0;22;112;263;30;405;264;563;75;902;1;26;1;28;265;589;76;930;2020
39016;2509;9298;2288;14095;30;567;126;723;2539;9865;2414;14818;3264;9339;2126;14729;39;625;109;773;3303;9964;2235;15502;5773;18637;4414;28824;69;1192;235;1496;5842;19829;4649;30320;2020
39017;92;210;47;349;1;11;2;14;93;221;49;363;98;155;37;290;0;12;5;17;98;167;42;307;190;365;84;639;1;23;7;31;191;388;91;670;2020
39018;287;1902;600;2789;4;66;14;84;291;1968;614;2873;332;1859;560;2751;5;87;15;107;337;1946;575;2858;619;3761;1160;5540;9;153;29;191;628;3914;1189;5731;2020
39019;176;1005;271;1452;2;44;11;57;178;1049;282;1509;220;911;256;1387;1;58;13;72;221;969;269;1459;396;1916;527;2839;3;102;24;129;399;2018;551;2968;2020
39020;2136;10155;2440;14731;39;999;186;1224;2175;11154;2626;15955;2685;9689;2462;14836;93;1190;196;1479;2778;10879;2658;16315;4821;19844;4902;29567;132;2189;382;2703;4953;22033;5284;32270;2020
39021;78;160;34;272;0;1;0;1;78;161;34;273;111;121;24;256;0;5;0;5;111;126;24;261;189;281;58;528;0;6;0;6;189;287;58;534;2020
39022;148;373;69;590;1;66;20;87;149;439;89;677;133;325;73;531;7;75;9;91;140;400;82;622;281;698;142;1121;8;141;29;178;289;839;171;1299;2020
39023;705;2542;683;3930;6;262;64;332;711;2804;747;4262;822;2657;597;4076;15;210;35;260;837;2867;632;4336;1527;5199;1280;8006;21;472;99;592;1548;5671;1379;8598;2020
39024;239;601;110;950;7;36;6;49;246;637;116;999;354;623;97;1074;5;41;5;51;359;664;102;1125;593;1224;207;2024;12;77;11;100;605;1301;218;2124;2020
39025;1013;3242;734;4989;5;198;66;269;1018;3440;800;5258;1404;3156;706;5266;10;191;42;243;1414;3347;748;5509;2417;6398;1440;10255;15;389;108;512;2432;6787;1548;10767;2020
39026;226;646;123;995;2;25;9;36;228;671;132;1031;288;570;112;970;0;36;5;41;288;606;117;1011;514;1216;235;1965;2;61;14;77;516;1277;249;2042;2020
39027;428;1133;275;1836;0;28;8;36;428;1161;283;1872;496;1031;245;1772;3;41;8;52;499;1072;253;1824;924;2164;520;3608;3;69;16;88;927;2233;536;3696;2020
39028;312;1692;522;2526;3;85;16;104;315;1777;538;2630;362;1619;519;2500;5;111;14;130;367;1730;533;2630;674;3311;1041;5026;8;196;30;234;682;3507;1071;5260;2020
39029;98;246;40;384;1;13;6;20;99;259;46;404;129;175;44;348;2;22;5;29;131;197;49;377;227;421;84;732;3;35;11;49;230;456;95;781;2020
39030;242;735;196;1173;4;30;2;36;246;765;198;1209;251;668;164;1083;0;38;0;38;251;706;164;1121;493;1403;360;2256;4;68;2;74;497;1471;362;2330;2020
39031;120;519;101;740;1;34;5;40;121;553;106;780;158;485;119;762;1;34;3;38;159;519;122;800;278;1004;220;1502;2;68;8;78;280;1072;228;1580;2020
39032;205;604;68;877;0;7;0;7;205;611;68;884;207;410;76;693;0;11;0;11;207;421;76;704;412;1014;144;1570;0;18;0;18;412;1032;144;1588;2020
39033;107;194;25;326;1;2;0;3;108;196;25;329;108;124;20;252;3;3;0;6;111;127;20;258;215;318;45;578;4;5;0;9;219;323;45;587;2020
39034;64;96;7;167;0;2;0;2;64;98;7;169;47;47;4;98;2;0;0;2;49;47;4;100;111;143;11;265;2;2;0;4;113;145;11;269;2020
39035;1219;3127;619;4965;12;192;43;247;1231;3319;662;5212;1734;3176;584;5494;26;254;37;317;1760;3430;621;5811;2953;6303;1203;10459;38;446;80;564;2991;6749;1283;11023;2020
39036;137;363;102;602;3;10;4;17;140;373;106;619;154;322;85;561;1;15;0;16;155;337;85;577;291;685;187;1163;4;25;4;33;295;710;191;1196;2020
39037;267;757;122;1146;5;32;7;44;272;789;129;1190;302;716;130;1148;7;55;7;69;309;771;137;1217;569;1473;252;2294;12;87;14;113;581;1560;266;2407;2020
39038;166;605;146;917;3;29;9;41;169;634;155;958;194;585;137;916;4;38;12;54;198;623;149;970;360;1190;283;1833;7;67;21;95;367;1257;304;1928;2020
39039;95;205;19;319;0;5;2;7;95;210;21;326;110;132;22;264;1;7;2;10;111;139;24;274;205;337;41;583;1;12;4;17;206;349;45;600;2020
39040;540;1626;314;2480;5;65;6;76;545;1691;320;2556;662;1519;287;2468;6;71;5;82;668;1590;292;2550;1202;3145;601;4948;11;136;11;158;1213;3281;612;5106;2020
39041;224;695;133;1052;2;15;2;19;226;710;135;1071;246;626;129;1001;1;19;1;21;247;645;130;1022;470;1321;262;2053;3;34;3;40;473;1355;265;2093;2020
39042;602;2306;590;3498;7;147;28;182;609;2453;618;3680;815;2325;530;3670;13;189;25;227;828;2514;555;3897;1417;4631;1120;7168;20;336;53;409;1437;4967;1173;7577;2020
39043;120;666;181;967;0;63;9;72;120;729;190;1039;155;629;173;957;2;71;17;90;157;700;190;1047;275;1295;354;1924;2;134;26;162;277;1429;380;2086;2020
39044;388;1642;344;2374;5;99;12;116;393;1741;356;2490;477;1510;295;2282;7;99;13;119;484;1609;308;2401;865;3152;639;4656;12;198;25;235;877;3350;664;4891;2020
39045;61;113;19;193;0;7;0;7;61;120;19;200;70;98;10;178;0;3;0;3;70;101;10;181;131;211;29;371;0;10;0;10;131;221;29;381;2020
39046;228;444;62;734;0;12;2;14;228;456;64;748;286;387;67;740;0;16;3;19;286;403;70;759;514;831;129;1474;0;28;5;33;514;859;134;1507;2020
39047;217;783;181;1181;3;90;18;111;220;873;199;1292;270;760;137;1167;7;104;18;129;277;864;155;1296;487;1543;318;2348;10;194;36;240;497;1737;354;2588;2020
39048;184;720;163;1067;2;13;5;20;186;733;168;1087;228;661;142;1031;2;20;2;24;230;681;144;1055;412;1381;305;2098;4;33;7;44;416;1414;312;2142;2020
39049;54;101;5;160;0;11;1;12;54;112;6;172;61;64;8;133;0;13;1;14;61;77;9;147;115;165;13;293;0;24;2;26;115;189;15;319;2020
39050;55;99;12;166;1;2;0;3;56;101;12;169;49;54;19;122;1;3;0;4;50;57;19;126;104;153;31;288;2;5;0;7;106;158;31;295;2020
39051;12;33;0;45;0;1;0;1;12;34;0;46;15;16;2;33;0;0;0;0;15;16;2;33;27;49;2;78;0;1;0;1;27;50;2;79;2020
39052;1502;8150;2537;12189;30;389;100;519;1532;8539;2637;12708;1866;7994;2449;12309;43;574;97;714;1909;8568;2546;13023;3368;16144;4986;24498;73;963;197;1233;3441;17107;5183;25731;2020
39053;40;97;3;140;0;0;0;0;40;97;3;140;26;45;10;81;0;0;0;0;26;45;10;81;66;142;13;221;0;0;0;0;66;142;13;221;2020
39054;399;1898;565;2862;6;68;6;80;405;1966;571;2942;536;1821;531;2888;7;91;14;112;543;1912;545;3000;935;3719;1096;5750;13;159;20;192;948;3878;1116;5942;2020
39055;150;379;61;590;2;46;10;58;152;425;71;648;193;360;62;615;7;58;4;69;200;418;66;684;343;739;123;1205;9;104;14;127;352;843;137;1332;2020
39056;268;866;255;1389;0;41;5;46;268;907;260;1435;350;807;217;1374;2;31;3;36;352;838;220;1410;618;1673;472;2763;2;72;8;82;620;1745;480;2845;2020
39057;293;902;185;1380;4;48;12;64;297;950;197;1444;369;818;174;1361;5;59;8;72;374;877;182;1433;662;1720;359;2741;9;107;20;136;671;1827;379;2877;2020
39058;114;315;44;473;0;14;2;16;114;329;46;489;129;263;55;447;2;15;2;19;131;278;57;466;243;578;99;920;2;29;4;35;245;607;103;955;2020
39059;1160;2430;449;4039;9;145;35;189;1169;2575;484;4228;1552;2453;462;4467;7;208;36;251;1559;2661;498;4718;2712;4883;911;8506;16;353;71;440;2728;5236;982;8946;2020
39060;669;2666;690;4025;6;105;15;126;675;2771;705;4151;843;2672;634;4149;8;78;13;99;851;2750;647;4248;1512;5338;1324;8174;14;183;28;225;1526;5521;1352;8399;2020
39061;451;1335;312;2098;6;149;31;186;457;1484;343;2284;498;1255;262;2015;15;136;28;179;513;1391;290;2194;949;2590;574;4113;21;285;59;365;970;2875;633;4478;2020
39062;221;760;162;1143;4;33;9;46;225;793;171;1189;260;657;128;1045;5;58;6;69;265;715;134;1114;481;1417;290;2188;9;91;15;115;490;1508;305;2303;2020
39063;179;351;31;561;1;5;0;6;180;356;31;567;184;225;39;448;1;12;1;14;185;237;40;462;363;576;70;1009;2;17;1;20;365;593;71;1029;2020
39064;175;482;99;756;4;15;3;22;179;497;102;778;218;489;99;806;2;22;3;27;220;511;102;833;393;971;198;1562;6;37;6;49;399;1008;204;1611;2020
39065;32;92;12;136;0;1;0;1;32;93;12;137;31;64;13;108;0;1;1;2;31;65;14;110;63;156;25;244;0;2;1;3;63;158;26;247;2020
39066;138;343;53;534;1;8;0;9;139;351;53;543;126;278;55;459;3;6;0;9;129;284;55;468;264;621;108;993;4;14;0;18;268;635;108;1011;2020
39067;143;275;29;447;2;8;2;12;145;283;31;459;144;198;25;367;2;7;1;10;146;205;26;377;287;473;54;814;4;15;3;22;291;488;57;836;2020
39068;90;241;21;352;2;10;4;16;92;251;25;368;91;205;36;332;1;16;5;22;92;221;41;354;181;446;57;684;3;26;9;38;184;472;66;722;2020
39069;235;748;194;1177;0;21;0;21;235;769;194;1198;320;663;167;1150;0;19;0;19;320;682;167;1169;555;1411;361;2327;0;40;0;40;555;1451;361;2367;2020
39070;15;48;11;74;0;0;0;0;15;48;11;74;23;41;5;69;0;2;0;2;23;43;5;71;38;89;16;143;0;2;0;2;38;91;16;145;2020
39071;80;156;22;258;1;4;0;5;81;160;22;263;72;117;18;207;0;4;0;4;72;121;18;211;152;273;40;465;1;8;0;9;153;281;40;474;2020
39072;52;135;13;200;1;1;0;2;53;136;13;202;33;99;10;142;0;1;0;1;33;100;10;143;85;234;23;342;1;2;0;3;86;236;23;345;2020
39073;979;4113;1140;6232;11;167;29;207;990;4280;1169;6439;1114;4237;1022;6373;27;219;30;276;1141;4456;1052;6649;2093;8350;2162;12605;38;386;59;483;2131;8736;2221;13088;2020
39074;658;2888;756;4302;9;221;29;259;667;3109;785;4561;869;2771;723;4363;12;201;30;243;881;2972;753;4606;1527;5659;1479;8665;21;422;59;502;1548;6081;1538;9167;2020
39075;16952;45851;9882;72685;264;5966;1021;7251;17216;51817;10903;79936;25971;50113;9481;85565;418;6390;1066;7874;26389;56503;10547;93439;42923;95964;19363;158250;682;12356;2087;15125;43605;108320;21450;173375;2020
39076;390;1322;295;2007;7;33;9;49;397;1355;304;2056;519;1326;274;2119;2;46;6;54;521;1372;280;2173;909;2648;569;4126;9;79;15;103;918;2727;584;4229;2020
39077;50;89;7;146;0;1;1;2;50;90;8;148;43;54;5;102;0;5;0;5;43;59;5;107;93;143;12;248;0;6;1;7;93;149;13;255;2020
39078;209;542;105;856;1;8;0;9;210;550;105;865;212;465;93;770;2;8;1;11;214;473;94;781;421;1007;198;1626;3;16;1;20;424;1023;199;1646;2020
39079;1079;3225;708;5012;10;276;47;333;1089;3501;755;5345;1415;3231;713;5359;17;252;46;315;1432;3483;759;5674;2494;6456;1421;10371;27;528;93;648;2521;6984;1514;11019;2020
39080;458;1267;214;1939;5;58;5;68;463;1325;219;2007;548;1231;225;2004;7;71;6;84;555;1302;231;2088;1006;2498;439;3943;12;129;11;152;1018;2627;450;4095;2020
39081;75;165;26;266;1;2;0;3;76;167;26;269;76;135;30;241;0;6;0;6;76;141;30;247;151;300;56;507;1;8;0;9;152;308;56;516;2020
39082;234;586;112;932;1;9;0;10;235;595;112;942;235;571;97;903;1;25;2;28;236;596;99;931;469;1157;209;1835;2;34;2;38;471;1191;211;1873;2020
39083;192;402;43;637;0;2;2;4;192;404;45;641;158;306;45;509;0;5;0;5;158;311;45;514;350;708;88;1146;0;7;2;9;350;715;90;1155;2020
39084;122;346;61;529;1;25;3;29;123;371;64;558;128;283;59;470;1;15;2;18;129;298;61;488;250;629;120;999;2;40;5;47;252;669;125;1046;2020
39085;757;2758;679;4194;8;108;21;137;765;2866;700;4331;942;2693;676;4311;13;148;24;185;955;2841;700;4496;1699;5451;1355;8505;21;256;45;322;1720;5707;1400;8827;2020
39086;73;138;12;223;1;5;1;7;74;143;13;230;58;87;8;153;1;1;2;4;59;88;10;157;131;225;20;376;2;6;3;11;133;231;23;387;2020
39087;5261;14168;3032;22461;47;1515;342;1904;5308;15683;3374;24365;7734;14713;2974;25421;71;1405;335;1811;7805;16118;3309;27232;12995;28881;6006;47882;118;2920;677;3715;13113;31801;6683;51597;2020
39088;16;22;1;39;0;3;0;3;16;25;1;42;11;6;0;17;0;0;0;0;11;6;0;17;27;28;1;56;0;3;0;3;27;31;1;59;2020
39089;21;73;2;96;0;1;0;1;21;74;2;97;14;20;4;38;0;0;0;0;14;20;4;38;35;93;6;134;0;1;0;1;35;94;6;135;2020
39090;82;313;72;467;0;4;0;4;82;317;72;471;92;294;65;451;0;6;0;6;92;300;65;457;174;607;137;918;0;10;0;10;174;617;137;928;2020
39091;269;719;117;1105;2;14;3;19;271;733;120;1124;318;573;116;1007;1;18;0;19;319;591;116;1026;587;1292;233;2112;3;32;3;38;590;1324;236;2150;2020
39092;174;290;27;491;1;6;2;9;175;296;29;500;201;198;27;426;0;13;0;13;201;211;27;439;375;488;54;917;1;19;2;22;376;507;56;939;2020
39093;49;120;4;173;0;5;1;6;49;125;5;179;49;77;8;134;0;8;4;12;49;85;12;146;98;197;12;307;0;13;5;18;98;210;17;325;2020
39094;153;327;40;520;0;22;1;23;153;349;41;543;147;205;27;379;0;21;7;28;147;226;34;407;300;532;67;899;0;43;8;51;300;575;75;950;2020
39095;304;864;205;1373;6;33;2;41;310;897;207;1414;321;785;190;1296;5;40;3;48;326;825;193;1344;625;1649;395;2669;11;73;5;89;636;1722;400;2758;2020
39096;110;255;13;378;0;2;0;2;110;257;13;380;129;175;28;332;0;7;0;7;129;182;28;339;239;430;41;710;0;9;0;9;239;439;41;719;2020
39097;108;256;28;392;0;8;1;9;108;264;29;401;115;188;39;342;0;2;1;3;115;190;40;345;223;444;67;734;0;10;2;12;223;454;69;746;2020
39098;200;536;98;834;0;8;2;10;200;544;100;844;212;453;87;752;0;15;1;16;212;468;88;768;412;989;185;1586;0;23;3;26;412;1012;188;1612;2020
39099;339;1248;301;1888;3;32;3;38;342;1280;304;1926;410;1250;306;1966;3;34;4;41;413;1284;310;2007;749;2498;607;3854;6;66;7;79;755;2564;614;3933;2020
39100;121;332;56;509;3;10;1;14;124;342;57;523;131;277;49;457;0;14;0;14;131;291;49;471;252;609;105;966;3;24;1;28;255;633;106;994;2020
39101;42;96;11;149;1;3;2;6;43;99;13;155;44;55;11;110;1;7;1;9;45;62;12;119;86;151;22;259;2;10;3;15;88;161;25;274;2020
39102;287;919;182;1388;3;49;9;61;290;968;191;1449;314;725;143;1182;3;47;5;55;317;772;148;1237;601;1644;325;2570;6;96;14;116;607;1740;339;2686;2020
40001;93;260;55;408;0;10;5;15;93;270;60;423;127;233;61;421;0;12;1;13;127;245;62;434;220;493;116;829;0;22;6;28;220;515;122;857;2020
40002;5;13;1;19;0;1;0;1;5;14;1;20;7;7;3;17;0;0;0;0;7;7;3;17;12;20;4;36;0;1;0;1;12;21;4;37;2020
40003;37;33;0;70;0;5;1;6;37;38;1;76;34;14;1;49;0;1;1;2;34;15;2;51;71;47;1;119;0;6;2;8;71;53;3;127;2020
40004;69;158;21;248;3;28;5;36;72;186;26;284;89;123;25;237;2;36;7;45;91;159;32;282;158;281;46;485;5;64;12;81;163;345;58;566;2020
40005;4;11;0;15;0;0;0;0;4;11;0;15;5;3;0;8;0;0;0;0;5;3;0;8;9;14;0;23;0;0;0;0;9;14;0;23;2020
40006;6;4;0;10;0;0;0;0;6;4;0;10;6;4;0;10;0;0;0;0;6;4;0;10;12;8;0;20;0;0;0;0;12;8;0;20;2020
40007;17;27;1;45;1;0;0;1;18;27;1;46;13;13;0;26;0;1;0;1;13;14;0;27;30;40;1;71;1;1;0;2;31;41;1;73;2020
40008;12;13;4;29;0;3;0;3;12;16;4;32;11;7;8;26;1;4;1;6;12;11;9;32;23;20;12;55;1;7;1;9;24;27;13;64;2020
40009;12;15;1;28;0;1;0;1;12;16;1;29;5;5;1;11;0;0;0;0;5;5;1;11;17;20;2;39;0;1;0;1;17;21;2;40;2020
40010;19;38;2;59;0;5;0;5;19;43;2;64;26;20;1;47;0;2;0;2;26;22;1;49;45;58;3;106;0;7;0;7;45;65;3;113;2020
40012;48;84;14;146;1;4;0;5;49;88;14;151;46;60;12;118;0;10;0;10;46;70;12;128;94;144;26;264;1;14;0;15;95;158;26;279;2020
40013;20;14;0;34;0;0;0;0;20;14;0;34;17;5;0;22;0;0;0;0;17;5;0;22;37;19;0;56;0;0;0;0;37;19;0;56;2020
40014;13;20;1;34;0;0;0;0;13;20;1;34;8;10;1;19;0;0;0;0;8;10;1;19;21;30;2;53;0;0;0;0;21;30;2;53;2020
40015;6;6;0;12;0;0;0;0;6;6;0;12;8;3;0;11;0;0;0;0;8;3;0;11;14;9;0;23;0;0;0;0;14;9;0;23;2020
40016;11;19;1;31;0;0;0;0;11;19;1;31;14;11;1;26;0;0;0;0;14;11;1;26;25;30;2;57;0;0;0;0;25;30;2;57;2020
40017;11;31;3;45;0;14;3;17;11;45;6;62;15;30;7;52;0;9;2;11;15;39;9;63;26;61;10;97;0;23;5;28;26;84;15;125;2020
40018;18;24;0;42;0;0;0;0;18;24;0;42;15;12;1;28;0;1;1;2;15;13;2;30;33;36;1;70;0;1;1;2;33;37;2;72;2020
40019;12;9;0;21;0;0;0;0;12;9;0;21;5;2;0;7;0;0;0;0;5;2;0;7;17;11;0;28;0;0;0;0;17;11;0;28;2020
40020;23;43;2;68;0;3;0;3;23;46;2;71;40;25;2;67;0;7;0;7;40;32;2;74;63;68;4;135;0;10;0;10;63;78;4;145;2020
40021;8;3;0;11;0;0;0;0;8;3;0;11;4;4;0;8;0;0;0;0;4;4;0;8;12;7;0;19;0;0;0;0;12;7;0;19;2020
40022;25;87;9;121;1;10;2;13;26;97;11;134;36;50;8;94;1;5;0;6;37;55;8;100;61;137;17;215;2;15;2;19;63;152;19;234;2020
40024;111;327;81;519;1;64;20;85;112;391;101;604;141;274;65;480;1;69;28;98;142;343;93;578;252;601;146;999;2;133;48;183;254;734;194;1182;2020
40025;22;52;5;79;0;8;2;10;22;60;7;89;24;34;8;66;0;2;1;3;24;36;9;69;46;86;13;145;0;10;3;13;46;96;16;158;2020
40026;10;40;10;60;0;5;0;5;10;45;10;65;7;54;15;76;0;2;0;2;7;56;15;78;17;94;25;136;0;7;0;7;17;101;25;143;2020
40028;18;34;0;52;0;5;1;6;18;39;1;58;23;21;0;44;0;4;3;7;23;25;3;51;41;55;0;96;0;9;4;13;41;64;4;109;2020
40029;7;5;0;12;0;0;0;0;7;5;0;12;6;4;0;10;0;0;0;0;6;4;0;10;13;9;0;22;0;0;0;0;13;9;0;22;2020
40030;84;153;18;255;0;5;0;5;84;158;18;260;77;105;10;192;0;12;1;13;77;117;11;205;161;258;28;447;0;17;1;18;161;275;29;465;2020
40031;43;257;67;367;3;37;3;43;46;294;70;410;51;212;63;326;2;24;4;30;53;236;67;356;94;469;130;693;5;61;7;73;99;530;137;766;2020
40032;40;148;35;223;3;115;36;154;43;263;71;377;43;141;33;217;3;87;35;125;46;228;68;342;83;289;68;440;6;202;71;279;89;491;139;719;2020
40033;7;32;7;46;0;2;4;6;7;34;11;52;6;24;4;34;0;6;1;7;6;30;5;41;13;56;11;80;0;8;5;13;13;64;16;93;2020
40034;10;32;1;43;0;2;1;3;10;34;2;46;14;20;0;34;0;2;0;2;14;22;0;36;24;52;1;77;0;4;1;5;24;56;2;82;2020
40035;18;53;14;85;0;8;0;8;18;61;14;93;14;48;13;75;0;3;0;3;14;51;13;78;32;101;27;160;0;11;0;11;32;112;27;171;2020
40036;75;187;29;291;2;29;12;43;77;216;41;334;79;155;43;277;1;25;7;33;80;180;50;310;154;342;72;568;3;54;19;76;157;396;91;644;2020
40037;7;8;0;15;0;0;0;0;7;8;0;15;6;5;0;11;0;0;0;0;6;5;0;11;13;13;0;26;0;0;0;0;13;13;0;26;2020
40039;29;68;12;109;0;12;5;17;29;80;17;126;35;43;10;88;0;15;1;16;35;58;11;104;64;111;22;197;0;27;6;33;64;138;28;230;2020
40040;315;945;189;1449;4;218;102;324;319;1163;291;1773;442;827;201;1470;6;237;76;319;448;1064;277;1789;757;1772;390;2919;10;455;178;643;767;2227;568;3562;2020
40041;137;381;76;594;3;89;25;117;140;470;101;711;177;294;78;549;2;57;21;80;179;351;99;629;314;675;154;1143;5;146;46;197;319;821;200;1340;2020
40043;263;662;118;1043;7;188;48;243;270;850;166;1286;284;588;139;1011;4;142;51;197;288;730;190;1208;547;1250;257;2054;11;330;99;440;558;1580;356;2494;2020
40044;35;37;5;77;0;1;1;2;35;38;6;79;32;27;2;61;0;4;2;6;32;31;4;67;67;64;7;138;0;5;3;8;67;69;10;146;2020
40045;17;43;6;66;0;11;3;14;17;54;9;80;19;36;9;64;1;9;2;12;20;45;11;76;36;79;15;130;1;20;5;26;37;99;20;156;2020
40046;15;30;8;53;1;14;2;17;16;44;10;70;14;22;3;39;0;16;5;21;14;38;8;60;29;52;11;92;1;30;7;38;30;82;18;130;2020
40047;8;15;0;23;0;0;0;0;8;15;0;23;4;10;0;14;0;0;0;0;4;10;0;14;12;25;0;37;0;0;0;0;12;25;0;37;2020
40048;10;8;0;18;0;0;0;0;10;8;0;18;12;3;0;15;0;0;0;0;12;3;0;15;22;11;0;33;0;0;0;0;22;11;0;33;2020
40049;9;8;0;17;0;0;0;0;9;8;0;17;10;4;0;14;0;0;0;0;10;4;0;14;19;12;0;31;0;0;0;0;19;12;0;31;2020
40051;8;10;1;19;0;2;0;2;8;12;1;21;10;5;2;17;0;2;0;2;10;7;2;19;18;15;3;36;0;4;0;4;18;19;3;40;2020
40052;12;29;5;46;0;1;0;1;12;30;5;47;15;17;3;35;0;5;1;6;15;22;4;41;27;46;8;81;0;6;1;7;27;52;9;88;2020
40053;13;26;3;42;0;9;4;13;13;35;7;55;13;20;2;35;0;10;2;12;13;30;4;47;26;46;5;77;0;19;6;25;26;65;11;102;2020
40054;21;41;2;64;0;5;1;6;21;46;3;70;16;29;4;49;0;8;1;9;16;37;5;58;37;70;6;113;0;13;2;15;37;83;8;128;2020
40055;5;14;0;19;0;0;0;0;5;14;0;19;5;6;0;11;0;0;0;0;5;6;0;11;10;20;0;30;0;0;0;0;10;20;0;30;2020
40056;12;3;0;15;0;0;0;0;12;3;0;15;13;2;0;15;0;3;0;3;13;5;0;18;25;5;0;30;0;3;0;3;25;8;0;33;2020
40057;221;482;102;805;1;56;7;64;222;538;109;869;236;462;95;793;0;52;12;64;236;514;107;857;457;944;197;1598;1;108;19;128;458;1052;216;1726;2020
40058;65;89;8;162;0;2;0;2;65;91;8;164;71;78;8;157;0;1;0;1;71;79;8;158;136;167;16;319;0;3;0;3;136;170;16;322;2020
40059;17;43;2;62;0;3;0;3;17;46;2;65;18;34;5;57;0;2;0;2;18;36;5;59;35;77;7;119;0;5;0;5;35;82;7;124;2020
40060;17;17;5;39;0;7;1;8;17;24;6;47;19;10;2;31;0;5;2;7;19;15;4;38;36;27;7;70;0;12;3;15;36;39;10;85;2020
40061;11;27;2;40;0;1;2;3;11;28;4;43;12;14;1;27;0;2;0;2;12;16;1;29;23;41;3;67;0;3;2;5;23;44;5;72;2020
40062;19;19;3;41;0;5;0;5;19;24;3;46;7;12;1;20;1;6;1;8;8;18;2;28;26;31;4;61;1;11;1;13;27;42;5;74;2020
40063;960;2573;509;4042;12;664;174;850;972;3237;683;4892;1115;2369;460;3944;20;642;161;823;1135;3011;621;4767;2075;4942;969;7986;32;1306;335;1673;2107;6248;1304;9659;2020
40065;83;167;24;274;0;72;13;85;83;239;37;359;86;122;18;226;0;105;18;123;86;227;36;349;169;289;42;500;0;177;31;208;169;466;73;708;2020
40068;5;9;1;15;0;0;0;0;5;9;1;15;5;5;0;10;0;0;0;0;5;5;0;10;10;14;1;25;0;0;0;0;10;14;1;25;2020
40069;8;31;4;43;0;3;0;3;8;34;4;46;14;17;4;35;1;2;0;3;15;19;4;38;22;48;8;78;1;5;0;6;23;53;8;84;2020
40070;19;63;11;93;1;3;1;5;20;66;12;98;22;33;5;60;0;7;1;8;22;40;6;68;41;96;16;153;1;10;2;13;42;106;18;166;2020
40071;11;10;0;21;0;0;0;0;11;10;0;21;9;7;3;19;1;0;0;1;10;7;3;20;20;17;3;40;1;0;0;1;21;17;3;41;2020
40072;15;108;43;166;0;5;1;6;15;113;44;172;12;86;37;135;0;5;0;5;12;91;37;140;27;194;80;301;0;10;1;11;27;204;81;312;2020
40073;75;127;23;225;0;28;7;35;75;155;30;260;75;106;21;202;3;23;7;33;78;129;28;235;150;233;44;427;3;51;14;68;153;284;58;495;2020
40074;42;97;11;150;1;8;1;10;43;105;12;160;48;61;17;126;0;9;1;10;48;70;18;136;90;158;28;276;1;17;2;20;91;175;30;296;2020
40075;27;56;4;87;0;1;0;1;27;57;4;88;36;33;7;76;0;1;0;1;36;34;7;77;63;89;11;163;0;2;0;2;63;91;11;165;2020
40076;681;2740;694;4115;18;380;100;498;699;3120;794;4613;836;2446;636;3918;26;432;97;555;862;2878;733;4473;1517;5186;1330;8033;44;812;197;1053;1561;5998;1527;9086;2020
40077;42;478;143;663;3;59;13;75;45;537;156;738;42;419;124;585;3;54;9;66;45;473;133;651;84;897;267;1248;6;113;22;141;90;1010;289;1389;2020
40078;32;56;1;89;0;3;1;4;32;59;2;93;26;35;2;63;0;4;3;7;26;39;5;70;58;91;3;152;0;7;4;11;58;98;7;163;2020
40079;46;86;8;140;0;10;5;15;46;96;13;155;32;69;9;110;0;9;6;15;32;78;15;125;78;155;17;250;0;19;11;30;78;174;28;280;2020
40080;13;17;8;38;0;5;2;7;13;22;10;45;9;15;1;25;1;8;0;9;10;23;1;34;22;32;9;63;1;13;2;16;23;45;11;79;2020
40081;27;34;1;62;0;0;0;0;27;34;1;62;26;26;0;52;0;0;0;0;26;26;0;52;53;60;1;114;0;0;0;0;53;60;1;114;2020
40082;25;32;2;59;0;1;0;1;25;33;2;60;29;19;1;49;0;1;0;1;29;20;1;50;54;51;3;108;0;2;0;2;54;53;3;110;2020
40083;22;19;5;46;0;28;3;31;22;47;8;77;15;11;1;27;0;61;5;66;15;72;6;93;37;30;6;73;0;89;8;97;37;119;14;170;2020
40084;7;21;2;30;0;0;0;0;7;21;2;30;10;15;0;25;0;0;0;0;10;15;0;25;17;36;2;55;0;0;0;0;17;36;2;55;2020
40086;92;265;49;406;3;25;4;32;95;290;53;438;123;195;30;348;4;25;7;36;127;220;37;384;215;460;79;754;7;50;11;68;222;510;90;822;2020
40087;20;29;1;50;0;1;0;1;20;30;1;51;19;12;1;32;0;2;0;2;19;14;1;34;39;41;2;82;0;3;0;3;39;44;2;85;2020
40088;47;96;10;153;1;11;12;24;48;107;22;177;64;68;16;148;0;12;3;15;64;80;19;163;111;164;26;301;1;23;15;39;112;187;41;340;2020
40089;44;67;7;118;0;3;0;3;44;70;7;121;50;44;8;102;1;8;1;10;51;52;9;112;94;111;15;220;1;11;1;13;95;122;16;233;2020
40091;23;37;0;60;0;1;1;2;23;38;1;62;20;21;1;42;0;1;1;2;20;22;2;44;43;58;1;102;0;2;2;4;43;60;3;106;2020
40092;25;28;7;60;0;11;1;12;25;39;8;72;22;20;3;45;0;3;0;3;22;23;3;48;47;48;10;105;0;14;1;15;47;62;11;120;2020
40093;12;32;5;49;0;8;1;9;12;40;6;58;12;24;3;39;0;7;1;8;12;31;4;47;24;56;8;88;0;15;2;17;24;71;10;105;2020
40094;30;163;31;224;0;23;5;28;30;186;36;252;39;129;31;199;2;16;5;23;41;145;36;222;69;292;62;423;2;39;10;51;71;331;72;474;2020
40095;71;164;26;261;0;84;10;94;71;248;36;355;73;136;33;242;1;54;12;67;74;190;45;309;144;300;59;503;1;138;22;161;145;438;81;664;2020
40097;20;61;14;95;3;29;6;38;23;90;20;133;8;45;11;64;2;24;5;31;10;69;16;95;28;106;25;159;5;53;11;69;33;159;36;228;2020
40099;8;21;1;30;1;2;0;3;9;23;1;33;10;10;1;21;0;1;0;1;10;11;1;22;18;31;2;51;1;3;0;4;19;34;2;55;2020
40100;49;95;18;162;0;3;3;6;49;98;21;168;61;54;14;129;0;5;1;6;61;59;15;135;110;149;32;291;0;8;4;12;110;157;36;303;2020
40101;40;465;189;694;3;51;10;64;43;516;199;758;23;412;180;615;4;65;14;83;27;477;194;698;63;877;369;1309;7;116;24;147;70;993;393;1456;2020
40103;20;56;12;88;0;0;0;0;20;56;12;88;21;39;8;68;0;3;0;3;21;42;8;71;41;95;20;156;0;3;0;3;41;98;20;159;2020
40104;41;115;23;179;1;11;4;16;42;126;27;195;33;96;24;153;2;23;6;31;35;119;30;184;74;211;47;332;3;34;10;47;77;245;57;379;2020
40105;8;16;0;24;0;1;0;1;8;17;0;25;7;8;0;15;0;2;0;2;7;10;0;17;15;24;0;39;0;3;0;3;15;27;0;42;2020
40106;40;52;4;96;0;3;0;3;40;55;4;99;39;50;6;95;0;3;0;3;39;53;6;98;79;102;10;191;0;6;0;6;79;108;10;197;2020
40107;22;27;4;53;0;4;2;6;22;31;6;59;21;14;2;37;0;5;0;5;21;19;2;42;43;41;6;90;0;9;2;11;43;50;8;101;2020
40108;30;33;2;65;0;0;0;0;30;33;2;65;24;19;2;45;0;0;0;0;24;19;2;45;54;52;4;110;0;0;0;0;54;52;4;110;2020
40109;16;25;1;42;0;0;1;1;16;25;2;43;14;13;3;30;0;0;0;0;14;13;3;30;30;38;4;72;0;0;1;1;30;38;5;73;2020
40110;66;104;7;177;0;7;1;8;66;111;8;185;79;63;13;155;0;4;0;4;79;67;13;159;145;167;20;332;0;11;1;12;145;178;21;344;2020
40111;10;14;4;28;0;4;1;5;10;18;5;33;12;12;1;25;0;3;1;4;12;15;2;29;22;26;5;53;0;7;2;9;22;33;7;62;2020
40112;218;1261;397;1876;6;125;35;166;224;1386;432;2042;193;1262;327;1782;8;152;36;196;201;1414;363;1978;411;2523;724;3658;14;277;71;362;425;2800;795;4020;2020
40113;49;177;54;280;2;9;3;14;51;186;57;294;42;136;31;209;1;14;1;16;43;150;32;225;91;313;85;489;3;23;4;30;94;336;89;519;2020
40115;24;46;1;71;0;5;2;7;24;51;3;78;26;21;6;53;0;5;1;6;26;26;7;59;50;67;7;124;0;10;3;13;50;77;10;137;2020
40118;9;18;3;30;0;0;0;0;9;18;3;30;8;8;2;18;0;0;0;0;8;8;2;18;17;26;5;48;0;0;0;0;17;26;5;48;2020
40119;19;81;11;111;1;13;2;16;20;94;13;127;20;47;9;76;0;8;0;8;20;55;9;84;39;128;20;187;1;21;2;24;40;149;22;211;2020
40120;17;83;16;116;0;1;0;1;17;84;16;117;17;74;17;108;0;2;0;2;17;76;17;110;34;157;33;224;0;3;0;3;34;160;33;227;2020
40121;52;84;8;144;0;8;3;11;52;92;11;155;61;53;7;121;0;7;1;8;61;60;8;129;113;137;15;265;0;15;4;19;113;152;19;284;2020
40122;114;186;13;313;4;16;1;21;118;202;14;334;99;127;25;251;0;17;4;21;99;144;29;272;213;313;38;564;4;33;5;42;217;346;43;606;2020
40123;16;49;5;70;0;6;0;6;16;55;5;76;21;33;3;57;1;1;0;2;22;34;3;59;37;82;8;127;1;7;0;8;38;89;8;135;2020
40124;32;89;6;127;0;6;0;6;32;95;6;133;35;68;12;115;0;5;0;5;35;73;12;120;67;157;18;242;0;11;0;11;67;168;18;253;2020
40125;16;32;1;49;0;0;0;0;16;32;1;49;15;13;0;28;0;1;0;1;15;14;0;29;31;45;1;77;0;1;0;1;31;46;1;78;2020
40126;16;19;0;35;0;0;0;0;16;19;0;35;20;10;2;32;0;0;0;0;20;10;2;32;36;29;2;67;0;0;0;0;36;29;2;67;2020
40127;6;11;0;17;0;1;0;1;6;12;0;18;12;5;0;17;0;0;0;0;12;5;0;17;18;16;0;34;0;1;0;1;18;17;0;35;2020
40128;25;39;4;68;0;2;0;2;25;41;4;70;25;34;1;60;0;1;0;1;25;35;1;61;50;73;5;128;0;3;0;3;50;76;5;131;2020
40129;37;50;4;91;0;0;0;0;37;50;4;91;33;37;6;76;0;4;0;4;33;41;6;80;70;87;10;167;0;4;0;4;70;91;10;171;2020
40130;33;41;5;79;0;2;0;2;33;43;5;81;24;25;5;54;0;1;2;3;24;26;7;57;57;66;10;133;0;3;2;5;57;69;12;138;2020
40131;11;15;3;29;0;2;0;2;11;17;3;31;10;13;2;25;0;2;0;2;10;15;2;27;21;28;5;54;0;4;0;4;21;32;5;58;2020
40132;13;15;0;28;0;0;0;0;13;15;0;28;14;5;2;21;0;0;0;0;14;5;2;21;27;20;2;49;0;0;0;0;27;20;2;49;2020
40134;111;244;30;385;2;93;3;98;113;337;33;483;120;214;23;357;0;33;6;39;120;247;29;396;231;458;53;742;2;126;9;137;233;584;62;879;2020
40135;60;94;5;159;1;6;5;12;61;100;10;171;68;58;7;133;0;8;1;9;68;66;8;142;128;152;12;292;1;14;6;21;129;166;18;313;2020
40136;20;37;4;61;0;8;1;9;20;45;5;70;21;26;11;58;2;10;3;15;23;36;14;73;41;63;15;119;2;18;4;24;43;81;19;143;2020
40138;293;784;154;1231;2;142;29;173;295;926;183;1404;370;701;106;1177;9;131;26;166;379;832;132;1343;663;1485;260;2408;11;273;55;339;674;1758;315;2747;2020
40139;59;83;10;152;0;5;2;7;59;88;12;159;45;61;6;112;0;11;3;14;45;72;9;126;104;144;16;264;0;16;5;21;104;160;21;285;2020
40140;18;24;0;42;0;8;2;10;18;32;2;52;21;13;5;39;0;8;1;9;21;21;6;48;39;37;5;81;0;16;3;19;39;53;8;100;2020
40141;117;310;67;494;0;41;10;51;117;351;77;545;133;273;37;443;0;50;9;59;133;323;46;502;250;583;104;937;0;91;19;110;250;674;123;1047;2020
40142;7;20;0;27;0;0;0;0;7;20;0;27;8;17;1;26;0;0;0;0;8;17;1;26;15;37;1;53;0;0;0;0;15;37;1;53;2020
40143;24;28;2;54;0;2;0;2;24;30;2;56;18;13;2;33;0;1;2;3;18;14;4;36;42;41;4;87;0;3;2;5;42;44;6;92;2020
40144;7;3;3;13;0;1;0;1;7;4;3;14;5;2;0;7;0;0;0;0;5;2;0;7;12;5;3;20;0;1;0;1;12;6;3;21;2020
40145;175;370;80;625;1;29;5;35;176;399;85;660;208;339;65;612;1;30;2;33;209;369;67;645;383;709;145;1237;2;59;7;68;385;768;152;1305;2020
40146;41;98;18;157;0;24;2;26;41;122;20;183;39;74;19;132;0;22;6;28;39;96;25;160;80;172;37;289;0;46;8;54;80;218;45;343;2020
40148;40;76;4;120;0;7;0;7;40;83;4;127;51;62;13;126;0;8;2;10;51;70;15;136;91;138;17;246;0;15;2;17;91;153;19;263;2020
40149;101;160;11;272;1;13;6;20;102;173;17;292;106;111;9;226;0;15;3;18;106;126;12;244;207;271;20;498;1;28;9;38;208;299;29;536;2020
40150;15;19;0;34;0;0;0;0;15;19;0;34;9;13;0;22;0;0;0;0;9;13;0;22;24;32;0;56;0;0;0;0;24;32;0;56;2020
40151;7;16;0;23;0;2;1;3;7;18;1;26;10;11;0;21;0;2;0;2;10;13;0;23;17;27;0;44;0;4;1;5;17;31;1;49;2020
40152;90;295;67;452;0;24;3;27;90;319;70;479;103;260;67;430;2;24;8;34;105;284;75;464;193;555;134;882;2;48;11;61;195;603;145;943;2020
40154;5;5;1;11;0;0;0;0;5;5;1;11;4;5;1;10;0;0;0;0;4;5;1;10;9;10;2;21;0;0;0;0;9;10;2;21;2020
40155;257;1898;585;2740;5;114;25;144;262;2012;610;2884;247;1662;587;2496;8;123;27;158;255;1785;614;2654;504;3560;1172;5236;13;237;52;302;517;3797;1224;5538;2020
40156;49;109;16;174;0;15;5;20;49;124;21;194;40;69;16;125;1;17;3;21;41;86;19;146;89;178;32;299;1;32;8;41;90;210;40;340;2020
40157;8;16;1;25;0;0;0;0;8;16;1;25;8;9;0;17;0;0;0;0;8;9;0;17;16;25;1;42;0;0;0;0;16;25;1;42;2020
40158;7;5;0;12;0;0;0;0;7;5;0;12;2;1;0;3;0;0;0;0;2;1;0;3;9;6;0;15;0;0;0;0;9;6;0;15;2020
40159;22;54;1;77;2;23;4;29;24;77;5;106;24;29;8;61;0;15;2;17;24;44;10;78;46;83;9;138;2;38;6;46;48;121;15;184;2020
40160;23;26;1;50;0;1;0;1;23;27;1;51;24;16;0;40;0;1;0;1;24;17;0;41;47;42;1;90;0;2;0;2;47;44;1;92;2020
40161;5;15;2;22;0;13;1;14;5;28;3;36;4;4;1;9;0;5;1;6;4;9;2;15;9;19;3;31;0;18;2;20;9;37;5;51;2020
40162;62;137;37;236;0;28;6;34;62;165;43;270;78;112;18;208;2;24;6;32;80;136;24;240;140;249;55;444;2;52;12;66;142;301;67;510;2020
40163;8;15;0;23;0;0;0;0;8;15;0;23;10;8;0;18;0;2;0;2;10;10;0;20;18;23;0;41;0;2;0;2;18;25;0;43;2020
40164;34;64;6;104;0;1;0;1;34;65;6;105;48;41;3;92;1;10;0;11;49;51;3;103;82;105;9;196;1;11;0;12;83;116;9;208;2020
40165;17;20;3;40;0;1;0;1;17;21;3;41;20;16;0;36;0;2;0;2;20;18;0;38;37;36;3;76;0;3;0;3;37;39;3;79;2020
40166;51;73;16;140;0;14;2;16;51;87;18;156;52;68;16;136;1;11;0;12;53;79;16;148;103;141;32;276;1;25;2;28;104;166;34;304;2020
40168;8;8;0;16;0;0;0;0;8;8;0;16;5;3;0;8;0;0;0;0;5;3;0;8;13;11;0;24;0;0;0;0;13;11;0;24;2020
40170;171;557;100;828;7;221;66;294;178;778;166;1122;204;427;100;731;5;198;61;264;209;625;161;995;375;984;200;1559;12;419;127;558;387;1403;327;2117;2020
40171;10;21;3;34;0;0;0;0;10;21;3;34;6;4;2;12;0;1;0;1;6;5;2;13;16;25;5;46;0;1;0;1;16;26;5;47;2020
40172;14;12;0;26;0;0;0;0;14;12;0;26;8;8;0;16;0;2;0;2;8;10;0;18;22;20;0;42;0;2;0;2;22;22;0;44;2020
40173;9;70;16;95;0;10;1;11;9;80;17;106;10;53;10;73;0;13;5;18;10;66;15;91;19;123;26;168;0;23;6;29;19;146;32;197;2020
40174;81;87;12;180;1;7;0;8;82;94;12;188;94;80;14;188;1;8;0;9;95;88;14;197;175;167;26;368;2;15;0;17;177;182;26;385;2020
40176;69;130;21;220;1;16;10;27;70;146;31;247;72;103;10;185;0;22;6;28;72;125;16;213;141;233;31;405;1;38;16;55;142;271;47;460;2020
40177;39;34;0;73;0;4;1;5;39;38;1;78;35;22;0;57;0;6;2;8;35;28;2;65;74;56;0;130;0;10;3;13;74;66;3;143;2020
40178;15;29;5;49;0;0;0;0;15;29;5;49;14;26;4;44;0;0;0;0;14;26;4;44;29;55;9;93;0;0;0;0;29;55;9;93;2020
40179;84;224;46;354;2;97;24;123;86;321;70;477;108;224;55;387;1;90;18;109;109;314;73;496;192;448;101;741;3;187;42;232;195;635;143;973;2020
40180;60;96;7;163;0;10;4;14;60;106;11;177;62;59;6;127;0;8;3;11;62;67;9;138;122;155;13;290;0;18;7;25;122;173;20;315;2020
40181;463;1600;376;2439;2;116;26;144;465;1716;402;2583;607;1571;339;2517;13;147;25;185;620;1718;364;2702;1070;3171;715;4956;15;263;51;329;1085;3434;766;5285;2020
40182;27;57;5;89;0;25;5;30;27;82;10;119;40;47;11;98;0;23;8;31;40;70;19;129;67;104;16;187;0;48;13;61;67;152;29;248;2020
40183;25;37;3;65;1;7;2;10;26;44;5;75;34;22;7;63;0;7;3;10;34;29;10;73;59;59;10;128;1;14;5;20;60;73;15;148;2020
40184;49;74;16;139;0;7;1;8;49;81;17;147;44;64;10;118;2;4;0;6;46;68;10;124;93;138;26;257;2;11;1;14;95;149;27;271;2020
40185;153;287;31;471;4;42;8;54;157;329;39;525;168;190;23;381;3;43;9;55;171;233;32;436;321;477;54;852;7;85;17;109;328;562;71;961;2020
40186;8;9;0;17;0;1;0;1;8;10;0;18;7;7;0;14;0;1;0;1;7;8;0;15;15;16;0;31;0;2;0;2;15;18;0;33;2020
40188;24;27;4;55;1;3;0;4;25;30;4;59;21;8;0;29;0;3;0;3;21;11;0;32;45;35;4;84;1;6;0;7;46;41;4;91;2020
40189;91;170;28;289;1;5;1;7;92;175;29;296;94;113;22;229;1;9;1;11;95;122;23;240;185;283;50;518;2;14;2;18;187;297;52;536;2020
40190;10;15;4;29;0;0;0;0;10;15;4;29;3;17;2;22;1;1;0;2;4;18;2;24;13;32;6;51;1;1;0;2;14;33;6;53;2020
40191;36;76;6;118;0;18;6;24;36;94;12;142;31;58;11;100;1;15;2;18;32;73;13;118;67;134;17;218;1;33;8;42;68;167;25;260;2020
40192;19;53;5;77;0;1;0;1;19;54;5;78;28;34;4;66;0;2;0;2;28;36;4;68;47;87;9;143;0;3;0;3;47;90;9;146;2020
40193;25;91;11;127;0;10;4;14;25;101;15;141;32;75;9;116;0;14;3;17;32;89;12;133;57;166;20;243;0;24;7;31;57;190;27;274;2020
40194;4870;13445;2993;21308;80;2326;614;3020;4950;15771;3607;24328;7051;14384;2952;24387;132;2640;570;3342;7183;17024;3522;27729;11921;27829;5945;45695;212;4966;1184;6362;12133;32795;7129;52057;2020
40195;123;286;41;450;1;38;13;52;124;324;54;502;146;240;41;427;3;32;3;38;149;272;44;465;269;526;82;877;4;70;16;90;273;596;98;967;2020
40196;4;16;0;20;0;1;1;2;4;17;1;22;5;5;1;11;0;0;1;1;5;5;2;12;9;21;1;31;0;1;2;3;9;22;3;34;2020
40198;3;11;1;15;1;0;0;1;4;11;1;16;6;5;1;12;0;0;0;0;6;5;1;12;9;16;2;27;1;0;0;1;10;16;2;28;2020
40199;13;40;7;60;0;2;0;2;13;42;7;62;13;30;8;51;1;4;0;5;14;34;8;56;26;70;15;111;1;6;0;7;27;76;15;118;2020
40200;5;14;3;22;1;2;0;3;6;16;3;25;9;10;2;21;0;2;1;3;9;12;3;24;14;24;5;43;1;4;1;6;15;28;6;49;2020
40201;10;10;0;20;0;3;0;3;10;13;0;23;13;9;0;22;0;1;0;1;13;10;0;23;23;19;0;42;0;4;0;4;23;23;0;46;2020
40202;11;15;1;27;0;1;0;1;11;16;1;28;16;11;0;27;0;0;0;0;16;11;0;27;27;26;1;54;0;1;0;1;27;27;1;55;2020
40203;78;436;116;630;5;53;18;76;83;489;134;706;80;410;111;601;1;48;16;65;81;458;127;666;158;846;227;1231;6;101;34;141;164;947;261;1372;2020
40204;36;43;8;87;0;8;0;8;36;51;8;95;31;32;5;68;1;11;0;12;32;43;5;80;67;75;13;155;1;19;0;20;68;94;13;175;2020
40205;51;69;1;121;1;6;0;7;52;75;1;128;49;58;5;112;2;10;0;12;51;68;5;124;100;127;6;233;3;16;0;19;103;143;6;252;2020
40206;28;64;7;99;0;1;0;1;28;65;7;100;32;50;4;86;0;5;1;6;32;55;5;92;60;114;11;185;0;6;1;7;60;120;12;192;2020
40207;55;370;114;539;1;9;0;10;56;379;114;549;53;355;109;517;0;7;1;8;53;362;110;525;108;725;223;1056;1;16;1;18;109;741;224;1074;2020
40208;134;254;29;417;6;63;15;84;140;317;44;501;130;225;33;388;4;82;11;97;134;307;44;485;264;479;62;805;10;145;26;181;274;624;88;986;2020
40210;21;41;3;65;0;0;0;0;21;41;3;65;17;16;4;37;0;0;0;0;17;16;4;37;38;57;7;102;0;0;0;0;38;57;7;102;2020
40211;14;22;0;36;0;1;0;1;14;23;0;37;16;13;0;29;0;3;0;3;16;16;0;32;30;35;0;65;0;4;0;4;30;39;0;69;2020
40212;7;7;0;14;0;0;0;0;7;7;0;14;7;7;1;15;0;0;0;0;7;7;1;15;14;14;1;29;0;0;0;0;14;14;1;29;2020
40213;22;25;3;50;1;1;1;3;23;26;4;53;21;17;0;38;0;4;0;4;21;21;0;42;43;42;3;88;1;5;1;7;44;47;4;95;2020
40214;40;71;3;114;0;12;3;15;40;83;6;129;48;43;5;96;0;8;1;9;48;51;6;105;88;114;8;210;0;20;4;24;88;134;12;234;2020
40215;19;28;3;50;0;0;0;0;19;28;3;50;18;13;0;31;0;1;0;1;18;14;0;32;37;41;3;81;0;1;0;1;37;42;3;82;2020
40216;69;336;109;514;5;39;15;59;74;375;124;573;97;301;81;479;4;46;13;63;101;347;94;542;166;637;190;993;9;85;28;122;175;722;218;1115;2020
40218;22;26;1;49;0;0;0;0;22;26;1;49;16;16;1;33;0;0;0;0;16;16;1;33;38;42;2;82;0;0;0;0;38;42;2;82;2020
40219;96;205;32;333;1;32;7;40;97;237;39;373;112;167;20;299;2;32;6;40;114;199;26;339;208;372;52;632;3;64;13;80;211;436;65;712;2020
40220;13;15;2;30;0;2;0;2;13;17;2;32;14;18;1;33;1;2;0;3;15;20;1;36;27;33;3;63;1;4;0;5;28;37;3;68;2020
40221;14;12;1;27;0;0;0;0;14;12;1;27;10;14;1;25;0;0;0;0;10;14;1;25;24;26;2;52;0;0;0;0;24;26;2;52;2020
40222;32;53;6;91;0;24;3;27;32;77;9;118;35;41;7;83;1;12;5;18;36;53;12;101;67;94;13;174;1;36;8;45;68;130;21;219;2020
40223;40;104;11;155;4;11;1;16;44;115;12;171;40;56;8;104;3;15;0;18;43;71;8;122;80;160;19;259;7;26;1;34;87;186;20;293;2020
40224;6;4;0;10;0;0;0;0;6;4;0;10;5;1;0;6;0;0;0;0;5;1;0;6;11;5;0;16;0;0;0;0;11;5;0;16;2020
40225;154;415;92;661;4;95;25;124;158;510;117;785;163;356;74;593;4;82;19;105;167;438;93;698;317;771;166;1254;8;177;44;229;325;948;210;1483;2020
40228;90;178;21;289;0;19;2;21;90;197;23;310;79;149;31;259;2;20;0;22;81;169;31;281;169;327;52;548;2;39;2;43;171;366;54;591;2020
40229;9;7;0;16;0;1;0;1;9;8;0;17;6;3;0;9;0;0;0;0;6;3;0;9;15;10;0;25;0;1;0;1;15;11;0;26;2020
40230;14;36;7;57;0;1;0;1;14;37;7;58;12;27;6;45;0;1;1;2;12;28;7;47;26;63;13;102;0;2;1;3;26;65;14;105;2020
40231;17;35;4;56;1;9;2;12;18;44;6;68;20;25;2;47;1;8;1;10;21;33;3;57;37;60;6;103;2;17;3;22;39;77;9;125;2020
40233;63;156;19;238;0;12;3;15;63;168;22;253;62;120;25;207;1;18;6;25;63;138;31;232;125;276;44;445;1;30;9;40;126;306;53;485;2020
40234;67;134;18;219;0;0;0;0;67;134;18;219;74;105;23;202;1;2;0;3;75;107;23;205;141;239;41;421;1;2;0;3;142;241;41;424;2020
40901;40;176;54;270;2;8;0;10;42;184;54;280;54;149;51;254;1;7;2;10;55;156;53;264;94;325;105;524;3;15;2;20;97;340;107;544;2020
40902;25;35;5;65;0;3;1;4;25;38;6;69;29;19;2;50;1;5;1;7;30;24;3;57;54;54;7;115;1;8;2;11;55;62;9;126;2020
40903;18;35;3;56;0;7;2;9;18;42;5;65;19;5;2;26;0;6;1;7;19;11;3;33;37;40;5;82;0;13;3;16;37;53;8;98;2020
40904;41;120;18;179;0;2;2;4;41;122;20;183;72;103;18;193;0;9;1;10;72;112;19;203;113;223;36;372;0;11;3;14;113;234;39;386;2020
40905;34;39;2;75;0;0;0;0;34;39;2;75;29;22;3;54;1;0;0;1;30;22;3;55;63;61;5;129;1;0;0;1;64;61;5;130;2020
40906;92;1069;250;1411;4;96;22;122;96;1165;272;1533;102;1021;265;1388;8;118;33;159;110;1139;298;1547;194;2090;515;2799;12;214;55;281;206;2304;570;3080;2020
41001;158;609;178;945;16;36;8;60;174;645;186;1005;210;604;149;963;14;44;9;67;224;648;158;1030;368;1213;327;1908;30;80;17;127;398;1293;344;2035;2020
41002;152;576;110;838;0;14;0;14;152;590;110;852;195;514;119;828;0;22;4;26;195;536;123;854;347;1090;229;1666;0;36;4;40;347;1126;233;1706;2020
41003;160;1055;344;1559;0;25;7;32;160;1080;351;1591;190;1024;352;1566;1;32;11;44;191;1056;363;1610;350;2079;696;3125;1;57;18;76;351;2136;714;3201;2020
41004;4845;24448;7472;36765;36;610;113;759;4881;25058;7585;37524;6216;23852;7101;37169;34;709;97;840;6250;24561;7198;38009;11061;48300;14573;73934;70;1319;210;1599;11131;49619;14783;75533;2020
41005;791;4009;1253;6053;6;100;15;121;797;4109;1268;6174;952;3787;1130;5869;8;117;18;143;960;3904;1148;6012;1743;7796;2383;11922;14;217;33;264;1757;8013;2416;12186;2020
41006;265;1129;264;1658;0;10;2;12;265;1139;266;1670;337;1044;284;1665;0;12;0;12;337;1056;284;1677;602;2173;548;3323;0;22;2;24;602;2195;550;3347;2020
41007;988;5304;1608;7900;5;227;54;286;993;5531;1662;8186;1351;5117;1544;8012;12;248;45;305;1363;5365;1589;8317;2339;10421;3152;15912;17;475;99;591;2356;10896;3251;16503;2020
41008;120;420;100;640;0;11;0;11;120;431;100;651;139;373;81;593;0;9;0;9;139;382;81;602;259;793;181;1233;0;20;0;20;259;813;181;1253;2020
41009;142;445;78;665;1;7;0;8;143;452;78;673;169;391;64;624;0;10;0;10;169;401;64;634;311;836;142;1289;1;17;0;18;312;853;142;1307;2020
41010;349;2063;620;3032;7;48;8;63;356;2111;628;3095;343;2023;639;3005;4;67;4;75;347;2090;643;3080;692;4086;1259;6037;11;115;12;138;703;4201;1271;6175;2020
41011;1388;6407;1803;9598;6;59;12;77;1394;6466;1815;9675;1790;6219;1728;9737;5;97;19;121;1795;6316;1747;9858;3178;12626;3531;19335;11;156;31;198;3189;12782;3562;19533;2020
41012;336;1411;426;2173;6;139;17;162;342;1550;443;2335;372;1328;392;2092;8;121;32;161;380;1449;424;2253;708;2739;818;4265;14;260;49;323;722;2999;867;4588;2020
41013;458;2052;530;3040;2;40;11;53;460;2092;541;3093;527;1871;515;2913;2;65;10;77;529;1936;525;2990;985;3923;1045;5953;4;105;21;130;989;4028;1066;6083;2020
41014;205;1079;282;1566;3;16;1;20;208;1095;283;1586;261;981;230;1472;4;17;0;21;265;998;230;1493;466;2060;512;3038;7;33;1;41;473;2093;513;3079;2020
41015;423;2364;782;3569;0;65;8;73;423;2429;790;3642;482;2239;777;3498;4;68;10;82;486;2307;787;3580;905;4603;1559;7067;4;133;18;155;909;4736;1577;7222;2020
41016;597;3399;1247;5243;9;164;43;216;606;3563;1290;5459;714;3381;1147;5242;14;177;39;230;728;3558;1186;5472;1311;6780;2394;10485;23;341;82;446;1334;7121;2476;10931;2020
41017;990;7135;2494;10619;10;285;68;363;1000;7420;2562;10982;1110;7286;2382;10778;23;352;45;420;1133;7638;2427;11198;2100;14421;4876;21397;33;637;113;783;2133;15058;4989;22180;2020
41018;830;3855;1093;5778;6;332;69;407;836;4187;1162;6185;1058;3902;992;5952;7;281;76;364;1065;4183;1068;6316;1888;7757;2085;11730;13;613;145;771;1901;8370;2230;12501;2020
41019;336;2211;721;3268;6;116;24;146;342;2327;745;3414;386;2122;704;3212;4;116;20;140;390;2238;724;3352;722;4333;1425;6480;10;232;44;286;732;4565;1469;6766;2020
41020;1077;5591;1408;8076;8;69;17;94;1085;5660;1425;8170;1328;5358;1388;8074;8;88;18;114;1336;5446;1406;8188;2405;10949;2796;16150;16;157;35;208;2421;11106;2831;16358;2020
41021;2015;8506;2386;12907;12;472;95;579;2027;8978;2481;13486;2752;8504;2176;13432;27;524;91;642;2779;9028;2267;14074;4767;17010;4562;26339;39;996;186;1221;4806;18006;4748;27560;2020
41022;435;1707;424;2566;2;47;9;58;437;1754;433;2624;564;1614;374;2552;2;49;11;62;566;1663;385;2614;999;3321;798;5118;4;96;20;120;1003;3417;818;5238;2020
41023;756;3351;907;5014;13;331;85;429;769;3682;992;5443;925;3150;807;4882;5;321;85;411;930;3471;892;5293;1681;6501;1714;9896;18;652;170;840;1699;7153;1884;10736;2020
41024;2190;9566;2333;14089;19;338;55;412;2209;9904;2388;14501;2754;8979;2159;13892;23;353;65;441;2777;9332;2224;14333;4944;18545;4492;27981;42;691;120;853;4986;19236;4612;28834;2020
41025;192;800;205;1197;0;35;10;45;192;835;215;1242;274;801;183;1258;0;44;3;47;274;845;186;1305;466;1601;388;2455;0;79;13;92;466;1680;401;2547;2020
41026;453;1782;457;2692;9;86;12;107;462;1868;469;2799;492;1663;388;2543;8;71;8;87;500;1734;396;2630;945;3445;845;5235;17;157;20;194;962;3602;865;5429;2020
41027;456;1573;366;2395;7;55;8;70;463;1628;374;2465;528;1479;359;2366;4;54;10;68;532;1533;369;2434;984;3052;725;4761;11;109;18;138;995;3161;743;4899;2020
41028;114;1016;305;1435;0;15;3;18;114;1031;308;1453;121;988;242;1351;2;23;4;29;123;1011;246;1380;235;2004;547;2786;2;38;7;47;237;2042;554;2833;2020
41029;1240;5354;1512;8106;14;278;65;357;1254;5632;1577;8463;1617;5554;1432;8603;38;361;51;450;1655;5915;1483;9053;2857;10908;2944;16709;52;639;116;807;2909;11547;3060;17516;2020
41030;55;214;38;307;1;18;4;23;56;232;42;330;70;173;46;289;0;15;6;21;70;188;52;310;125;387;84;596;1;33;10;44;126;420;94;640;2020
41031;149;499;81;729;2;35;5;42;151;534;86;771;182;394;92;668;3;23;3;29;185;417;95;697;331;893;173;1397;5;58;8;71;336;951;181;1468;2020
41032;423;1534;321;2278;3;27;2;32;426;1561;323;2310;520;1447;357;2324;4;40;6;50;524;1487;363;2374;943;2981;678;4602;7;67;8;82;950;3048;686;4684;2020
41033;511;1938;411;2860;3;32;6;41;514;1970;417;2901;704;1842;367;2913;1;40;9;50;705;1882;376;2963;1215;3780;778;5773;4;72;15;91;1219;3852;793;5864;2020
41034;1962;9949;2938;14849;24;467;78;569;1986;10416;3016;15418;2532;9666;2700;14898;34;475;83;592;2566;10141;2783;15490;4494;19615;5638;29747;58;942;161;1161;4552;20557;5799;30908;2020
41035;145;384;76;605;0;5;0;5;145;389;76;610;191;354;73;618;1;7;2;10;192;361;75;628;336;738;149;1223;1;12;2;15;337;750;151;1238;2020
41036;428;1547;339;2314;5;42;2;49;433;1589;341;2363;542;1455;305;2302;1;47;4;52;543;1502;309;2354;970;3002;644;4616;6;89;6;101;976;3091;650;4717;2020
41037;300;1355;310;1965;2;37;9;48;302;1392;319;2013;373;1228;277;1878;2;39;6;47;375;1267;283;1925;673;2583;587;3843;4;76;15;95;677;2659;602;3938;2020
41038;7971;43663;13165;64799;66;1206;259;1531;8037;44869;13424;66330;10151;44252;12487;66890;90;1496;244;1830;10241;45748;12731;68720;18122;87915;25652;131689;156;2702;503;3361;18278;90617;26155;135050;2020
41039;2844;12975;3496;19315;17;290;63;370;2861;13265;3559;19685;3687;12671;3351;19709;18;422;59;499;3705;13093;3410;20208;6531;25646;6847;39024;35;712;122;869;6566;26358;6969;39893;2020
41040;667;5062;1855;7584;19;255;63;337;686;5317;1918;7921;772;5080;1726;7578;18;264;43;325;790;5344;1769;7903;1439;10142;3581;15162;37;519;106;662;1476;10661;3687;15824;2020
41041;819;4087;1086;5992;18;158;45;221;837;4245;1131;6213;1049;4032;967;6048;13;172;51;236;1062;4204;1018;6284;1868;8119;2053;12040;31;330;96;457;1899;8449;2149;12497;2020
41042;637;2377;477;3491;6;50;15;71;643;2427;492;3562;841;2140;522;3503;4;67;16;87;845;2207;538;3590;1478;4517;999;6994;10;117;31;158;1488;4634;1030;7152;2020
41043;63;270;57;390;0;7;0;7;63;277;57;397;83;254;36;373;2;8;2;12;85;262;38;385;146;524;93;763;2;15;2;19;148;539;95;782;2020
41044;510;3457;964;4931;11;102;19;132;521;3559;983;5063;605;3443;907;4955;11;143;21;175;616;3586;928;5130;1115;6900;1871;9886;22;245;40;307;1137;7145;1911;10193;2020
41045;507;2489;757;3753;6;64;16;86;513;2553;773;3839;645;2365;705;3715;5;98;17;120;650;2463;722;3835;1152;4854;1462;7468;11;162;33;206;1163;5016;1495;7674;2020
41046;277;1252;294;1823;0;37;13;50;277;1289;307;1873;372;1181;248;1801;0;38;15;53;372;1219;263;1854;649;2433;542;3624;0;75;28;103;649;2508;570;3727;2020
41047;845;4366;1260;6471;9;121;17;147;854;4487;1277;6618;1009;4507;1122;6638;5;146;21;172;1014;4653;1143;6810;1854;8873;2382;13109;14;267;38;319;1868;9140;2420;13428;2020
41048;261;849;185;1295;0;19;2;21;261;868;187;1316;314;794;165;1273;0;17;2;19;314;811;167;1292;575;1643;350;2568;0;36;4;40;575;1679;354;2608;2020
41049;755;4143;1323;6221;11;206;45;262;766;4349;1368;6483;876;4026;1268;6170;20;193;37;250;896;4219;1305;6420;1631;8169;2591;12391;31;399;82;512;1662;8568;2673;12903;2020
41050;477;2154;497;3128;5;62;15;82;482;2216;512;3210;648;1996;536;3180;3;61;10;74;651;2057;546;3254;1125;4150;1033;6308;8;123;25;156;1133;4273;1058;6464;2020
41051;206;1034;289;1529;2;27;10;39;208;1061;299;1568;262;920;260;1442;1;47;2;50;263;967;262;1492;468;1954;549;2971;3;74;12;89;471;2028;561;3060;2020
41052;281;1311;364;1956;0;7;1;8;281;1318;365;1964;333;1206;326;1865;1;14;2;17;334;1220;328;1882;614;2517;690;3821;1;21;3;25;615;2538;693;3846;2020
41053;1855;9147;2491;13493;21;183;35;239;1876;9330;2526;13732;2250;8937;2366;13553;17;238;38;293;2267;9175;2404;13846;4105;18084;4857;27046;38;421;73;532;4143;18505;4930;27578;2020
41054;61;318;47;426;9;5;0;14;70;323;47;440;86;259;63;408;10;14;1;25;96;273;64;433;147;577;110;834;19;19;1;39;166;596;111;873;2020
41055;1376;6006;1637;9019;3;163;27;193;1379;6169;1664;9212;1809;5902;1498;9209;3;183;23;209;1812;6085;1521;9418;3185;11908;3135;18228;6;346;50;402;3191;12254;3185;18630;2020
41056;352;1549;389;2290;1;20;2;23;353;1569;391;2313;428;1432;360;2220;1;39;5;45;429;1471;365;2265;780;2981;749;4510;2;59;7;68;782;3040;756;4578;2020
41057;42;94;11;147;0;0;0;0;42;94;11;147;60;68;10;138;0;2;0;2;60;70;10;140;102;162;21;285;0;2;0;2;102;164;21;287;2020
41058;1406;7715;2417;11538;15;266;43;324;1421;7981;2460;11862;1774;7467;2267;11508;20;267;41;328;1794;7734;2308;11836;3180;15182;4684;23046;35;533;84;652;3215;15715;4768;23698;2020
41059;2738;14759;4443;21940;37;557;98;692;2775;15316;4541;22632;3385;15396;4282;23063;58;712;90;860;3443;16108;4372;23923;6123;30155;8725;45003;95;1269;188;1552;6218;31424;8913;46555;2020
41060;1533;6093;1742;9368;11;192;48;251;1544;6285;1790;9619;1855;5890;1673;9418;12;237;43;292;1867;6127;1716;9710;3388;11983;3415;18786;23;429;91;543;3411;12412;3506;19329;2020
41061;210;888;203;1301;3;14;2;19;213;902;205;1320;234;829;194;1257;3;12;0;15;237;841;194;1272;444;1717;397;2558;6;26;2;34;450;1743;399;2592;2020
41062;211;921;202;1334;0;24;11;35;211;945;213;1369;256;814;180;1250;1;42;3;46;257;856;183;1296;467;1735;382;2584;1;66;14;81;468;1801;396;2665;2020
41063;228;1212;324;1764;1;27;2;30;229;1239;326;1794;267;1105;335;1707;0;15;2;17;267;1120;337;1724;495;2317;659;3471;1;42;4;47;496;2359;663;3518;2020
41064;525;2349;618;3492;2;27;8;37;527;2376;626;3529;653;2217;592;3462;2;54;6;62;655;2271;598;3524;1178;4566;1210;6954;4;81;14;99;1182;4647;1224;7053;2020
41065;2267;8956;2169;13392;14;153;47;214;2281;9109;2216;13606;3006;8674;2047;13727;14;228;58;300;3020;8902;2105;14027;5273;17630;4216;27119;28;381;105;514;5301;18011;4321;27633;2020
41066;130;528;103;761;0;3;3;6;130;531;106;767;210;452;103;765;0;10;0;10;210;462;103;775;340;980;206;1526;0;13;3;16;340;993;209;1542;2020
41067;630;3098;838;4566;8;122;26;156;638;3220;864;4722;717;3073;772;4562;8;152;22;182;725;3225;794;4744;1347;6171;1610;9128;16;274;48;338;1363;6445;1658;9466;2020
41068;1275;5786;1565;8626;3;102;20;125;1278;5888;1585;8751;1654;5591;1425;8670;8;165;27;200;1662;5756;1452;8870;2929;11377;2990;17296;11;267;47;325;2940;11644;3037;17621;2020
41069;2574;12734;3728;19036;11;236;40;287;2585;12970;3768;19323;2902;12432;3568;18902;12;264;47;323;2914;12696;3615;19225;5476;25166;7296;37938;23;500;87;610;5499;25666;7383;38548;2020
41070;444;2901;994;4339;7;78;7;92;451;2979;1001;4431;504;2813;979;4296;13;87;16;116;517;2900;995;4412;948;5714;1973;8635;20;165;23;208;968;5879;1996;8843;2020
41071;576;2217;574;3367;2;35;6;43;578;2252;580;3410;763;2080;547;3390;4;44;9;57;767;2124;556;3447;1339;4297;1121;6757;6;79;15;100;1345;4376;1136;6857;2020
41072;352;1685;415;2452;2;74;33;109;354;1759;448;2561;473;1599;416;2488;1;81;27;109;474;1680;443;2597;825;3284;831;4940;3;155;60;218;828;3439;891;5158;2020
41073;180;684;120;984;2;7;1;10;182;691;121;994;227;632;137;996;3;15;1;19;230;647;138;1015;407;1316;257;1980;5;22;2;29;412;1338;259;2009;2020
41074;293;1220;300;1813;1;13;2;16;294;1233;302;1829;411;1120;256;1787;2;16;5;23;413;1136;261;1810;704;2340;556;3600;3;29;7;39;707;2369;563;3639;2020
41075;893;4371;1243;6507;4;391;90;485;897;4762;1333;6992;1180;4133;1139;6452;5;419;84;508;1185;4552;1223;6960;2073;8504;2382;12959;9;810;174;993;2082;9314;2556;13952;2020
41076;231;863;186;1280;9;36;0;45;240;899;186;1325;297;769;166;1232;9;37;2;48;306;806;168;1280;528;1632;352;2512;18;73;2;93;546;1705;354;2605;2020
41077;842;3508;982;5332;6;97;21;124;848;3605;1003;5456;1106;3353;901;5360;3;90;23;116;1109;3443;924;5476;1948;6861;1883;10692;9;187;44;240;1957;7048;1927;10932;2020
41078;272;957;220;1449;2;22;2;26;274;979;222;1475;382;868;223;1473;2;25;5;32;384;893;228;1505;654;1825;443;2922;4;47;7;58;658;1872;450;2980;2020
41079;767;3885;1081;5733;10;124;13;147;777;4009;1094;5880;1035;3808;1017;5860;8;156;16;180;1043;3964;1033;6040;1802;7693;2098;11593;18;280;29;327;1820;7973;2127;11920;2020
41080;136;473;112;721;0;14;3;17;136;487;115;738;179;471;90;740;2;13;1;16;181;484;91;756;315;944;202;1461;2;27;4;33;317;971;206;1494;2020
41081;2249;12923;3676;18848;27;334;90;451;2276;13257;3766;19299;2766;13016;3477;19259;22;392;90;504;2788;13408;3567;19763;5015;25939;7153;38107;49;726;180;955;5064;26665;7333;39062;2020
41082;331;1370;293;1994;4;47;20;71;335;1417;313;2065;416;1284;331;2031;6;51;22;79;422;1335;353;2110;747;2654;624;4025;10;98;42;150;757;2752;666;4175;2020
41083;125;446;111;682;3;2;0;5;128;448;111;687;187;393;91;671;1;17;1;19;188;410;92;690;312;839;202;1353;4;19;1;24;316;858;203;1377;2020
41084;285;1131;230;1646;3;30;2;35;288;1161;232;1681;369;1061;212;1642;5;37;4;46;374;1098;216;1688;654;2192;442;3288;8;67;6;81;662;2259;448;3369;2020
41085;332;1778;519;2629;3;55;8;66;335;1833;527;2695;393;1821;551;2765;2;94;8;104;395;1915;559;2869;725;3599;1070;5394;5;149;16;170;730;3748;1086;5564;2020
41086;1502;6354;1945;9801;14;562;103;679;1516;6916;2048;10480;2205;6388;1851;10444;34;702;114;850;2239;7090;1965;11294;3707;12742;3796;20245;48;1264;217;1529;3755;14006;4013;21774;2020
41087;882;4415;1280;6577;23;226;61;310;905;4641;1341;6887;1135;4399;1177;6711;27;264;54;345;1162;4663;1231;7056;2017;8814;2457;13288;50;490;115;655;2067;9304;2572;13943;2020
41088;48;225;35;308;0;2;1;3;48;227;36;311;65;189;28;282;1;1;1;3;66;190;29;285;113;414;63;590;1;3;2;6;114;417;65;596;2020
41089;564;2756;820;4140;9;85;10;104;573;2841;830;4244;720;2698;784;4202;5;78;9;92;725;2776;793;4294;1284;5454;1604;8342;14;163;19;196;1298;5617;1623;8538;2020
41090;397;1350;319;2066;8;23;2;33;405;1373;321;2099;465;1323;308;2096;6;31;3;40;471;1354;311;2136;862;2673;627;4162;14;54;5;73;876;2727;632;4235;2020
41091;53423;203157;52844;309424;622;15380;2587;18589;54045;218537;55431;328013;80034;211996;50029;342059;951;17851;2521;21323;80985;229847;52550;363382;133457;415153;102873;651483;1573;33231;5108;39912;135030;448384;107981;691395;2020
41092;722;3113;782;4617;1;76;15;92;723;3189;797;4709;882;3075;744;4701;1;68;7;76;883;3143;751;4777;1604;6188;1526;9318;2;144;22;168;1606;6332;1548;9486;2020
41093;1508;7967;2759;12234;21;257;67;345;1529;8224;2826;12579;1804;8172;2466;12442;33;343;58;434;1837;8515;2524;12876;3312;16139;5225;24676;54;600;125;779;3366;16739;5350;25455;2020
41094;481;2806;1066;4353;9;112;29;150;490;2918;1095;4503;552;2842;936;4330;9;133;25;167;561;2975;961;4497;1033;5648;2002;8683;18;245;54;317;1051;5893;2056;9000;2020
41095;3511;16602;4571;24684;25;384;80;489;3536;16986;4651;25173;4454;16477;4274;25205;23;484;77;584;4477;16961;4351;25789;7965;33079;8845;49889;48;868;157;1073;8013;33947;9002;50962;2020
41096;585;2498;627;3710;9;70;12;91;594;2568;639;3801;681;2571;601;3853;10;101;11;122;691;2672;612;3975;1266;5069;1228;7563;19;171;23;213;1285;5240;1251;7776;2020
41097;298;1265;377;1940;4;201;56;261;302;1466;433;2201;402;1235;373;2010;6;213;47;266;408;1448;420;2276;700;2500;750;3950;10;414;103;527;710;2914;853;4477;2020
41098;413;2163;567;3143;4;47;7;58;417;2210;574;3201;555;2146;591;3292;5;82;11;98;560;2228;602;3390;968;4309;1158;6435;9;129;18;156;977;4438;1176;6591;2020
41099;441;1573;397;2411;1;33;3;37;442;1606;400;2448;557;1451;350;2358;1;37;3;41;558;1488;353;2399;998;3024;747;4769;2;70;6;78;1000;3094;753;4847;2020
41100;122;347;60;529;1;5;0;6;123;352;60;535;142;342;60;544;1;10;0;11;143;352;60;555;264;689;120;1073;2;15;0;17;266;704;120;1090;2020
41101;526;2570;705;3801;5;128;25;158;531;2698;730;3959;643;2443;629;3715;4;141;23;168;647;2584;652;3883;1169;5013;1334;7516;9;269;48;326;1178;5282;1382;7842;2020
41102;1319;6219;1849;9387;5;204;55;264;1324;6423;1904;9651;1614;5979;1789;9382;3;222;66;291;1617;6201;1855;9673;2933;12198;3638;18769;8;426;121;555;2941;12624;3759;19324;2020
41901;270;1069;283;1622;0;10;4;14;270;1079;287;1636;309;1083;280;1672;1;14;2;17;310;1097;282;1689;579;2152;563;3294;1;24;6;31;580;2176;569;3325;2020
41902;406;1908;513;2827;2;54;14;70;408;1962;527;2897;519;1854;471;2844;1;69;14;84;520;1923;485;2928;925;3762;984;5671;3;123;28;154;928;3885;1012;5825;2020
41903;562;2921;715;4198;8;106;35;149;570;3027;750;4347;654;2803;707;4164;5;102;38;145;659;2905;745;4309;1216;5724;1422;8362;13;208;73;294;1229;5932;1495;8656;2020
41904;167;752;187;1106;19;31;13;63;186;783;200;1169;202;701;171;1074;29;57;14;100;231;758;185;1174;369;1453;358;2180;48;88;27;163;417;1541;385;2343;2020
42001;51;79;8;138;0;11;2;13;51;90;10;151;49;65;10;124;0;9;2;11;49;74;12;135;100;144;18;262;0;20;4;24;100;164;22;286;2020
42003;13;18;1;32;0;0;0;0;13;18;1;32;8;16;2;26;0;1;0;1;8;17;2;27;21;34;3;58;0;1;0;1;21;35;3;59;2020
42004;383;789;197;1369;4;140;40;184;387;929;237;1553;416;739;157;1312;4;125;32;161;420;864;189;1473;799;1528;354;2681;8;265;72;345;807;1793;426;3026;2020
42006;34;66;12;112;0;3;1;4;34;69;13;116;21;33;5;59;0;4;0;4;21;37;5;63;55;99;17;171;0;7;1;8;55;106;18;179;2020
42007;28;25;1;54;1;1;2;4;29;26;3;58;32;13;0;45;0;1;1;2;32;14;1;47;60;38;1;99;1;2;3;6;61;40;4;105;2020
42008;13;14;4;31;0;0;0;0;13;14;4;31;10;11;0;21;0;0;0;0;10;11;0;21;23;25;4;52;0;0;0;0;23;25;4;52;2020
42009;16;27;3;46;0;4;1;5;16;31;4;51;15;15;2;32;0;3;2;5;15;18;4;37;31;42;5;78;0;7;3;10;31;49;8;88;2020
42010;7;6;4;17;0;4;1;5;7;10;5;22;6;2;1;9;0;4;0;4;6;6;1;13;13;8;5;26;0;8;1;9;13;16;6;35;2020
42011;4;3;0;7;0;0;0;0;4;3;0;7;3;5;0;8;0;0;0;0;3;5;0;8;7;8;0;15;0;0;0;0;7;8;0;15;2020
42012;6;9;0;15;0;1;0;1;6;10;0;16;7;5;0;12;0;1;0;1;7;6;0;13;13;14;0;27;0;2;0;2;13;16;0;29;2020
42013;6;9;4;19;0;0;0;0;6;9;4;19;6;7;0;13;0;0;0;0;6;7;0;13;12;16;4;32;0;0;0;0;12;16;4;32;2020
42014;11;21;0;32;0;1;0;1;11;22;0;33;13;10;2;25;2;0;0;2;15;10;2;27;24;31;2;57;2;1;0;3;26;32;2;60;2020
42015;11;8;0;19;0;0;0;0;11;8;0;19;9;1;1;11;0;0;0;0;9;1;1;11;20;9;1;30;0;0;0;0;20;9;1;30;2020
42016;4;11;0;15;0;0;0;0;4;11;0;15;3;2;0;5;0;0;0;0;3;2;0;5;7;13;0;20;0;0;0;0;7;13;0;20;2020
42017;22;49;13;84;0;11;4;15;22;60;17;99;17;44;13;74;1;13;4;18;18;57;17;92;39;93;26;158;1;24;8;33;40;117;34;191;2020
42018;33;39;1;73;0;2;0;2;33;41;1;75;37;12;0;49;0;6;0;6;37;18;0;55;70;51;1;122;0;8;0;8;70;59;1;130;2020
42019;87;217;25;329;2;8;6;16;89;225;31;345;94;126;16;236;1;12;8;21;95;138;24;257;181;343;41;565;3;20;14;37;184;363;55;602;2020
42020;604;1523;346;2473;10;258;44;312;614;1781;390;2785;694;1415;312;2421;7;211;53;271;701;1626;365;2692;1298;2938;658;4894;17;469;97;583;1315;3407;755;5477;2020
42021;13;27;0;40;0;0;0;0;13;27;0;40;16;6;0;22;0;0;0;0;16;6;0;22;29;33;0;62;0;0;0;0;29;33;0;62;2020
42022;47;81;7;135;0;1;0;1;47;82;7;136;38;44;7;89;2;2;3;7;40;46;10;96;85;125;14;224;2;3;3;8;87;128;17;232;2020
42023;8;26;0;34;0;0;0;0;8;26;0;34;13;9;0;22;0;0;0;0;13;9;0;22;21;35;0;56;0;0;0;0;21;35;0;56;2020
42024;21;35;0;56;0;0;0;0;21;35;0;56;14;12;2;28;0;0;0;0;14;12;2;28;35;47;2;84;0;0;0;0;35;47;2;84;2020
42025;207;388;65;660;1;67;22;90;208;455;87;750;231;297;71;599;2;82;21;105;233;379;92;704;438;685;136;1259;3;149;43;195;441;834;179;1454;2020
42026;9;9;2;20;0;3;3;6;9;12;5;26;7;7;2;16;0;4;1;5;7;11;3;21;16;16;4;36;0;7;4;11;16;23;8;47;2020
42027;22;26;0;48;0;0;0;0;22;26;0;48;8;18;2;28;0;0;0;0;8;18;2;28;30;44;2;76;0;0;0;0;30;44;2;76;2020
42028;12;30;6;48;0;0;0;0;12;30;6;48;10;21;5;36;0;3;0;3;10;24;5;39;22;51;11;84;0;3;0;3;22;54;11;87;2020
42029;31;39;3;73;0;1;0;1;31;40;3;74;30;25;2;57;0;2;0;2;30;27;2;59;61;64;5;130;0;3;0;3;61;67;5;133;2020
42030;24;35;4;63;0;2;0;2;24;37;4;65;18;18;2;38;0;0;0;0;18;18;2;38;42;53;6;101;0;2;0;2;42;55;6;103;2020
42031;6;7;0;13;0;0;0;0;6;7;0;13;6;1;0;7;0;0;0;0;6;1;0;7;12;8;0;20;0;0;0;0;12;8;0;20;2020
42032;42;33;0;75;0;1;1;2;42;34;1;77;39;22;0;61;0;3;0;3;39;25;0;64;81;55;0;136;0;4;1;5;81;59;1;141;2020
42033;18;14;0;32;0;0;0;0;18;14;0;32;14;5;1;20;0;1;0;1;14;6;1;21;32;19;1;52;0;1;0;1;32;20;1;53;2020
42034;9;9;0;18;0;1;0;1;9;10;0;19;7;11;1;19;0;0;0;0;7;11;1;19;16;20;1;37;0;1;0;1;16;21;1;38;2020
42035;149;239;28;416;0;17;5;22;149;256;33;438;157;177;31;365;1;34;4;39;158;211;35;404;306;416;59;781;1;51;9;61;307;467;68;842;2020
42036;7;15;0;22;0;0;0;0;7;15;0;22;13;8;0;21;0;1;0;1;13;9;0;22;20;23;0;43;0;1;0;1;20;24;0;44;2020
42037;7;12;0;19;0;0;0;0;7;12;0;19;7;3;2;12;0;0;0;0;7;3;2;12;14;15;2;31;0;0;0;0;14;15;2;31;2020
42038;12;8;0;20;0;0;0;0;12;8;0;20;10;3;0;13;0;0;0;0;10;3;0;13;22;11;0;33;0;0;0;0;22;11;0;33;2020
42039;46;80;4;130;0;5;1;6;46;85;5;136;51;45;7;103;0;5;2;7;51;50;9;110;97;125;11;233;0;10;3;13;97;135;14;246;2020
42041;9;7;0;16;0;0;0;0;9;7;0;16;10;5;0;15;0;0;0;0;10;5;0;15;19;12;0;31;0;0;0;0;19;12;0;31;2020
42042;5;26;6;37;0;1;0;1;5;27;6;38;7;16;8;31;0;0;0;0;7;16;8;31;12;42;14;68;0;1;0;1;12;43;14;69;2020
42043;598;1381;316;2295;3;194;34;231;601;1575;350;2526;660;1307;279;2246;3;220;43;266;663;1527;322;2512;1258;2688;595;4541;6;414;77;497;1264;3102;672;5038;2020
42044;12;19;1;32;0;0;0;0;12;19;1;32;11;8;0;19;0;0;0;0;11;8;0;19;23;27;1;51;0;0;0;0;23;27;1;51;2020
42045;52;98;14;164;1;24;13;38;53;122;27;202;61;65;6;132;0;14;4;18;61;79;10;150;113;163;20;296;1;38;17;56;114;201;37;352;2020
42046;11;15;1;27;1;1;0;2;12;16;1;29;7;13;1;21;0;1;0;1;7;14;1;22;18;28;2;48;1;2;0;3;19;30;2;51;2020
42048;18;20;0;38;0;1;0;1;18;21;0;39;9;7;0;16;0;1;0;1;9;8;0;17;27;27;0;54;0;2;0;2;27;29;0;56;2020
42049;29;33;1;63;0;1;0;1;29;34;1;64;28;13;2;43;0;1;0;1;28;14;2;44;57;46;3;106;0;2;0;2;57;48;3;108;2020
42050;8;14;1;23;0;0;0;0;8;14;1;23;4;6;1;11;0;0;0;0;4;6;1;11;12;20;2;34;0;0;0;0;12;20;2;34;2020
42051;3;4;0;7;0;0;0;0;3;4;0;7;4;3;0;7;0;0;0;0;4;3;0;7;7;7;0;14;0;0;0;0;7;7;0;14;2020
42052;2;8;0;10;0;0;0;0;2;8;0;10;1;3;0;4;0;0;0;0;1;3;0;4;3;11;0;14;0;0;0;0;3;11;0;14;2020
42053;6;7;0;13;0;0;0;0;6;7;0;13;6;1;0;7;0;0;0;0;6;1;0;7;12;8;0;20;0;0;0;0;12;8;0;20;2020
42054;5;7;0;12;0;0;0;0;5;7;0;12;2;3;0;5;0;0;0;0;2;3;0;5;7;10;0;17;0;0;0;0;7;10;0;17;2020
42055;28;53;3;84;0;0;0;0;28;53;3;84;35;37;5;77;0;0;0;0;35;37;5;77;63;90;8;161;0;0;0;0;63;90;8;161;2020
42056;6;16;0;22;0;2;0;2;6;18;0;24;5;7;0;12;0;1;0;1;5;8;0;13;11;23;0;34;0;3;0;3;11;26;0;37;2020
42057;35;40;2;77;0;7;0;7;35;47;2;84;47;16;6;69;0;7;1;8;47;23;7;77;82;56;8;146;0;14;1;15;82;70;9;161;2020
42058;31;28;0;59;0;0;0;0;31;28;0;59;26;16;0;42;0;0;0;0;26;16;0;42;57;44;0;101;0;0;0;0;57;44;0;101;2020
42059;6;4;0;10;0;0;0;0;6;4;0;10;3;6;0;9;0;0;0;0;3;6;0;9;9;10;0;19;0;0;0;0;9;10;0;19;2020
42060;3;15;0;18;0;0;0;0;3;15;0;18;6;3;0;9;0;0;0;0;6;3;0;9;9;18;0;27;0;0;0;0;9;18;0;27;2020
42061;48;117;11;176;0;5;1;6;48;122;12;182;43;61;10;114;1;3;0;4;44;64;10;118;91;178;21;290;1;8;1;10;92;186;22;300;2020
42062;3;11;0;14;0;0;0;0;3;11;0;14;7;0;0;7;0;0;0;0;7;0;0;7;10;11;0;21;0;0;0;0;10;11;0;21;2020
42063;16;9;1;26;0;0;1;1;16;9;2;27;16;3;1;20;0;1;0;1;16;4;1;21;32;12;2;46;0;1;1;2;32;13;3;48;2020
42064;18;22;0;40;0;1;0;1;18;23;0;41;15;23;0;38;0;0;0;0;15;23;0;38;33;45;0;78;0;1;0;1;33;46;0;79;2020
42065;6;10;0;16;0;0;0;0;6;10;0;16;4;2;0;6;0;0;0;0;4;2;0;6;10;12;0;22;0;0;0;0;10;12;0;22;2020
42068;18;31;0;49;0;0;0;0;18;31;0;49;15;13;0;28;0;0;0;0;15;13;0;28;33;44;0;77;0;0;0;0;33;44;0;77;2020
42069;266;504;68;838;1;7;2;10;267;511;70;848;296;427;65;788;0;8;0;8;296;435;65;796;562;931;133;1626;1;15;2;18;563;946;135;1644;2020
42070;8;10;0;18;0;0;0;0;8;10;0;18;10;3;0;13;0;0;0;0;10;3;0;13;18;13;0;31;0;0;0;0;18;13;0;31;2020
42071;42;49;6;97;0;5;2;7;42;54;8;104;40;29;3;72;0;3;2;5;40;32;5;77;82;78;9;169;0;8;4;12;82;86;13;181;2020
42073;22;22;0;44;0;0;0;0;22;22;0;44;16;11;0;27;0;0;0;0;16;11;0;27;38;33;0;71;0;0;0;0;38;33;0;71;2020
42075;16;25;1;42;0;0;0;0;16;25;1;42;23;13;0;36;0;0;0;0;23;13;0;36;39;38;1;78;0;0;0;0;39;38;1;78;2020
42076;43;63;2;108;0;5;0;5;43;68;2;113;55;40;5;100;0;4;0;4;55;44;5;104;98;103;7;208;0;9;0;9;98;112;7;217;2020
42078;176;349;29;554;0;3;3;6;176;352;32;560;190;288;40;518;0;9;1;10;190;297;41;528;366;637;69;1072;0;12;4;16;366;649;73;1088;2020
42079;6;7;0;13;0;0;0;0;6;7;0;13;7;0;0;7;0;0;0;0;7;0;0;7;13;7;0;20;0;0;0;0;13;7;0;20;2020
42080;39;48;2;89;0;0;0;0;39;48;2;89;25;31;4;60;0;1;0;1;25;32;4;61;64;79;6;149;0;1;0;1;64;80;6;150;2020
42081;26;43;8;77;0;1;0;1;26;44;8;78;29;28;11;68;0;1;0;1;29;29;11;69;55;71;19;145;0;2;0;2;55;73;19;147;2020
42082;1;5;0;6;0;0;0;0;1;5;0;6;0;3;0;3;0;0;0;0;0;3;0;3;1;8;0;9;0;0;0;0;1;8;0;9;2020
42083;6;6;0;12;0;0;0;0;6;6;0;12;7;4;0;11;0;0;0;0;7;4;0;11;13;10;0;23;0;0;0;0;13;10;0;23;2020
42084;8;5;0;13;0;1;0;1;8;6;0;14;4;2;0;6;0;0;0;0;4;2;0;6;12;7;0;19;0;1;0;1;12;8;0;20;2020
42085;48;50;0;98;0;0;0;0;48;50;0;98;49;24;0;73;0;0;0;0;49;24;0;73;97;74;0;171;0;0;0;0;97;74;0;171;2020
42086;4;15;0;19;0;0;0;0;4;15;0;19;5;8;0;13;0;0;0;0;5;8;0;13;9;23;0;32;0;0;0;0;9;23;0;32;2020
42087;7;23;2;32;0;0;0;0;7;23;2;32;7;18;6;31;0;0;0;0;7;18;6;31;14;41;8;63;0;0;0;0;14;41;8;63;2020
42088;17;18;2;37;0;0;0;0;17;18;2;37;16;11;1;28;0;1;0;1;16;12;1;29;33;29;3;65;0;1;0;1;33;30;3;66;2020
42089;9;19;2;30;0;2;0;2;9;21;2;32;11;17;1;29;0;0;0;0;11;17;1;29;20;36;3;59;0;2;0;2;20;38;3;61;2020
42090;19;33;0;52;0;0;0;0;19;33;0;52;21;8;0;29;0;1;0;1;21;9;0;30;40;41;0;81;0;1;0;1;40;42;0;82;2020
42092;13;22;1;36;0;0;0;0;13;22;1;36;13;9;1;23;0;0;0;0;13;9;1;23;26;31;2;59;0;0;0;0;26;31;2;59;2020
42093;8;15;0;23;0;5;2;7;8;20;2;30;3;6;0;9;0;5;0;5;3;11;0;14;11;21;0;32;0;10;2;12;11;31;2;44;2020
42094;61;260;56;377;0;7;1;8;61;267;57;385;57;208;58;323;1;12;0;13;58;220;58;336;118;468;114;700;1;19;1;21;119;487;115;721;2020
42095;129;922;320;1371;1;52;14;67;130;974;334;1438;123;837;301;1261;4;59;16;79;127;896;317;1340;252;1759;621;2632;5;111;30;146;257;1870;651;2778;2020
42096;47;87;3;137;0;14;8;22;47;101;11;159;59;46;5;110;1;14;10;25;60;60;15;135;106;133;8;247;1;28;18;47;107;161;26;294;2020
42097;1;13;0;14;0;1;0;1;1;14;0;15;0;2;1;3;0;2;0;2;0;4;1;5;1;15;1;17;0;3;0;3;1;18;1;20;2020
42098;6;1;0;7;0;0;0;0;6;1;0;7;1;1;0;2;0;0;0;0;1;1;0;2;7;2;0;9;0;0;0;0;7;2;0;9;2020
42100;7;13;0;20;0;0;0;0;7;13;0;20;8;1;0;9;0;0;0;0;8;1;0;9;15;14;0;29;0;0;0;0;15;14;0;29;2020
42103;113;188;16;317;1;39;8;48;114;227;24;365;110;123;33;266;1;35;16;52;111;158;49;318;223;311;49;583;2;74;24;100;225;385;73;683;2020
42105;10;11;2;23;0;0;0;0;10;11;2;23;14;9;1;24;0;0;0;0;14;9;1;24;24;20;3;47;0;0;0;0;24;20;3;47;2020
42106;2;7;0;9;0;0;0;0;2;7;0;9;2;2;0;4;0;0;0;0;2;2;0;4;4;9;0;13;0;0;0;0;4;9;0;13;2020
42107;15;22;1;38;0;0;0;0;15;22;1;38;11;18;1;30;0;0;0;0;11;18;1;30;26;40;2;68;0;0;0;0;26;40;2;68;2020
42108;3;3;0;6;0;0;0;0;3;3;0;6;2;1;0;3;0;0;0;0;2;1;0;3;5;4;0;9;0;0;0;0;5;4;0;9;2020
42110;12;24;2;38;0;5;1;6;12;29;3;44;9;10;0;19;0;3;1;4;9;13;1;23;21;34;2;57;0;8;2;10;21;42;4;67;2020
42111;60;88;5;153;0;3;1;4;60;91;6;157;68;48;4;120;0;3;3;6;68;51;7;126;128;136;9;273;0;6;4;10;128;142;13;283;2020
42113;95;166;32;293;1;41;12;54;96;207;44;347;94;159;21;274;6;40;15;61;100;199;36;335;189;325;53;567;7;81;27;115;196;406;80;682;2020
42115;19;31;2;52;0;1;0;1;19;32;2;53;10;23;1;34;0;0;0;0;10;23;1;34;29;54;3;86;0;1;0;1;29;55;3;87;2020
42116;6;18;2;26;0;1;0;1;6;19;2;27;7;3;0;10;0;1;0;1;7;4;0;11;13;21;2;36;0;2;0;2;13;23;2;38;2020
42117;13;59;3;75;0;4;3;7;13;63;6;82;23;33;10;66;1;6;3;10;24;39;13;76;36;92;13;141;1;10;6;17;37;102;19;158;2020
42118;8;6;0;14;0;0;0;0;8;6;0;14;3;1;0;4;0;0;0;0;3;1;0;4;11;7;0;18;0;0;0;0;11;7;0;18;2020
42119;37;40;7;84;0;4;1;5;37;44;8;89;44;18;8;70;0;12;5;17;44;30;13;87;81;58;15;154;0;16;6;22;81;74;21;176;2020
42120;33;50;2;85;0;6;4;10;33;56;6;95;25;21;2;48;1;6;1;8;26;27;3;56;58;71;4;133;1;12;5;18;59;83;9;151;2020
42121;19;17;0;36;0;0;0;0;19;17;0;36;12;4;1;17;0;1;0;1;12;5;1;18;31;21;1;53;0;1;0;1;31;22;1;54;2020
42123;26;55;4;85;0;14;3;17;26;69;7;102;48;28;2;78;0;8;6;14;48;36;8;92;74;83;6;163;0;22;9;31;74;105;15;194;2020
42124;15;18;1;34;0;1;0;1;15;19;1;35;10;11;0;21;0;2;0;2;10;13;0;23;25;29;1;55;0;3;0;3;25;32;1;58;2020
42125;13;34;3;50;0;0;0;0;13;34;3;50;12;15;2;29;0;0;0;0;12;15;2;29;25;49;5;79;0;0;0;0;25;49;5;79;2020
42127;8;10;1;19;0;0;0;0;8;10;1;19;7;7;0;14;0;0;0;0;7;7;0;14;15;17;1;33;0;0;0;0;15;17;1;33;2020
42128;8;16;2;26;0;0;0;0;8;16;2;26;11;9;0;20;0;0;0;0;11;9;0;20;19;25;2;46;0;0;0;0;19;25;2;46;2020
42129;86;268;39;393;0;10;2;12;86;278;41;405;113;210;28;351;1;10;1;12;114;220;29;363;199;478;67;744;1;20;3;24;200;498;70;768;2020
42130;15;21;0;36;0;0;0;0;15;21;0;36;10;5;1;16;0;0;0;0;10;5;1;16;25;26;1;52;0;0;0;0;25;26;1;52;2020
42131;14;14;2;30;0;0;0;0;14;14;2;30;13;10;2;25;0;0;0;0;13;10;2;25;27;24;4;55;0;0;0;0;27;24;4;55;2020
42132;31;48;7;86;0;4;0;4;31;52;7;90;28;30;4;62;0;2;0;2;28;32;4;64;59;78;11;148;0;6;0;6;59;84;11;154;2020
42134;336;1060;209;1605;4;243;38;285;340;1303;247;1890;361;922;247;1530;8;206;41;255;369;1128;288;1785;697;1982;456;3135;12;449;79;540;709;2431;535;3675;2020
42135;17;22;1;40;0;2;0;2;17;24;1;42;17;10;2;29;0;0;0;0;17;10;2;29;34;32;3;69;0;2;0;2;34;34;3;71;2020
42139;7;5;0;12;0;0;0;0;7;5;0;12;7;2;0;9;0;0;0;0;7;2;0;9;14;7;0;21;0;0;0;0;14;7;0;21;2020
42140;3;7;0;10;0;0;0;0;3;7;0;10;3;2;0;5;0;0;0;0;3;2;0;5;6;9;0;15;0;0;0;0;6;9;0;15;2020
42141;19;40;3;62;0;0;0;0;19;40;3;62;21;19;2;42;0;0;0;0;21;19;2;42;40;59;5;104;0;0;0;0;40;59;5;104;2020
42142;9;14;1;24;0;2;0;2;9;16;1;26;8;11;3;22;0;2;0;2;8;13;3;24;17;25;4;46;0;4;0;4;17;29;4;50;2020
42144;97;141;18;256;0;17;4;21;97;158;22;277;74;101;18;193;2;16;4;22;76;117;22;215;171;242;36;449;2;33;8;43;173;275;44;492;2020
42145;26;55;1;82;0;4;0;4;26;59;1;86;26;24;1;51;0;5;0;5;26;29;1;56;52;79;2;133;0;9;0;9;52;88;2;142;2020
42148;2;3;0;5;0;0;0;0;2;3;0;5;3;1;0;4;0;0;0;0;3;1;0;4;5;4;0;9;0;0;0;0;5;4;0;9;2020
42149;75;151;17;243;0;7;2;9;75;158;19;252;66;98;19;183;1;8;1;10;67;106;20;193;141;249;36;426;1;15;3;19;142;264;39;445;2020
42151;6;13;1;20;0;0;0;0;6;13;1;20;8;13;1;22;0;0;0;0;8;13;1;22;14;26;2;42;0;0;0;0;14;26;2;42;2020
42152;15;23;2;40;1;1;0;2;16;24;2;42;11;14;2;27;0;2;0;2;11;16;2;29;26;37;4;67;1;3;0;4;27;40;4;71;2020
42153;5;4;0;9;0;0;0;0;5;4;0;9;4;1;0;5;0;1;0;1;4;2;0;6;9;5;0;14;0;1;0;1;9;6;0;15;2020
42154;21;42;1;64;0;1;0;1;21;43;1;65;12;23;2;37;0;1;0;1;12;24;2;38;33;65;3;101;0;2;0;2;33;67;3;103;2020
42155;37;48;0;85;0;5;0;5;37;53;0;90;44;16;0;60;2;3;1;6;46;19;1;66;81;64;0;145;2;8;1;11;83;72;1;156;2020
42156;6;14;0;20;1;1;0;2;7;15;0;22;5;4;0;9;0;2;0;2;5;6;0;11;11;18;0;29;1;3;0;4;12;21;0;33;2020
42157;4;3;0;7;0;0;0;0;4;3;0;7;2;0;0;2;0;2;0;2;2;2;0;4;6;3;0;9;0;2;0;2;6;5;0;11;2020
42158;23;36;6;65;0;5;4;9;23;41;10;74;18;20;4;42;1;6;1;8;19;26;5;50;41;56;10;107;1;11;5;17;42;67;15;124;2020
42159;11;16;0;27;0;0;0;0;11;16;0;27;6;7;0;13;0;0;0;0;6;7;0;13;17;23;0;40;0;0;0;0;17;23;0;40;2020
42160;52;83;7;142;0;3;1;4;52;86;8;146;50;60;9;119;2;5;0;7;52;65;9;126;102;143;16;261;2;8;1;11;104;151;17;272;2020
42161;23;53;4;80;0;0;0;0;23;53;4;80;31;34;4;69;0;3;0;3;31;37;4;72;54;87;8;149;0;3;0;3;54;90;8;152;2020
42162;368;831;121;1320;5;198;39;242;373;1029;160;1562;431;677;108;1216;6;149;23;178;437;826;131;1394;799;1508;229;2536;11;347;62;420;810;1855;291;2956;2020
42163;6;24;3;33;0;0;0;0;6;24;3;33;7;11;1;19;0;1;0;1;7;12;1;20;13;35;4;52;0;1;0;1;13;36;4;53;2020
42164;226;601;83;910;6;105;27;138;232;706;110;1048;263;506;97;866;7;109;24;140;270;615;121;1006;489;1107;180;1776;13;214;51;278;502;1321;231;2054;2020
42165;71;164;31;266;5;70;6;81;76;234;37;347;63;126;36;225;1;40;10;51;64;166;46;276;134;290;67;491;6;110;16;132;140;400;83;623;2020
42166;11;23;4;38;0;0;0;0;11;23;4;38;8;15;4;27;0;0;0;0;8;15;4;27;19;38;8;65;0;0;0;0;19;38;8;65;2020
42167;52;76;13;141;0;3;1;4;52;79;14;145;50;54;4;108;0;4;3;7;50;58;7;115;102;130;17;249;0;7;4;11;102;137;21;260;2020
42168;27;28;1;56;0;0;0;0;27;28;1;56;23;15;0;38;0;0;0;0;23;15;0;38;50;43;1;94;0;0;0;0;50;43;1;94;2020
42171;30;32;4;66;0;5;1;6;30;37;5;72;36;13;2;51;0;4;1;5;36;17;3;56;66;45;6;117;0;9;2;11;66;54;8;128;2020
42172;7;8;2;17;0;0;0;0;7;8;2;17;8;5;1;14;0;0;0;0;8;5;1;14;15;13;3;31;0;0;0;0;15;13;3;31;2020
42173;3380;10500;2818;16698;34;1682;374;2090;3414;12182;3192;18788;4867;11633;2625;19125;56;1508;344;1908;4923;13141;2969;21033;8247;22133;5443;35823;90;3190;718;3998;8337;25323;6161;39821;2020
42174;26;60;4;90;0;2;0;2;26;62;4;92;33;46;4;83;0;1;0;1;33;47;4;84;59;106;8;173;0;3;0;3;59;109;8;176;2020
42175;3;9;2;14;0;0;0;0;3;9;2;14;3;6;1;10;0;0;0;0;3;6;1;10;6;15;3;24;0;0;0;0;6;15;3;24;2020
42176;6;8;0;14;0;0;0;0;6;8;0;14;5;7;0;12;0;0;0;0;5;7;0;12;11;15;0;26;0;0;0;0;11;15;0;26;2020
42177;19;14;0;33;0;1;0;1;19;15;0;34;13;11;0;24;0;0;0;0;13;11;0;24;32;25;0;57;0;1;0;1;32;26;0;58;2020
42178;26;30;0;56;0;1;0;1;26;31;0;57;32;7;0;39;0;0;0;0;32;7;0;39;58;37;0;95;0;1;0;1;58;38;0;96;2020
42181;78;117;13;208;2;4;1;7;80;121;14;215;88;90;12;190;0;6;3;9;88;96;15;199;166;207;25;398;2;10;4;16;168;217;29;414;2020
42182;15;12;0;27;0;0;0;0;15;12;0;27;13;7;0;20;0;0;0;0;13;7;0;20;28;19;0;47;0;0;0;0;28;19;0;47;2020
42183;30;26;0;56;0;1;0;1;30;27;0;57;29;12;0;41;0;3;0;3;29;15;0;44;59;38;0;97;0;4;0;4;59;42;0;101;2020
42184;16;15;2;33;0;0;0;0;16;15;2;33;13;10;0;23;0;0;0;0;13;10;0;23;29;25;2;56;0;0;0;0;29;25;2;56;2020
42185;8;4;0;12;0;0;0;0;8;4;0;12;10;2;0;12;0;0;0;0;10;2;0;12;18;6;0;24;0;0;0;0;18;6;0;24;2020
42187;13;29;0;42;0;3;0;3;13;32;0;45;11;6;0;17;0;2;0;2;11;8;0;19;24;35;0;59;0;5;0;5;24;40;0;64;2020
42188;5;11;0;16;1;3;0;4;6;14;0;20;9;13;0;22;0;2;1;3;9;15;1;25;14;24;0;38;1;5;1;7;15;29;1;45;2020
42189;6;20;0;26;0;0;0;0;6;20;0;26;8;15;1;24;0;0;0;0;8;15;1;24;14;35;1;50;0;0;0;0;14;35;1;50;2020
42190;14;32;0;46;0;0;0;0;14;32;0;46;24;19;0;43;0;0;0;0;24;19;0;43;38;51;0;89;0;0;0;0;38;51;0;89;2020
42191;36;67;4;107;1;2;1;4;37;69;5;111;38;41;8;87;0;2;2;4;38;43;10;91;74;108;12;194;1;4;3;8;75;112;15;202;2020
42192;9;17;0;26;0;0;0;0;9;17;0;26;3;5;0;8;0;0;0;0;3;5;0;8;12;22;0;34;0;0;0;0;12;22;0;34;2020
42193;3;5;1;9;0;0;0;0;3;5;1;9;3;1;1;5;0;0;0;0;3;1;1;5;6;6;2;14;0;0;0;0;6;6;2;14;2020
42194;23;39;1;63;0;3;1;4;23;42;2;67;53;24;1;78;0;1;1;2;53;25;2;80;76;63;2;141;0;4;2;6;76;67;4;147;2020
42195;22;26;1;49;0;4;0;4;22;30;1;53;19;18;1;38;0;3;0;3;19;21;1;41;41;44;2;87;0;7;0;7;41;51;2;94;2020
42196;2;2;0;4;0;0;0;0;2;2;0;4;1;2;0;3;0;0;0;0;1;2;0;3;3;4;0;7;0;0;0;0;3;4;0;7;2020
42197;17;19;0;36;0;0;0;0;17;19;0;36;17;15;0;32;0;0;0;0;17;15;0;32;34;34;0;68;0;0;0;0;34;34;0;68;2020
42198;4;8;0;12;0;0;0;0;4;8;0;12;4;2;0;6;0;0;0;0;4;2;0;6;8;10;0;18;0;0;0;0;8;10;0;18;2020
42200;18;28;1;47;0;0;0;0;18;28;1;47;18;7;1;26;0;0;0;0;18;7;1;26;36;35;2;73;0;0;0;0;36;35;2;73;2020
42201;7;7;0;14;0;0;0;0;7;7;0;14;1;8;0;9;0;1;0;1;1;9;0;10;8;15;0;23;0;1;0;1;8;16;0;24;2020
42202;5;6;0;11;0;0;0;0;5;6;0;11;5;3;0;8;0;0;0;0;5;3;0;8;10;9;0;19;0;0;0;0;10;9;0;19;2020
42204;9;29;0;38;0;0;0;0;9;29;0;38;7;9;0;16;0;0;0;0;7;9;0;16;16;38;0;54;0;0;0;0;16;38;0;54;2020
42205;23;24;0;47;0;0;0;0;23;24;0;47;18;14;0;32;0;0;0;0;18;14;0;32;41;38;0;79;0;0;0;0;41;38;0;79;2020
42206;3;3;0;6;0;0;0;0;3;3;0;6;1;1;0;2;0;0;0;0;1;1;0;2;4;4;0;8;0;0;0;0;4;4;0;8;2020
42207;4;20;2;26;0;0;0;0;4;20;2;26;6;17;0;23;0;0;0;0;6;17;0;23;10;37;2;49;0;0;0;0;10;37;2;49;2020
42208;6;7;0;13;0;1;0;1;6;8;0;14;4;4;0;8;0;0;0;0;4;4;0;8;10;11;0;21;0;1;0;1;10;12;0;22;2020
42209;32;48;3;83;0;2;1;3;32;50;4;86;23;32;1;56;0;1;1;2;23;33;2;58;55;80;4;139;0;3;2;5;55;83;6;144;2020
42211;16;29;3;48;0;0;0;0;16;29;3;48;18;18;3;39;0;1;0;1;18;19;3;40;34;47;6;87;0;1;0;1;34;48;6;88;2020
42212;15;25;3;43;0;0;0;0;15;25;3;43;7;11;4;22;0;1;0;1;7;12;4;23;22;36;7;65;0;1;0;1;22;37;7;66;2020
42213;9;7;1;17;0;0;0;0;9;7;1;17;7;1;2;10;0;0;0;0;7;1;2;10;16;8;3;27;0;0;0;0;16;8;3;27;2020
42215;139;261;41;441;0;12;0;12;139;273;41;453;118;216;43;377;0;16;1;17;118;232;44;394;257;477;84;818;0;28;1;29;257;505;85;847;2020
42216;9;7;1;17;0;1;0;1;9;8;1;18;6;5;0;11;0;0;0;0;6;5;0;11;15;12;1;28;0;1;0;1;15;13;1;29;2020
42217;7;14;2;23;0;1;0;1;7;15;2;24;8;5;0;13;1;0;0;1;9;5;0;14;15;19;2;36;1;1;0;2;16;20;2;38;2020
42218;13;31;6;50;1;16;3;20;14;47;9;70;6;17;3;26;1;5;1;7;7;22;4;33;19;48;9;76;2;21;4;27;21;69;13;103;2020
42219;10;14;0;24;0;1;2;3;10;15;2;27;9;6;1;16;0;2;0;2;9;8;1;18;19;20;1;40;0;3;2;5;19;23;3;45;2020
43001;113;269;59;441;1;38;3;42;114;307;62;483;102;244;67;413;5;26;3;34;107;270;70;447;215;513;126;854;6;64;6;76;221;577;132;930;2020
43002;204;769;202;1175;11;77;10;98;215;846;212;1273;257;700;168;1125;10;53;7;70;267;753;175;1195;461;1469;370;2300;21;130;17;168;482;1599;387;2468;2020
43003;37;153;66;256;2;13;1;16;39;166;67;272;30;144;41;215;1;12;0;13;31;156;41;228;67;297;107;471;3;25;1;29;70;322;108;500;2020
43004;871;2311;549;3731;70;817;164;1051;941;3128;713;4782;1016;2179;510;3705;61;723;163;947;1077;2902;673;4652;1887;4490;1059;7436;131;1540;327;1998;2018;6030;1386;9434;2020
43005;402;1463;386;2251;14;226;64;304;416;1689;450;2555;493;1381;399;2273;11;226;79;316;504;1607;478;2589;895;2844;785;4524;25;452;143;620;920;3296;928;5144;2020
43006;107;234;60;401;7;46;3;56;114;280;63;457;134;208;47;389;8;45;6;59;142;253;53;448;241;442;107;790;15;91;9;115;256;533;116;905;2020
43007;71;271;58;400;2;42;14;58;73;313;72;458;78;238;70;386;2;43;4;49;80;281;74;435;149;509;128;786;4;85;18;107;153;594;146;893;2020
43008;54;121;15;190;2;8;1;11;56;129;16;201;54;87;18;159;5;11;0;16;59;98;18;175;108;208;33;349;7;19;1;27;115;227;34;376;2020
43009;155;575;118;848;3;59;9;71;158;634;127;919;188;492;122;802;3;54;5;62;191;546;127;864;343;1067;240;1650;6;113;14;133;349;1180;254;1783;2020
43010;56;117;29;202;1;11;5;17;57;128;34;219;45;132;46;223;0;14;2;16;45;146;48;239;101;249;75;425;1;25;7;33;102;274;82;458;2020
43011;99;466;92;657;0;15;2;17;99;481;94;674;99;452;94;645;2;17;3;22;101;469;97;667;198;918;186;1302;2;32;5;39;200;950;191;1341;2020
43012;413;1426;424;2263;40;220;56;316;453;1646;480;2579;482;1477;436;2395;42;227;64;333;524;1704;500;2728;895;2903;860;4658;82;447;120;649;977;3350;980;5307;2020
43013;632;1600;441;2673;169;556;94;819;801;2156;535;3492;724;1536;400;2660;144;498;72;714;868;2034;472;3374;1356;3136;841;5333;313;1054;166;1533;1669;4190;1007;6866;2020
43014;1754;5502;1604;8860;62;1401;352;1815;1816;6903;1956;10675;2104;5311;1438;8853;63;1236;288;1587;2167;6547;1726;10440;3858;10813;3042;17713;125;2637;640;3402;3983;13450;3682;21115;2020
43015;13;52;6;71;0;3;0;3;13;55;6;74;14;33;4;51;0;1;1;2;14;34;5;53;27;85;10;122;0;4;1;5;27;89;11;127;2020
43016;402;1388;364;2154;14;516;197;727;416;1904;561;2881;475;1253;359;2087;17;445;179;641;492;1698;538;2728;877;2641;723;4241;31;961;376;1368;908;3602;1099;5609;2020
43017;16;50;0;66;0;0;0;0;16;50;0;66;18;28;4;50;0;1;0;1;18;29;4;51;34;78;4;116;0;1;0;1;34;79;4;117;2020
43018;84;106;21;211;1;6;1;8;85;112;22;219;91;100;20;211;0;12;2;14;91;112;22;225;175;206;41;422;1;18;3;22;176;224;44;444;2020
43019;196;487;91;774;4;48;18;70;200;535;109;844;207;431;89;727;4;58;11;73;211;489;100;800;403;918;180;1501;8;106;29;143;411;1024;209;1644;2020
43020;250;955;268;1473;16;105;31;152;266;1060;299;1625;261;894;261;1416;13;119;34;166;274;1013;295;1582;511;1849;529;2889;29;224;65;318;540;2073;594;3207;2020
43021;52;135;33;220;3;29;8;40;55;164;41;260;63;86;30;179;1;25;6;32;64;111;36;211;115;221;63;399;4;54;14;72;119;275;77;471;2020
43022;260;457;124;841;5;82;21;108;265;539;145;949;303;444;109;856;5;67;24;96;308;511;133;952;563;901;233;1697;10;149;45;204;573;1050;278;1901;2020
43023;32;73;20;125;0;16;1;17;32;89;21;142;42;63;6;111;1;17;2;20;43;80;8;131;74;136;26;236;1;33;3;37;75;169;29;273;2020
43024;177;641;203;1021;10;112;19;141;187;753;222;1162;191;595;184;970;4;84;17;105;195;679;201;1075;368;1236;387;1991;14;196;36;246;382;1432;423;2237;2020
43025;95;183;23;301;4;28;3;35;99;211;26;336;130;183;30;343;4;36;4;44;134;219;34;387;225;366;53;644;8;64;7;79;233;430;60;723;2020
43026;121;272;56;449;9;156;16;181;130;428;72;630;140;234;61;435;7;58;10;75;147;292;71;510;261;506;117;884;16;214;26;256;277;720;143;1140;2020
43027;29;58;13;100;1;11;4;16;30;69;17;116;36;41;8;85;0;9;1;10;36;50;9;95;65;99;21;185;1;20;5;26;66;119;26;211;2020
43028;376;1150;262;1788;9;112;9;130;385;1262;271;1918;354;1003;242;1599;13;88;13;114;367;1091;255;1713;730;2153;504;3387;22;200;22;244;752;2353;526;3631;2020
43029;46;118;21;185;1;13;1;15;47;131;22;200;53;98;22;173;1;7;1;9;54;105;23;182;99;216;43;358;2;20;2;24;101;236;45;382;2020
43030;57;201;50;308;3;34;14;51;60;235;64;359;53;177;53;283;1;32;10;43;54;209;63;326;110;378;103;591;4;66;24;94;114;444;127;685;2020
43031;164;582;165;911;6;99;37;142;170;681;202;1053;226;509;142;877;1;95;30;126;227;604;172;1003;390;1091;307;1788;7;194;67;268;397;1285;374;2056;2020
43032;96;135;25;256;0;27;1;28;96;162;26;284;104;130;20;254;2;13;1;16;106;143;21;270;200;265;45;510;2;40;2;44;202;305;47;554;2020
43033;63;338;94;495;3;49;5;57;66;387;99;552;76;309;90;475;4;33;13;50;80;342;103;525;139;647;184;970;7;82;18;107;146;729;202;1077;2020
43034;62;166;57;285;6;50;14;70;68;216;71;355;89;160;43;292;3;31;14;48;92;191;57;340;151;326;100;577;9;81;28;118;160;407;128;695;2020
43035;41;85;17;143;0;16;3;19;41;101;20;162;43;69;23;135;0;3;2;5;43;72;25;140;84;154;40;278;0;19;5;24;84;173;45;302;2020
43036;112;356;82;550;6;49;8;63;118;405;90;613;108;325;74;507;5;44;6;55;113;369;80;562;220;681;156;1057;11;93;14;118;231;774;170;1175;2020
43037;2337;6934;1846;11117;218;2118;434;2770;2555;9052;2280;13887;2696;6739;1649;11084;241;1979;410;2630;2937;8718;2059;13714;5033;13673;3495;22201;459;4097;844;5400;5492;17770;4339;27601;2020
43038;2293;8689;2706;13688;270;2466;566;3302;2563;11155;3272;16990;2802;8885;2494;14181;385;2650;528;3563;3187;11535;3022;17744;5095;17574;5200;27869;655;5116;1094;6865;5750;22690;6294;34734;2020
43039;16;39;3;58;0;0;0;0;16;39;3;58;14;31;6;51;0;2;0;2;14;33;6;53;30;70;9;109;0;2;0;2;30;72;9;111;2020
43040;55;109;18;182;1;13;1;15;56;122;19;197;54;107;23;184;1;9;1;11;55;116;24;195;109;216;41;366;2;22;2;26;111;238;43;392;2020
43041;44;65;7;116;0;1;0;1;44;66;7;117;42;58;12;112;2;6;0;8;44;64;12;120;86;123;19;228;2;7;0;9;88;130;19;237;2020
43042;209;911;257;1377;7;26;7;40;216;937;264;1417;202;939;214;1355;8;40;8;56;210;979;222;1411;411;1850;471;2732;15;66;15;96;426;1916;486;2828;2020
43043;333;1455;417;2205;16;124;21;161;349;1579;438;2366;317;1332;358;2007;18;148;18;184;335;1480;376;2191;650;2787;775;4212;34;272;39;345;684;3059;814;4557;2020
43044;526;1463;327;2316;12;408;103;523;538;1871;430;2839;637;1364;318;2319;6;388;88;482;643;1752;406;2801;1163;2827;645;4635;18;796;191;1005;1181;3623;836;5640;2020
43045;21;58;12;91;0;2;0;2;21;60;12;93;23;42;8;73;0;2;0;2;23;44;8;75;44;100;20;164;0;4;0;4;44;104;20;168;2020
43046;13;29;5;47;0;2;1;3;13;31;6;50;16;31;2;49;0;1;0;1;16;32;2;50;29;60;7;96;0;3;1;4;29;63;8;100;2020
43047;447;1789;550;2786;18;504;137;659;465;2293;687;3445;482;1614;506;2602;26;451;141;618;508;2065;647;3220;929;3403;1056;5388;44;955;278;1277;973;4358;1334;6665;2020
43048;126;259;61;446;1;72;10;83;127;331;71;529;147;240;35;422;0;41;11;52;147;281;46;474;273;499;96;868;1;113;21;135;274;612;117;1003;2020
43049;93;309;45;447;2;47;5;54;95;356;50;501;113;223;45;381;3;50;9;62;116;273;54;443;206;532;90;828;5;97;14;116;211;629;104;944;2020
43050;381;999;256;1636;22;189;48;259;403;1188;304;1895;454;912;206;1572;21;206;64;291;475;1118;270;1863;835;1911;462;3208;43;395;112;550;878;2306;574;3758;2020
43051;1352;3343;877;5572;70;818;190;1078;1422;4161;1067;6650;1534;3322;884;5740;100;850;193;1143;1634;4172;1077;6883;2886;6665;1761;11312;170;1668;383;2221;3056;8333;2144;13533;2020
43052;138;330;58;526;10;28;5;43;148;358;63;569;182;286;61;529;11;40;5;56;193;326;66;585;320;616;119;1055;21;68;10;99;341;684;129;1154;2020
43053;25;78;12;115;0;20;3;23;25;98;15;138;28;53;9;90;0;9;7;16;28;62;16;106;53;131;21;205;0;29;10;39;53;160;31;244;2020
43054;344;1031;208;1583;8;189;50;247;352;1220;258;1830;474;972;243;1689;10;172;35;217;484;1144;278;1906;818;2003;451;3272;18;361;85;464;836;2364;536;3736;2020
43055;257;701;210;1168;9;152;30;191;266;853;240;1359;332;696;177;1205;13;124;34;171;345;820;211;1376;589;1397;387;2373;22;276;64;362;611;1673;451;2735;2020
43056;145;252;35;432;1;16;2;19;146;268;37;451;182;223;54;459;0;13;3;16;182;236;57;475;327;475;89;891;1;29;5;35;328;504;94;926;2020
43057;9;15;0;24;0;1;0;1;9;16;0;25;4;10;0;14;0;1;0;1;4;11;0;15;13;25;0;38;0;2;0;2;13;27;0;40;2020
43058;17;35;2;54;0;7;1;8;17;42;3;62;22;22;3;47;0;5;0;5;22;27;3;52;39;57;5;101;0;12;1;13;39;69;6;114;2020
43059;28;98;26;152;1;8;3;12;29;106;29;164;39;97;24;160;0;4;1;5;39;101;25;165;67;195;50;312;1;12;4;17;68;207;54;329;2020
43060;417;911;175;1503;17;181;22;220;434;1092;197;1723;525;845;144;1514;13;133;27;173;538;978;171;1687;942;1756;319;3017;30;314;49;393;972;2070;368;3410;2020
43061;11;13;1;25;1;0;0;1;12;13;1;26;9;6;1;16;0;1;0;1;9;7;1;17;20;19;2;41;1;1;0;2;21;20;2;43;2020
43062;36;100;15;151;5;47;3;55;41;147;18;206;59;81;9;149;5;23;2;30;64;104;11;179;95;181;24;300;10;70;5;85;105;251;29;385;2020
43063;93;185;45;323;2;50;7;59;95;235;52;382;110;156;35;301;5;40;8;53;115;196;43;354;203;341;80;624;7;90;15;112;210;431;95;736;2020
43064;314;722;190;1226;8;282;73;363;322;1004;263;1589;365;668;159;1192;17;232;66;315;382;900;225;1507;679;1390;349;2418;25;514;139;678;704;1904;488;3096;2020
43065;59;131;29;219;5;29;6;40;64;160;35;259;75;118;31;224;4;35;5;44;79;153;36;268;134;249;60;443;9;64;11;84;143;313;71;527;2020
43066;18;64;10;92;0;4;0;4;18;68;10;96;16;63;12;91;0;3;0;3;16;66;12;94;34;127;22;183;0;7;0;7;34;134;22;190;2020
43067;88;189;29;306;28;60;13;101;116;249;42;407;104;161;21;286;14;49;8;71;118;210;29;357;192;350;50;592;42;109;21;172;234;459;71;764;2020
43068;95;155;24;274;2;16;4;22;97;171;28;296;99;147;33;279;1;16;6;23;100;163;39;302;194;302;57;553;3;32;10;45;197;334;67;598;2020
43069;28;74;10;112;1;14;1;16;29;88;11;128;37;52;8;97;0;11;1;12;37;63;9;109;65;126;18;209;1;25;2;28;66;151;20;237;2020
43070;35;84;10;129;0;4;0;4;35;88;10;133;54;74;12;140;1;4;0;5;55;78;12;145;89;158;22;269;1;8;0;9;90;166;22;278;2020
43071;156;301;68;525;3;59;12;74;159;360;80;599;177;261;51;489;2;45;11;58;179;306;62;547;333;562;119;1014;5;104;23;132;338;666;142;1146;2020
43072;16;33;6;55;0;1;0;1;16;34;6;56;12;27;9;48;0;1;0;1;12;28;9;49;28;60;15;103;0;2;0;2;28;62;15;105;2020
43073;14;28;4;46;1;1;0;2;15;29;4;48;9;29;4;42;0;1;0;1;9;30;4;43;23;57;8;88;1;2;0;3;24;59;8;91;2020
43074;205;706;203;1114;6;52;8;66;211;758;211;1180;281;698;183;1162;1;47;5;53;282;745;188;1215;486;1404;386;2276;7;99;13;119;493;1503;399;2395;2020
43075;17;35;4;56;0;6;1;7;17;41;5;63;15;18;4;37;0;6;0;6;15;24;4;43;32;53;8;93;0;12;1;13;32;65;9;106;2020
43076;61;174;41;276;3;31;2;36;64;205;43;312;67;158;32;257;1;24;6;31;68;182;38;288;128;332;73;533;4;55;8;67;132;387;81;600;2020
43077;83;139;19;241;1;31;8;40;84;170;27;281;100;128;23;251;1;25;6;32;101;153;29;283;183;267;42;492;2;56;14;72;185;323;56;564;2020
43078;128;297;72;497;4;39;6;49;132;336;78;546;133;295;65;493;1;28;3;32;134;323;68;525;261;592;137;990;5;67;9;81;266;659;146;1071;2020
43079;46;156;31;233;0;32;9;41;46;188;40;274;53;118;27;198;2;26;5;33;55;144;32;231;99;274;58;431;2;58;14;74;101;332;72;505;2020
43080;42;80;23;145;0;2;1;3;42;82;24;148;41;70;17;128;0;3;1;4;41;73;18;132;83;150;40;273;0;5;2;7;83;155;42;280;2020
43081;58;269;85;412;1;6;2;9;59;275;87;421;60;261;66;387;3;9;3;15;63;270;69;402;118;530;151;799;4;15;5;24;122;545;156;823;2020
43082;71;112;20;203;1;61;8;70;72;173;28;273;66;102;21;189;1;22;7;30;67;124;28;219;137;214;41;392;2;83;15;100;139;297;56;492;2020
43083;17;57;14;88;0;3;0;3;17;60;14;91;23;54;20;97;0;2;0;2;23;56;20;99;40;111;34;185;0;5;0;5;40;116;34;190;2020
43084;85;197;46;328;5;31;11;47;90;228;57;375;101;145;40;286;4;36;5;45;105;181;45;331;186;342;86;614;9;67;16;92;195;409;102;706;2020
43085;42;75;9;126;1;24;4;29;43;99;13;155;52;64;5;121;1;11;3;15;53;75;8;136;94;139;14;247;2;35;7;44;96;174;21;291;2020
43086;606;2044;525;3175;11;434;122;567;617;2478;647;3742;765;1929;457;3151;18;369;99;486;783;2298;556;3637;1371;3973;982;6326;29;803;221;1053;1400;4776;1203;7379;2020
43088;200;857;286;1343;9;115;32;156;209;972;318;1499;229;771;258;1258;6;122;24;152;235;893;282;1410;429;1628;544;2601;15;237;56;308;444;1865;600;2909;2020
43089;42;118;29;189;2;15;4;21;44;133;33;210;33;104;38;175;2;11;5;18;35;115;43;193;75;222;67;364;4;26;9;39;79;248;76;403;2020
43090;150;519;117;786;3;46;7;56;153;565;124;842;139;443;115;697;4;36;3;43;143;479;118;740;289;962;232;1483;7;82;10;99;296;1044;242;1582;2020
43091;20;55;11;86;2;10;1;13;22;65;12;99;14;37;8;59;0;9;1;10;14;46;9;69;34;92;19;145;2;19;2;23;36;111;21;168;2020
43092;844;3031;780;4655;265;1228;275;1768;1109;4259;1055;6423;911;2757;690;4358;244;1151;284;1679;1155;3908;974;6037;1755;5788;1470;9013;509;2379;559;3447;2264;8167;2029;12460;2020
43093;441;1462;371;2274;28;446;126;600;469;1908;497;2874;601;1397;307;2305;40;360;116;516;641;1757;423;2821;1042;2859;678;4579;68;806;242;1116;1110;3665;920;5695;2020
43094;278;793;171;1242;13;249;63;325;291;1042;234;1567;337;772;156;1265;15;200;61;276;352;972;217;1541;615;1565;327;2507;28;449;124;601;643;2014;451;3108;2020
43095;207;1155;308;1670;7;199;41;247;214;1354;349;1917;259;1028;310;1597;7;184;37;228;266;1212;347;1825;466;2183;618;3267;14;383;78;475;480;2566;696;3742;2020
43096;17;41;6;64;1;20;2;23;18;61;8;87;15;27;9;51;0;17;4;21;15;44;13;72;32;68;15;115;1;37;6;44;33;105;21;159;2020
43097;45;153;67;265;2;22;5;29;47;175;72;294;53;162;65;280;2;21;3;26;55;183;68;306;98;315;132;545;4;43;8;55;102;358;140;600;2020
43098;46;141;58;245;0;22;7;29;46;163;65;274;55;120;39;214;2;15;4;21;57;135;43;235;101;261;97;459;2;37;11;50;103;298;108;509;2020
43099;55;81;8;144;3;15;3;21;58;96;11;165;71;71;13;155;3;13;2;18;74;84;15;173;126;152;21;299;6;28;5;39;132;180;26;338;2020
43100;246;1597;521;2364;4;51;4;59;250;1648;525;2423;313;1536;499;2348;5;66;8;79;318;1602;507;2427;559;3133;1020;4712;9;117;12;138;568;3250;1032;4850;2020
43101;32;55;3;90;0;4;0;4;32;59;3;94;28;29;2;59;0;2;0;2;28;31;2;61;60;84;5;149;0;6;0;6;60;90;5;155;2020
43102;94;133;31;258;1;8;6;15;95;141;37;273;92;136;30;258;2;12;0;14;94;148;30;272;186;269;61;516;3;20;6;29;189;289;67;545;2020
43103;75;418;139;632;0;23;4;27;75;441;143;659;82;371;121;574;2;27;2;31;84;398;123;605;157;789;260;1206;2;50;6;58;159;839;266;1264;2020
43104;284;627;163;1074;83;231;54;368;367;858;217;1442;321;553;164;1038;62;232;52;346;383;785;216;1384;605;1180;327;2112;145;463;106;714;750;1643;433;2826;2020
43105;29;60;17;106;0;7;1;8;29;67;18;114;13;55;21;89;0;6;1;7;13;61;22;96;42;115;38;195;0;13;2;15;42;128;40;210;2020
43106;126;281;47;454;3;46;10;59;129;327;57;513;167;231;45;443;5;38;9;52;172;269;54;495;293;512;92;897;8;84;19;111;301;596;111;1008;2020
43107;50;161;39;250;1;15;4;20;51;176;43;270;50;139;33;222;0;8;3;11;50;147;36;233;100;300;72;472;1;23;7;31;101;323;79;503;2020
43108;215;719;177;1111;1;106;11;118;216;825;188;1229;250;643;138;1031;2;62;24;88;252;705;162;1119;465;1362;315;2142;3;168;35;206;468;1530;350;2348;2020
43109;137;1271;430;1838;5;139;35;179;142;1410;465;2017;181;1182;381;1744;1;169;40;210;182;1351;421;1954;318;2453;811;3582;6;308;75;389;324;2761;886;3971;2020
43110;56;84;19;159;2;19;0;21;58;103;19;180;46;63;10;119;2;12;4;18;48;75;14;137;102;147;29;278;4;31;4;39;106;178;33;317;2020
43111;274;875;244;1393;11;90;9;110;285;965;253;1503;276;771;216;1263;17;88;13;118;293;859;229;1381;550;1646;460;2656;28;178;22;228;578;1824;482;2884;2020
43112;40;90;14;144;1;16;5;22;41;106;19;166;44;75;20;139;0;13;3;16;44;88;23;155;84;165;34;283;1;29;8;38;85;194;42;321;2020
43113;68;130;18;216;1;25;7;33;69;155;25;249;77;114;18;209;2;19;9;30;79;133;27;239;145;244;36;425;3;44;16;63;148;288;52;488;2020
43114;40;158;17;215;0;8;0;8;40;166;17;223;58;110;20;188;0;10;3;13;58;120;23;201;98;268;37;403;0;18;3;21;98;286;40;424;2020
43115;22;44;5;71;0;3;0;3;22;47;5;74;20;47;10;77;1;5;1;7;21;52;11;84;42;91;15;148;1;8;1;10;43;99;16;158;2020
43116;72;172;36;280;3;22;6;31;75;194;42;311;80;143;28;251;0;24;2;26;80;167;30;277;152;315;64;531;3;46;8;57;155;361;72;588;2020
43117;24;53;10;87;0;10;0;10;24;63;10;97;34;33;6;73;0;7;0;7;34;40;6;80;58;86;16;160;0;17;0;17;58;103;16;177;2020
43118;64;168;36;268;53;62;5;120;117;230;41;388;75;130;34;239;42;49;8;99;117;179;42;338;139;298;70;507;95;111;13;219;234;409;83;726;2020
43119;58;393;120;571;1;29;3;33;59;422;123;604;67;361;99;527;2;27;3;32;69;388;102;559;125;754;219;1098;3;56;6;65;128;810;225;1163;2020
43120;71;161;36;268;2;14;1;17;73;175;37;285;51;133;27;211;3;17;2;22;54;150;29;233;122;294;63;479;5;31;3;39;127;325;66;518;2020
43121;106;185;42;333;7;40;8;55;113;225;50;388;131;172;39;342;7;43;3;53;138;215;42;395;237;357;81;675;14;83;11;108;251;440;92;783;2020
43122;5;54;23;82;1;2;0;3;6;56;23;85;6;53;15;74;0;3;0;3;6;56;15;77;11;107;38;156;1;5;0;6;12;112;38;162;2020
43123;7898;26869;7845;42612;263;6522;1938;8723;8161;33391;9783;51335;10622;27840;7411;45873;345;6719;1896;8960;10967;34559;9307;54833;18520;54709;15256;88485;608;13241;3834;17683;19128;67950;19090;106168;2020
43124;80;176;30;286;0;26;7;33;80;202;37;319;86;130;22;238;0;23;5;28;86;153;27;266;166;306;52;524;0;49;12;61;166;355;64;585;2020
43125;141;320;51;512;16;52;3;71;157;372;54;583;176;248;55;479;9;35;4;48;185;283;59;527;317;568;106;991;25;87;7;119;342;655;113;1110;2020
43126;120;508;176;804;3;51;16;70;123;559;192;874;146;478;172;796;1;52;19;72;147;530;191;868;266;986;348;1600;4;103;35;142;270;1089;383;1742;2020
43127;95;320;98;513;6;85;7;98;101;405;105;611;103;291;76;470;6;53;6;65;109;344;82;535;198;611;174;983;12;138;13;163;210;749;187;1146;2020
43128;105;377;66;548;1;53;15;69;106;430;81;617;123;319;68;510;3;45;14;62;126;364;82;572;228;696;134;1058;4;98;29;131;232;794;163;1189;2020
43129;579;1799;523;2901;15;323;113;451;594;2122;636;3352;691;1678;433;2802;15;305;95;415;706;1983;528;3217;1270;3477;956;5703;30;628;208;866;1300;4105;1164;6569;2020
43130;34;57;12;103;0;11;0;11;34;68;12;114;36;45;11;92;0;5;0;5;36;50;11;97;70;102;23;195;0;16;0;16;70;118;23;211;2020
43131;648;1871;478;2997;34;345;87;466;682;2216;565;3463;739;1718;441;2898;34;306;84;424;773;2024;525;3322;1387;3589;919;5895;68;651;171;890;1455;4240;1090;6785;2020
43132;41;151;33;225;0;29;11;40;41;180;44;265;55;126;19;200;2;22;5;29;57;148;24;229;96;277;52;425;2;51;16;69;98;328;68;494;2020
43133;618;2308;613;3539;38;496;97;631;656;2804;710;4170;759;2055;572;3386;31;401;91;523;790;2456;663;3909;1377;4363;1185;6925;69;897;188;1154;1446;5260;1373;8079;2020
43134;30;115;32;177;1;14;1;16;31;129;33;193;33;107;22;162;1;13;3;17;34;120;25;179;63;222;54;339;2;27;4;33;65;249;58;372;2020
43135;52;129;21;202;1;59;24;84;53;188;45;286;59;101;31;191;1;48;23;72;60;149;54;263;111;230;52;393;2;107;47;156;113;337;99;549;2020
43136;1418;3789;867;6074;98;941;203;1242;1516;4730;1070;7316;1764;3793;875;6432;98;936;171;1205;1862;4729;1046;7637;3182;7582;1742;12506;196;1877;374;2447;3378;9459;2116;14953;2020
43137;207;780;257;1244;2;77;25;104;209;857;282;1348;231;712;230;1173;6;67;30;103;237;779;260;1276;438;1492;487;2417;8;144;55;207;446;1636;542;2624;2020
43138;378;979;255;1612;8;220;46;274;386;1199;301;1886;430;900;248;1578;11;197;43;251;441;1097;291;1829;808;1879;503;3190;19;417;89;525;827;2296;592;3715;2020
43139;275;729;184;1188;4;111;38;153;279;840;222;1341;359;698;156;1213;6;82;30;118;365;780;186;1331;634;1427;340;2401;10;193;68;271;644;1620;408;2672;2020
43140;275;970;295;1540;11;127;36;174;286;1097;331;1714;325;906;256;1487;6;117;29;152;331;1023;285;1639;600;1876;551;3027;17;244;65;326;617;2120;616;3353;2020
43141;26;34;3;63;0;3;0;3;26;37;3;66;15;33;6;54;0;2;0;2;15;35;6;56;41;67;9;117;0;5;0;5;41;72;9;122;2020
43142;141;434;94;669;2;101;26;129;143;535;120;798;158;360;105;623;5;80;32;117;163;440;137;740;299;794;199;1292;7;181;58;246;306;975;257;1538;2020
43143;8;17;1;26;0;0;0;0;8;17;1;26;10;17;0;27;0;0;0;0;10;17;0;27;18;34;1;53;0;0;0;0;18;34;1;53;2020
43144;123;514;149;786;4;63;6;73;127;577;155;859;143;487;147;777;1;59;12;72;144;546;159;849;266;1001;296;1563;5;122;18;145;271;1123;314;1708;2020
43145;415;1757;469;2641;4;165;57;226;419;1922;526;2867;501;1669;447;2617;5;152;42;199;506;1821;489;2816;916;3426;916;5258;9;317;99;425;925;3743;1015;5683;2020
43146;10;17;3;30;0;0;0;0;10;17;3;30;3;8;3;14;0;0;0;0;3;8;3;14;13;25;6;44;0;0;0;0;13;25;6;44;2020
43147;85;182;47;314;0;15;4;19;85;197;51;333;93;168;28;289;0;9;1;10;93;177;29;299;178;350;75;603;0;24;5;29;178;374;80;632;2020
43148;10172;33889;9234;53295;390;10759;2222;13371;10562;44648;11456;66666;13784;34977;8786;57547;589;9534;2160;12283;14373;44511;10946;69830;23956;68866;18020;110842;979;20293;4382;25654;24935;89159;22402;136496;2020
43149;118;241;34;393;6;53;5;64;124;294;39;457;150;192;42;384;5;51;5;61;155;243;47;445;268;433;76;777;11;104;10;125;279;537;86;902;2020
43150;187;420;96;703;8;90;11;109;195;510;107;812;227;415;76;718;10;65;14;89;237;480;90;807;414;835;172;1421;18;155;25;198;432;990;197;1619;2020
43151;21;34;12;67;0;1;1;2;21;35;13;69;20;31;6;57;0;4;1;5;20;35;7;62;41;65;18;124;0;5;2;7;41;70;20;131;2020
43152;75;152;26;253;2;43;10;55;77;195;36;308;78;134;33;245;3;35;10;48;81;169;43;293;153;286;59;498;5;78;20;103;158;364;79;601;2020
43153;1346;4252;1093;6691;89;1095;259;1443;1435;5347;1352;8134;1663;4254;1082;6999;108;1079;247;1434;1771;5333;1329;8433;3009;8506;2175;13690;197;2174;506;2877;3206;10680;2681;16567;2020
43154;24;44;8;76;0;7;2;9;24;51;10;85;25;31;4;60;1;6;0;7;26;37;4;67;49;75;12;136;1;13;2;16;50;88;14;152;2020
43155;2846;8162;2231;13239;121;2710;524;3355;2967;10872;2755;16594;3847;8020;2106;13973;97;2239;536;2872;3944;10259;2642;16845;6693;16182;4337;27212;218;4949;1060;6227;6911;21131;5397;33439;2020
43156;555;1615;369;2539;45;761;149;955;600;2376;518;3494;650;1296;354;2300;52;555;124;731;702;1851;478;3031;1205;2911;723;4839;97;1316;273;1686;1302;4227;996;6525;2020
43157;76;125;15;216;0;7;3;10;76;132;18;226;66;81;13;160;1;10;1;12;67;91;14;172;142;206;28;376;1;17;4;22;143;223;32;398;2020
43158;12;31;8;51;0;1;0;1;12;32;8;52;9;21;5;35;0;1;0;1;9;22;5;36;21;52;13;86;0;2;0;2;21;54;13;88;2020
43159;18;28;0;46;0;1;0;1;18;29;0;47;15;13;0;28;1;1;0;2;16;14;0;30;33;41;0;74;1;2;0;3;34;43;0;77;2020
43160;146;536;136;818;0;62;10;72;146;598;146;890;156;506;152;814;3;61;6;70;159;567;158;884;302;1042;288;1632;3;123;16;142;305;1165;304;1774;2020
43161;1912;6576;1674;10162;55;1657;412;2124;1967;8233;2086;12286;2508;6459;1585;10552;51;1191;397;1639;2559;7650;1982;12191;4420;13035;3259;20714;106;2848;809;3763;4526;15883;4068;24477;2020
43162;465;1789;549;2803;43;363;95;501;508;2152;644;3304;571;1672;475;2718;58;427;96;581;629;2099;571;3299;1036;3461;1024;5521;101;790;191;1082;1137;4251;1215;6603;2020
43163;3146;10060;2831;16037;198;2261;556;3015;3344;12321;3387;19052;3726;9965;2736;16427;199;2193;502;2894;3925;12158;3238;19321;6872;20025;5567;32464;397;4454;1058;5909;7269;24479;6625;38373;2020
43164;50;120;33;203;6;17;4;27;56;137;37;230;37;100;29;166;2;17;2;21;39;117;31;187;87;220;62;369;8;34;6;48;95;254;68;417;2020
43165;83;202;35;320;3;40;10;53;86;242;45;373;96;186;34;316;1;27;12;40;97;213;46;356;179;388;69;636;4;67;22;93;183;455;91;729;2020
43166;154;670;257;1081;3;114;25;142;157;784;282;1223;180;655;222;1057;3;96;26;125;183;751;248;1182;334;1325;479;2138;6;210;51;267;340;1535;530;2405;2020
43167;54;164;43;261;9;23;3;35;63;187;46;296;48;148;45;241;4;20;4;28;52;168;49;269;102;312;88;502;13;43;7;63;115;355;95;565;2020
43168;14;34;5;53;0;3;0;3;14;37;5;56;6;32;6;44;0;5;2;7;6;37;8;51;20;66;11;97;0;8;2;10;20;74;13;107;2020
43169;57;177;27;261;1;30;5;36;58;207;32;297;59;150;26;235;0;20;3;23;59;170;29;258;116;327;53;496;1;50;8;59;117;377;61;555;2020
43170;108;368;88;564;3;88;22;113;111;456;110;677;130;304;77;511;1;67;20;88;131;371;97;599;238;672;165;1075;4;155;42;201;242;827;207;1276;2020
43171;1356;6224;1927;9507;73;1401;336;1810;1429;7625;2263;11317;1573;6035;1834;9442;96;1387;313;1796;1669;7422;2147;11238;2929;12259;3761;18949;169;2788;649;3606;3098;15047;4410;22555;2020
43172;39;144;30;213;2;21;1;24;41;165;31;237;46;115;28;189;0;14;3;17;46;129;31;206;85;259;58;402;2;35;4;41;87;294;62;443;2020
43173;19;41;8;68;0;4;0;4;19;45;8;72;16;25;10;51;1;7;2;10;17;32;12;61;35;66;18;119;1;11;2;14;36;77;20;133;2020
43174;24;50;16;90;1;18;1;20;25;68;17;110;23;51;11;85;1;7;1;9;24;58;12;94;47;101;27;175;2;25;2;29;49;126;29;204;2020
43175;91;179;32;302;0;9;2;11;91;188;34;313;110;149;38;297;0;11;0;11;110;160;38;308;201;328;70;599;0;20;2;22;201;348;72;621;2020
43176;125;276;49;450;0;21;7;28;125;297;56;478;139;216;36;391;0;19;2;21;139;235;38;412;264;492;85;841;0;40;9;49;264;532;94;890;2020
43177;42;94;30;166;1;35;13;49;43;129;43;215;53;99;18;170;2;29;9;40;55;128;27;210;95;193;48;336;3;64;22;89;98;257;70;425;2020
43178;188;590;167;945;3;135;30;168;191;725;197;1113;152;547;168;867;5;111;28;144;157;658;196;1011;340;1137;335;1812;8;246;58;312;348;1383;393;2124;2020
43901;1136;3297;777;5210;21;511;107;639;1157;3808;884;5849;1380;3077;736;5193;29;417;90;536;1409;3494;826;5729;2516;6374;1513;10403;50;928;197;1175;2566;7302;1710;11578;2020
43902;390;1017;218;1625;6;135;15;156;396;1152;233;1781;444;929;236;1609;6;106;25;137;450;1035;261;1746;834;1946;454;3234;12;241;40;293;846;2187;494;3527;2020
43903;328;848;225;1401;18;151;47;216;346;999;272;1617;420;773;155;1348;16;167;46;229;436;940;201;1577;748;1621;380;2749;34;318;93;445;782;1939;473;3194;2020
43904;422;1025;268;1715;12;388;82;482;434;1413;350;2197;466;961;218;1645;2;235;68;305;468;1196;286;1950;888;1986;486;3360;14;623;150;787;902;2609;636;4147;2020
43905;1447;6327;1718;9492;274;4207;763;5244;1721;10534;2481;14736;1704;6009;1541;9254;314;3545;677;4536;2018;9554;2218;13790;3151;12336;3259;18746;588;7752;1440;9780;3739;20088;4699;28526;2020
43906;347;755;154;1256;85;294;48;427;432;1049;202;1683;340;698;164;1202;98;251;43;392;438;949;207;1594;687;1453;318;2458;183;545;91;819;870;1998;409;3277;2020
43907;408;1793;521;2722;4;144;42;190;412;1937;563;2912;493;1796;518;2807;13;179;45;237;506;1975;563;3044;901;3589;1039;5529;17;323;87;427;918;3912;1126;5956;2020
44001;13;30;3;46;0;0;0;0;13;30;3;46;11;16;3;30;0;1;0;1;11;17;3;31;24;46;6;76;0;1;0;1;24;47;6;77;2020
44002;11;19;1;31;0;0;0;0;11;19;1;31;7;11;0;18;0;1;0;1;7;12;0;19;18;30;1;49;0;1;0;1;18;31;1;50;2020
44003;3;4;0;7;0;0;0;0;3;4;0;7;4;7;1;12;0;0;0;0;4;7;1;12;7;11;1;19;0;0;0;0;7;11;1;19;2020
44004;46;148;29;223;1;20;6;27;47;168;35;250;61;138;31;230;2;29;5;36;63;167;36;266;107;286;60;453;3;49;11;63;110;335;71;516;2020
44005;9;20;2;31;0;7;2;9;9;27;4;40;11;11;0;22;0;4;3;7;11;15;3;29;20;31;2;53;0;11;5;16;20;42;7;69;2020
44006;47;60;5;112;0;10;2;12;47;70;7;124;61;45;2;108;0;5;1;6;61;50;3;114;108;105;7;220;0;15;3;18;108;120;10;238;2020
44007;34;47;6;87;0;5;1;6;34;52;7;93;34;32;2;68;0;4;0;4;34;36;2;72;68;79;8;155;0;9;1;10;68;88;9;165;2020
44008;228;573;99;900;3;83;21;107;231;656;120;1007;285;479;104;868;4;76;17;97;289;555;121;965;513;1052;203;1768;7;159;38;204;520;1211;241;1972;2020
44009;107;298;67;472;0;39;3;42;107;337;70;514;129;264;55;448;2;36;6;44;131;300;61;492;236;562;122;920;2;75;9;86;238;637;131;1006;2020
44010;26;75;21;122;1;25;8;34;27;100;29;156;26;60;17;103;0;21;9;30;26;81;26;133;52;135;38;225;1;46;17;64;53;181;55;289;2020
44011;15;15;0;30;0;2;2;4;15;17;2;34;11;6;0;17;1;1;0;2;12;7;0;19;26;21;0;47;1;3;2;6;27;24;2;53;2020
44012;45;117;10;172;1;6;0;7;46;123;10;179;46;92;10;148;0;4;0;4;46;96;10;152;91;209;20;320;1;10;0;11;92;219;20;331;2020
44013;1310;4376;1207;6893;32;809;219;1060;1342;5185;1426;7953;1646;4093;1197;6936;48;850;219;1117;1694;4943;1416;8053;2956;8469;2404;13829;80;1659;438;2177;3036;10128;2842;16006;2020
44014;329;946;243;1518;0;125;35;160;329;1071;278;1678;372;892;211;1475;2;104;39;145;374;996;250;1620;701;1838;454;2993;2;229;74;305;703;2067;528;3298;2020
44016;90;124;9;223;1;16;11;28;91;140;20;251;113;83;13;209;0;18;4;22;113;101;17;231;203;207;22;432;1;34;15;50;204;241;37;482;2020
44017;46;100;14;160;1;14;5;20;47;114;19;180;49;70;13;132;1;11;2;14;50;81;15;146;95;170;27;292;2;25;7;34;97;195;34;326;2020
44018;5;5;0;10;0;0;0;0;5;5;0;10;3;1;0;4;0;0;0;0;3;1;0;4;8;6;0;14;0;0;0;0;8;6;0;14;2020
44019;10;30;0;40;0;0;0;0;10;30;0;40;9;15;0;24;0;0;0;0;9;15;0;24;19;45;0;64;0;0;0;0;19;45;0;64;2020
44020;6;7;0;13;0;0;0;0;6;7;0;13;3;5;0;8;0;0;0;0;3;5;0;8;9;12;0;21;0;0;0;0;9;12;0;21;2020
44021;21;33;6;60;0;2;1;3;21;35;7;63;25;26;6;57;0;3;1;4;25;29;7;61;46;59;12;117;0;5;2;7;46;64;14;124;2020
44022;96;151;27;274;0;15;11;26;96;166;38;300;98;129;22;249;0;17;6;23;98;146;28;272;194;280;49;523;0;32;17;49;194;312;66;572;2020
44023;6;6;2;14;0;2;0;2;6;8;2;16;3;3;0;6;0;2;0;2;3;5;0;8;9;9;2;20;0;4;0;4;9;13;2;24;2020
44024;5;15;0;20;0;0;0;0;5;15;0;20;4;8;0;12;0;0;0;0;4;8;0;12;9;23;0;32;0;0;0;0;9;23;0;32;2020
44025;670;2278;435;3383;6;229;68;303;676;2507;503;3686;799;2108;441;3348;8;243;60;311;807;2351;501;3659;1469;4386;876;6731;14;472;128;614;1483;4858;1004;7345;2020
44026;15;43;9;67;1;2;0;3;16;45;9;70;12;25;8;45;0;3;0;3;12;28;8;48;27;68;17;112;1;5;0;6;28;73;17;118;2020
44027;34;43;3;80;9;14;2;25;43;57;5;105;31;40;6;77;3;19;1;23;34;59;7;100;65;83;9;157;12;33;3;48;77;116;12;205;2020
44028;38;48;8;94;0;2;0;2;38;50;8;96;40;49;8;97;0;0;0;0;40;49;8;97;78;97;16;191;0;2;0;2;78;99;16;193;2020
44029;75;221;30;326;0;32;5;37;75;253;35;363;95;193;35;323;0;21;7;28;95;214;42;351;170;414;65;649;0;53;12;65;170;467;77;714;2020
44031;15;29;3;47;0;1;0;1;15;30;3;48;25;15;0;40;0;5;0;5;25;20;0;45;40;44;3;87;0;6;0;6;40;50;3;93;2020
44032;4;8;0;12;0;0;0;0;4;8;0;12;1;4;2;7;0;0;0;0;1;4;2;7;5;12;2;19;0;0;0;0;5;12;2;19;2020
44033;64;77;2;143;0;10;2;12;64;87;4;155;55;49;5;109;0;20;1;21;55;69;6;130;119;126;7;252;0;30;3;33;119;156;10;285;2020
44034;23;48;7;78;0;4;0;4;23;52;7;82;37;20;5;62;0;1;1;2;37;21;6;64;60;68;12;140;0;5;1;6;60;73;13;146;2020
44035;23;29;4;56;0;2;0;2;23;31;4;58;18;28;4;50;0;1;0;1;18;29;4;51;41;57;8;106;0;3;0;3;41;60;8;109;2020
44036;5;10;1;16;0;2;0;2;5;12;1;18;1;7;2;10;1;0;0;1;2;7;2;11;6;17;3;26;1;2;0;3;7;19;3;29;2020
44037;67;158;27;252;3;14;4;21;70;172;31;273;86;133;24;243;1;11;3;15;87;144;27;258;153;291;51;495;4;25;7;36;157;316;58;531;2020
44038;23;29;4;56;1;1;0;2;24;30;4;58;28;27;8;63;0;2;0;2;28;29;8;65;51;56;12;119;1;3;0;4;52;59;12;123;2020
44039;50;51;4;105;1;3;1;5;51;54;5;110;48;50;5;103;0;4;2;6;48;54;7;109;98;101;9;208;1;7;3;11;99;108;12;219;2020
44040;27;72;11;110;0;7;1;8;27;79;12;118;32;68;15;115;0;5;3;8;32;73;18;123;59;140;26;225;0;12;4;16;59;152;30;241;2020
44041;4;33;2;39;0;3;1;4;4;36;3;43;7;14;1;22;0;2;0;2;7;16;1;24;11;47;3;61;0;5;1;6;11;52;4;67;2020
44042;27;40;1;68;0;3;3;6;27;43;4;74;19;26;3;48;0;3;0;3;19;29;3;51;46;66;4;116;0;6;3;9;46;72;7;125;2020
44043;23;34;2;59;0;0;0;0;23;34;2;59;17;12;1;30;0;3;0;3;17;15;1;33;40;46;3;89;0;3;0;3;40;49;3;92;2020
44044;16;33;5;54;0;4;0;4;16;37;5;58;18;18;4;40;0;3;4;7;18;21;8;47;34;51;9;94;0;7;4;11;34;58;13;105;2020
44045;49;152;21;222;0;13;1;14;49;165;22;236;43;112;17;172;1;7;1;9;44;119;18;181;92;264;38;394;1;20;2;23;93;284;40;417;2020
44046;13;7;0;20;0;5;1;6;13;12;1;26;14;6;0;20;0;3;0;3;14;9;0;23;27;13;0;40;0;8;1;9;27;21;1;49;2020
44047;42;61;3;106;0;6;1;7;42;67;4;113;58;32;4;94;0;4;0;4;58;36;4;98;100;93;7;200;0;10;1;11;100;103;8;211;2020
44048;7;24;0;31;0;2;0;2;7;26;0;33;8;10;0;18;0;0;0;0;8;10;0;18;15;34;0;49;0;2;0;2;15;36;0;51;2020
44049;147;247;39;433;4;38;8;50;151;285;47;483;180;217;53;450;5;31;9;45;185;248;62;495;327;464;92;883;9;69;17;95;336;533;109;978;2020
44050;403;1156;285;1844;5;260;83;348;408;1416;368;2192;496;1124;252;1872;9;275;81;365;505;1399;333;2237;899;2280;537;3716;14;535;164;713;913;2815;701;4429;2020
44051;355;946;193;1494;6;343;62;411;361;1289;255;1905;444;869;185;1498;10;342;67;419;454;1211;252;1917;799;1815;378;2992;16;685;129;830;815;2500;507;3822;2020
44052;19;24;1;44;0;0;0;0;19;24;1;44;13;17;0;30;0;0;0;0;13;17;0;30;32;41;1;74;0;0;0;0;32;41;1;74;2020
44053;18;47;8;73;1;2;1;4;19;49;9;77;20;24;7;51;1;4;0;5;21;28;7;56;38;71;15;124;2;6;1;9;40;77;16;133;2020
44054;19;39;8;66;0;0;1;1;19;39;9;67;8;27;3;38;0;2;0;2;8;29;3;40;27;66;11;104;0;2;1;3;27;68;12;107;2020
44055;12;35;3;50;0;5;2;7;12;40;5;57;10;15;5;30;0;4;1;5;10;19;6;35;22;50;8;80;0;9;3;12;22;59;11;92;2020
44056;83;142;21;246;1;50;23;74;84;192;44;320;99;113;18;230;3;47;15;65;102;160;33;295;182;255;39;476;4;97;38;139;186;352;77;615;2020
44059;85;205;58;348;1;27;10;38;86;232;68;386;93;193;33;319;0;22;2;24;93;215;35;343;178;398;91;667;1;49;12;62;179;447;103;729;2020
44060;7;14;0;21;0;0;0;0;7;14;0;21;6;5;1;12;0;0;0;0;6;5;1;12;13;19;1;33;0;0;0;0;13;19;1;33;2020
44061;18;29;2;49;0;5;1;6;18;34;3;55;13;18;1;32;0;3;2;5;13;21;3;37;31;47;3;81;0;8;3;11;31;55;6;92;2020
44062;12;11;0;23;1;0;0;1;13;11;0;24;4;6;0;10;0;2;0;2;4;8;0;12;16;17;0;33;1;2;0;3;17;19;0;36;2020
44063;14;25;3;42;0;10;5;15;14;35;8;57;8;19;3;30;0;8;5;13;8;27;8;43;22;44;6;72;0;18;10;28;22;62;16;100;2020
44064;19;21;1;41;0;0;0;0;19;21;1;41;15;9;1;25;0;1;0;1;15;10;1;26;34;30;2;66;0;1;0;1;34;31;2;67;2020
44065;15;20;1;36;0;0;0;0;15;20;1;36;15;3;1;19;0;0;0;0;15;3;1;19;30;23;2;55;0;0;0;0;30;23;2;55;2020
44066;16;32;4;52;0;0;0;0;16;32;4;52;16;21;4;41;0;0;0;0;16;21;4;41;32;53;8;93;0;0;0;0;32;53;8;93;2020
44067;13;41;7;61;0;6;2;8;13;47;9;69;19;30;7;56;2;5;2;9;21;35;9;65;32;71;14;117;2;11;4;17;34;82;18;134;2020
44068;113;229;56;398;2;17;6;25;115;246;62;423;110;192;58;360;0;10;7;17;110;202;65;377;223;421;114;758;2;27;13;42;225;448;127;800;2020
44070;13;23;0;36;0;1;0;1;13;24;0;37;10;6;0;16;0;2;0;2;10;8;0;18;23;29;0;52;0;3;0;3;23;32;0;55;2020
44071;100;197;22;319;3;17;2;22;103;214;24;341;113;174;23;310;5;16;4;25;118;190;27;335;213;371;45;629;8;33;6;47;221;404;51;676;2020
44074;73;145;28;246;2;45;19;66;75;190;47;312;69;161;37;267;2;42;16;60;71;203;53;327;142;306;65;513;4;87;35;126;146;393;100;639;2020
44075;52;128;9;189;0;14;7;21;52;142;16;210;56;80;9;145;0;9;3;12;56;89;12;157;108;208;18;334;0;23;10;33;108;231;28;367;2020
44076;346;735;152;1233;1;74;13;88;347;809;165;1321;383;630;147;1160;5;66;19;90;388;696;166;1250;729;1365;299;2393;6;140;32;178;735;1505;331;2571;2020
44077;14;33;2;49;1;3;3;7;15;36;5;56;10;15;1;26;0;3;3;6;10;18;4;32;24;48;3;75;1;6;6;13;25;54;9;88;2020
44080;45;91;19;155;0;12;1;13;45;103;20;168;50;78;17;145;0;6;0;6;50;84;17;151;95;169;36;300;0;18;1;19;95;187;37;319;2020
44082;9;39;6;54;0;3;1;4;9;42;7;58;11;33;5;49;0;1;1;2;11;34;6;51;20;72;11;103;0;4;2;6;20;76;13;109;2020
44084;8;17;2;27;0;0;1;1;8;17;3;28;11;18;1;30;0;2;0;2;11;20;1;32;19;35;3;57;0;2;1;3;19;37;4;60;2020
44085;9;23;0;32;0;0;0;0;9;23;0;32;13;4;1;18;0;1;0;1;13;5;1;19;22;27;1;50;0;1;0;1;22;28;1;51;2020
44086;79;126;44;249;3;26;3;32;82;152;47;281;90;120;30;240;3;29;1;33;93;149;31;273;169;246;74;489;6;55;4;65;175;301;78;554;2020
44087;17;18;2;37;0;9;1;10;17;27;3;47;14;16;2;32;0;4;3;7;14;20;5;39;31;34;4;69;0;13;4;17;31;47;8;86;2020
44088;7;7;1;15;1;8;2;11;8;15;3;26;3;7;2;12;1;4;0;5;4;11;2;17;10;14;3;27;2;12;2;16;12;26;5;43;2020
44089;10;25;1;36;0;1;0;1;10;26;1;37;2;14;1;17;0;1;0;1;2;15;1;18;12;39;2;53;0;2;0;2;12;41;2;55;2020
44090;18;24;2;44;1;4;0;5;19;28;2;49;13;11;4;28;0;1;0;1;13;12;4;29;31;35;6;72;1;5;0;6;32;40;6;78;2020
44092;17;23;2;42;0;0;0;0;17;23;2;42;19;13;0;32;0;4;2;6;19;17;2;38;36;36;2;74;0;4;2;6;36;40;4;80;2020
44093;14;30;4;48;0;12;4;16;14;42;8;64;13;23;5;41;0;9;4;13;13;32;9;54;27;53;9;89;0;21;8;29;27;74;17;118;2020
44094;30;37;5;72;0;1;0;1;30;38;5;73;26;32;5;63;0;1;0;1;26;33;5;64;56;69;10;135;0;2;0;2;56;71;10;137;2020
44096;27;54;1;82;0;6;5;11;27;60;6;93;32;39;4;75;1;6;2;9;33;45;6;84;59;93;5;157;1;12;7;20;60;105;12;177;2020
44097;24;36;5;65;0;2;0;2;24;38;5;67;34;31;0;65;0;4;0;4;34;35;0;69;58;67;5;130;0;6;0;6;58;73;5;136;2020
44099;68;275;47;390;0;31;6;37;68;306;53;427;74;217;40;331;0;32;11;43;74;249;51;374;142;492;87;721;0;63;17;80;142;555;104;801;2020
44100;29;64;8;101;0;8;2;10;29;72;10;111;25;57;7;89;0;4;1;5;25;61;8;94;54;121;15;190;0;12;3;15;54;133;18;205;2020
44101;17;15;1;33;1;2;1;4;18;17;2;37;9;15;1;25;0;1;1;2;9;16;2;27;26;30;2;58;1;3;2;6;27;33;4;64;2020
44102;7;8;0;15;0;0;0;0;7;8;0;15;8;3;0;11;0;0;0;0;8;3;0;11;15;11;0;26;0;0;0;0;15;11;0;26;2020
44103;24;45;5;74;0;5;2;7;24;50;7;81;26;34;1;61;0;5;1;6;26;39;2;67;50;79;6;135;0;10;3;13;50;89;9;148;2020
44105;17;18;1;36;1;3;0;4;18;21;1;40;14;17;2;33;0;1;0;1;14;18;2;34;31;35;3;69;1;4;0;5;32;39;3;74;2020
44106;24;65;13;102;0;14;2;16;24;79;15;118;23;34;12;69;0;10;5;15;23;44;17;84;47;99;25;171;0;24;7;31;47;123;32;202;2020
44107;29;78;12;119;0;8;4;12;29;86;16;131;31;71;12;114;0;9;4;13;31;80;16;127;60;149;24;233;0;17;8;25;60;166;32;258;2020
44108;70;96;20;186;1;51;5;57;71;147;25;243;50;88;17;155;2;35;8;45;52;123;25;200;120;184;37;341;3;86;13;102;123;270;50;443;2020
44109;23;35;2;60;0;4;0;4;23;39;2;64;12;23;2;37;0;3;0;3;12;26;2;40;35;58;4;97;0;7;0;7;35;65;4;104;2020
44110;14;8;0;22;0;0;0;0;14;8;0;22;13;1;0;14;0;0;0;0;13;1;0;14;27;9;0;36;0;0;0;0;27;9;0;36;2020
44111;21;26;1;48;0;2;2;4;21;28;3;52;12;20;1;33;0;5;1;6;12;25;2;39;33;46;2;81;0;7;3;10;33;53;5;91;2020
44112;82;134;17;233;1;6;2;9;83;140;19;242;94;88;12;194;0;5;4;9;94;93;16;203;176;222;29;427;1;11;6;18;177;233;35;445;2020
44113;4;40;12;56;0;10;0;10;4;50;12;66;8;34;14;56;0;2;0;2;8;36;14;58;12;74;26;112;0;12;0;12;12;86;26;124;2020
44114;49;68;11;128;2;13;1;16;51;81;12;144;52;66;10;128;1;8;1;10;53;74;11;138;101;134;21;256;3;21;2;26;104;155;23;282;2020
44115;14;43;8;65;0;14;5;19;14;57;13;84;19;30;10;59;0;13;4;17;19;43;14;76;33;73;18;124;0;27;9;36;33;100;27;160;2020
44116;12;30;5;47;0;4;1;5;12;34;6;52;14;22;2;38;1;5;1;7;15;27;3;45;26;52;7;85;1;9;2;12;27;61;9;97;2020
44117;58;124;15;197;1;5;0;6;59;129;15;203;65;86;12;163;0;3;1;4;65;89;13;167;123;210;27;360;1;8;1;10;124;218;28;370;2020
44118;32;55;12;99;0;9;3;12;32;64;15;111;26;45;8;79;0;6;1;7;26;51;9;86;58;100;20;178;0;15;4;19;58;115;24;197;2020
44119;30;47;4;81;0;2;1;3;30;49;5;84;20;25;4;49;0;4;1;5;20;29;5;54;50;72;8;130;0;6;2;8;50;78;10;138;2020
44120;30;91;12;133;0;2;0;2;30;93;12;135;27;73;9;109;0;0;0;0;27;73;9;109;57;164;21;242;0;2;0;2;57;166;21;244;2020
44121;7;25;4;36;0;10;1;11;7;35;5;47;7;14;6;27;0;1;2;3;7;15;8;30;14;39;10;63;0;11;3;14;14;50;13;77;2020
44122;201;459;68;728;4;118;33;155;205;577;101;883;243;400;85;728;3;87;53;143;246;487;138;871;444;859;153;1456;7;205;86;298;451;1064;239;1754;2020
44123;25;30;0;55;0;6;2;8;25;36;2;63;24;17;1;42;0;6;1;7;24;23;2;49;49;47;1;97;0;12;3;15;49;59;4;112;2020
44124;12;29;3;44;0;0;0;0;12;29;3;44;16;15;6;37;0;0;0;0;16;15;6;37;28;44;9;81;0;0;0;0;28;44;9;81;2020
44125;16;24;0;40;0;2;0;2;16;26;0;42;16;8;0;24;0;3;0;3;16;11;0;27;32;32;0;64;0;5;0;5;32;37;0;69;2020
44126;47;123;16;186;0;17;8;25;47;140;24;211;52;97;18;167;0;17;7;24;52;114;25;191;99;220;34;353;0;34;15;49;99;254;49;402;2020
44127;10;22;0;32;0;4;0;4;10;26;0;36;9;14;0;23;0;0;0;0;9;14;0;23;19;36;0;55;0;4;0;4;19;40;0;59;2020
44128;11;18;3;32;0;0;0;0;11;18;3;32;15;11;2;28;0;2;0;2;15;13;2;30;26;29;5;60;0;2;0;2;26;31;5;62;2020
44129;3;17;0;20;0;6;0;6;3;23;0;26;5;8;0;13;0;0;0;0;5;8;0;13;8;25;0;33;0;6;0;6;8;31;0;39;2020
44130;7;9;1;17;0;0;0;0;7;9;1;17;6;5;1;12;0;0;0;0;6;5;1;12;13;14;2;29;0;0;0;0;13;14;2;29;2020
44131;9;6;1;16;0;5;0;5;9;11;1;21;4;7;0;11;0;2;0;2;4;9;0;13;13;13;1;27;0;7;0;7;13;20;1;34;2020
44132;14;16;6;36;0;2;0;2;14;18;6;38;18;8;3;29;0;2;0;2;18;10;3;31;32;24;9;65;0;4;0;4;32;28;9;69;2020
44133;5;7;1;13;0;2;1;3;5;9;2;16;1;2;0;3;0;2;1;3;1;4;1;6;6;9;1;16;0;4;2;6;6;13;3;22;2020
44135;26;37;0;63;0;0;0;0;26;37;0;63;16;20;0;36;0;1;0;1;16;21;0;37;42;57;0;99;0;1;0;1;42;58;0;100;2020
44136;15;12;1;28;0;2;0;2;15;14;1;30;11;9;1;21;1;2;0;3;12;11;1;24;26;21;2;49;1;4;0;5;27;25;2;54;2020
44137;39;65;7;111;0;19;0;19;39;84;7;130;30;52;8;90;0;5;0;5;30;57;8;95;69;117;15;201;0;24;0;24;69;141;15;225;2020
44138;30;41;0;71;0;2;0;2;30;43;0;73;19;28;2;49;0;3;0;3;19;31;2;52;49;69;2;120;0;5;0;5;49;74;2;125;2020
44141;28;37;6;71;0;6;1;7;28;43;7;78;22;36;11;69;1;6;1;8;23;42;12;77;50;73;17;140;1;12;2;15;51;85;19;155;2020
44142;9;10;0;19;0;0;0;0;9;10;0;19;5;7;0;12;0;0;0;0;5;7;0;12;14;17;0;31;0;0;0;0;14;17;0;31;2020
44143;56;161;18;235;0;33;13;46;56;194;31;281;56;113;30;199;1;31;4;36;57;144;34;235;112;274;48;434;1;64;17;82;113;338;65;516;2020
44144;53;107;12;172;0;9;5;14;53;116;17;186;60;108;18;186;0;9;6;15;60;117;24;201;113;215;30;358;0;18;11;29;113;233;41;387;2020
44145;172;340;59;571;3;70;17;90;175;410;76;661;199;271;57;527;4;48;18;70;203;319;75;597;371;611;116;1098;7;118;35;160;378;729;151;1258;2020
44146;28;51;7;86;0;33;13;46;28;84;20;132;33;54;9;96;0;24;9;33;33;78;18;129;61;105;16;182;0;57;22;79;61;162;38;261;2020
44147;69;135;21;225;2;39;7;48;71;174;28;273;62;128;21;211;1;17;9;27;63;145;30;238;131;263;42;436;3;56;16;75;134;319;58;511;2020
44148;18;25;2;45;0;3;3;6;18;28;5;51;16;15;3;34;0;3;1;4;16;18;4;38;34;40;5;79;0;6;4;10;34;46;9;89;2020
44149;16;40;12;68;0;1;0;1;16;41;12;69;11;34;2;47;0;0;0;0;11;34;2;47;27;74;14;115;0;1;0;1;27;75;14;116;2020
44150;5;13;1;19;0;9;0;9;5;22;1;28;3;4;0;7;0;3;0;3;3;7;0;10;8;17;1;26;0;12;0;12;8;29;1;38;2020
44151;39;55;7;101;1;13;1;15;40;68;8;116;43;47;1;91;0;9;6;15;43;56;7;106;82;102;8;192;1;22;7;30;83;124;15;222;2020
44152;19;30;0;49;0;0;0;0;19;30;0;49;11;11;0;22;0;0;0;0;11;11;0;22;30;41;0;71;0;0;0;0;30;41;0;71;2020
44153;216;645;175;1036;2;151;54;207;218;796;229;1243;262;640;154;1056;2;134;52;188;264;774;206;1244;478;1285;329;2092;4;285;106;395;482;1570;435;2487;2020
44154;42;98;24;164;1;23;6;30;43;121;30;194;37;64;20;121;0;15;2;17;37;79;22;138;79;162;44;285;1;38;8;47;80;200;52;332;2020
44155;157;399;64;620;0;9;1;10;157;408;65;630;171;361;65;597;0;18;0;18;171;379;65;615;328;760;129;1217;0;27;1;28;328;787;130;1245;2020
44156;6;19;1;26;0;1;0;1;6;20;1;27;8;12;1;21;0;1;0;1;8;13;1;22;14;31;2;47;0;2;0;2;14;33;2;49;2020
44157;13;21;0;34;0;0;0;0;13;21;0;34;14;8;0;22;0;0;0;0;14;8;0;22;27;29;0;56;0;0;0;0;27;29;0;56;2020
44158;117;453;87;657;4;62;27;93;121;515;114;750;156;420;109;685;2;64;11;77;158;484;120;762;273;873;196;1342;6;126;38;170;279;999;234;1512;2020
44159;7;18;4;29;0;2;0;2;7;20;4;31;4;10;8;22;1;1;0;2;5;11;8;24;11;28;12;51;1;3;0;4;12;31;12;55;2020
44160;76;153;46;275;1;15;0;16;77;168;46;291;87;125;25;237;0;4;0;4;87;129;25;241;163;278;71;512;1;19;0;20;164;297;71;532;2020
44161;85;143;23;251;2;40;18;60;87;183;41;311;107;104;16;227;1;27;17;45;108;131;33;272;192;247;39;478;3;67;35;105;195;314;74;583;2020
44163;18;44;12;74;0;5;1;6;18;49;13;80;19;34;3;56;0;3;0;3;19;37;3;59;37;78;15;130;0;8;1;9;37;86;16;139;2020
44164;8;7;0;15;0;0;0;0;8;7;0;15;3;3;0;6;0;0;0;0;3;3;0;6;11;10;0;21;0;0;0;0;11;10;0;21;2020
44165;44;48;10;102;1;11;3;15;45;59;13;117;30;42;8;80;0;8;5;13;30;50;13;93;74;90;18;182;1;19;8;28;75;109;26;210;2020
44167;7;9;0;16;0;0;0;0;7;9;0;16;11;6;0;17;0;1;0;1;11;7;0;18;18;15;0;33;0;1;0;1;18;16;0;34;2020
44168;39;50;11;100;0;5;0;5;39;55;11;105;48;44;3;95;0;1;2;3;48;45;5;98;87;94;14;195;0;6;2;8;87;100;16;203;2020
44169;57;101;25;183;0;4;1;5;57;105;26;188;66;68;14;148;0;3;2;5;66;71;16;153;123;169;39;331;0;7;3;10;123;176;42;341;2020
44171;24;74;23;121;1;3;0;4;25;77;23;125;22;67;16;105;1;2;0;3;23;69;16;108;46;141;39;226;2;5;0;7;48;146;39;233;2020
44172;69;87;14;170;1;11;0;12;70;98;14;182;69;68;6;143;0;17;1;18;69;85;7;161;138;155;20;313;1;28;1;30;139;183;21;343;2020
44173;20;31;7;58;0;2;2;4;20;33;9;62;20;32;1;53;0;2;1;3;20;34;2;56;40;63;8;111;0;4;3;7;40;67;11;118;2020
44174;58;165;14;237;0;10;0;10;58;175;14;247;65;115;13;193;2;8;0;10;67;123;13;203;123;280;27;430;2;18;0;20;125;298;27;450;2020
44175;24;38;2;64;0;5;1;6;24;43;3;70;26;26;0;52;0;6;0;6;26;32;0;58;50;64;2;116;0;11;1;12;50;75;3;128;2020
44176;29;63;3;95;0;6;1;7;29;69;4;102;27;33;3;63;0;3;2;5;27;36;5;68;56;96;6;158;0;9;3;12;56;105;9;170;2020
44177;22;35;8;65;0;2;1;3;22;37;9;68;15;26;7;48;0;2;1;3;15;28;8;51;37;61;15;113;0;4;2;6;37;65;17;119;2020
44178;8;23;0;31;0;0;0;0;8;23;0;31;14;7;0;21;0;3;0;3;14;10;0;24;22;30;0;52;0;3;0;3;22;33;0;55;2020
44179;56;111;21;188;1;37;15;53;57;148;36;241;58;97;13;168;1;22;14;37;59;119;27;205;114;208;34;356;2;59;29;90;116;267;63;446;2020
44180;12;30;0;42;0;0;0;0;12;30;0;42;16;16;3;35;0;0;0;0;16;16;3;35;28;46;3;77;0;0;0;0;28;46;3;77;2020
44181;14;24;6;44;0;4;0;4;14;28;6;48;12;16;2;30;0;5;0;5;12;21;2;35;26;40;8;74;0;9;0;9;26;49;8;83;2020
44182;35;75;4;114;0;12;2;14;35;87;6;128;34;63;4;101;0;6;1;7;34;69;5;108;69;138;8;215;0;18;3;21;69;156;11;236;2020
44183;9;21;4;34;0;2;0;2;9;23;4;36;9;21;1;31;0;1;0;1;9;22;1;32;18;42;5;65;0;3;0;3;18;45;5;68;2020
44184;10;18;1;29;0;1;1;2;10;19;2;31;10;8;0;18;0;1;0;1;10;9;0;19;20;26;1;47;0;2;1;3;20;28;2;50;2020
44185;20;38;8;66;0;4;0;4;20;42;8;70;16;16;5;37;0;1;0;1;16;17;5;38;36;54;13;103;0;5;0;5;36;59;13;108;2020
44187;47;51;12;110;1;5;4;10;48;56;16;120;43;50;17;110;0;5;1;6;43;55;18;116;90;101;29;220;1;10;5;16;91;111;34;236;2020
44189;5;19;1;25;0;0;0;0;5;19;1;25;11;7;0;18;0;0;0;0;11;7;0;18;16;26;1;43;0;0;0;0;16;26;1;43;2020
44190;18;16;0;34;0;0;0;0;18;16;0;34;17;11;1;29;0;0;0;0;17;11;1;29;35;27;1;63;0;0;0;0;35;27;1;63;2020
44191;102;250;61;413;0;32;10;42;102;282;71;455;142;220;45;407;3;23;11;37;145;243;56;444;244;470;106;820;3;55;21;79;247;525;127;899;2020
44192;56;139;21;216;0;30;4;34;56;169;25;250;41;108;28;177;0;18;6;24;41;126;34;201;97;247;49;393;0;48;10;58;97;295;59;451;2020
44193;13;26;4;43;0;12;3;15;13;38;7;58;13;25;7;45;0;9;5;14;13;34;12;59;26;51;11;88;0;21;8;29;26;72;19;117;2020
44194;28;31;5;64;1;11;7;19;29;42;12;83;20;24;4;48;0;6;2;8;20;30;6;56;48;55;9;112;1;17;9;27;49;72;18;139;2020
44195;12;35;1;48;0;2;1;3;12;37;2;51;13;19;1;33;0;1;0;1;13;20;1;34;25;54;2;81;0;3;1;4;25;57;3;85;2020
44196;24;33;2;59;0;3;1;4;24;36;3;63;34;26;7;67;0;1;3;4;34;27;10;71;58;59;9;126;0;4;4;8;58;63;13;134;2020
44197;11;17;1;29;0;4;1;5;11;21;2;34;12;11;1;24;0;3;1;4;12;14;2;28;23;28;2;53;0;7;2;9;23;35;4;62;2020
44198;31;73;12;116;0;0;0;0;31;73;12;116;34;52;7;93;1;0;0;1;35;52;7;94;65;125;19;209;1;0;0;1;66;125;19;210;2020
44199;7;17;3;27;0;1;0;1;7;18;3;28;2;14;1;17;1;3;0;4;3;17;1;21;9;31;4;44;1;4;0;5;10;35;4;49;2020
44200;15;10;0;25;0;0;0;0;15;10;0;25;7;7;0;14;0;0;0;0;7;7;0;14;22;17;0;39;0;0;0;0;22;17;0;39;2020
44201;61;197;33;291;0;31;6;37;61;228;39;328;68;162;45;275;0;30;2;32;68;192;47;307;129;359;78;566;0;61;8;69;129;420;86;635;2020
44203;1;4;0;5;0;2;0;2;1;6;0;7;0;3;0;3;0;1;0;1;0;4;0;4;1;7;0;8;0;3;0;3;1;10;0;11;2020
44204;5;10;0;15;0;0;0;0;5;10;0;15;5;4;0;9;0;0;0;0;5;4;0;9;10;14;0;24;0;0;0;0;10;14;0;24;2020
44205;101;212;28;341;0;23;5;28;101;235;33;369;146;160;24;330;1;15;6;22;147;175;30;352;247;372;52;671;1;38;11;50;248;410;63;721;2020
44206;23;41;3;67;1;6;0;7;24;47;3;74;12;29;4;45;1;3;0;4;13;32;4;49;35;70;7;112;2;9;0;11;37;79;7;123;2020
44207;37;29;0;66;0;2;0;2;37;31;0;68;32;26;5;63;0;1;0;1;32;27;5;64;69;55;5;129;0;3;0;3;69;58;5;132;2020
44208;8;5;0;13;0;0;0;0;8;5;0;13;4;9;2;15;0;2;0;2;4;11;2;17;12;14;2;28;0;2;0;2;12;16;2;30;2020
44209;139;263;41;443;1;74;22;97;140;337;63;540;181;224;26;431;1;58;20;79;182;282;46;510;320;487;67;874;2;132;42;176;322;619;109;1050;2020
44210;115;289;69;473;1;95;29;125;116;384;98;598;120;245;67;432;3;79;36;118;123;324;103;550;235;534;136;905;4;174;65;243;239;708;201;1148;2020
44211;9;15;2;26;0;0;0;0;9;15;2;26;6;8;0;14;0;1;0;1;6;9;0;15;15;23;2;40;0;1;0;1;15;24;2;41;2020
44212;6;10;0;16;0;1;0;1;6;11;0;17;8;13;1;22;0;0;0;0;8;13;1;22;14;23;1;38;0;1;0;1;14;24;1;39;2020
44213;12;29;2;43;0;5;0;5;12;34;2;48;15;16;0;31;0;4;0;4;15;20;0;35;27;45;2;74;0;9;0;9;27;54;2;83;2020
44215;30;58;4;92;0;4;1;5;30;62;5;97;40;37;4;81;0;2;0;2;40;39;4;83;70;95;8;173;0;6;1;7;70;101;9;180;2020
44216;2915;9990;2661;15566;32;1418;271;1721;2947;11408;2932;17287;4065;10659;2496;17220;59;1377;297;1733;4124;12036;2793;18953;6980;20649;5157;32786;91;2795;568;3454;7071;23444;5725;36240;2020
44217;6;19;0;25;0;1;0;1;6;20;0;26;4;3;0;7;0;0;0;0;4;3;0;7;10;22;0;32;0;1;0;1;10;23;0;33;2020
44218;5;10;0;15;0;0;0;0;5;10;0;15;6;4;0;10;0;0;0;0;6;4;0;10;11;14;0;25;0;0;0;0;11;14;0;25;2020
44219;42;48;6;96;0;8;0;8;42;56;6;104;39;40;9;88;2;6;2;10;41;46;11;98;81;88;15;184;2;14;2;18;83;102;17;202;2020
44220;23;41;4;68;1;13;3;17;24;54;7;85;15;37;8;60;0;11;1;12;15;48;9;72;38;78;12;128;1;24;4;29;39;102;16;157;2020
44221;82;128;10;220;0;5;0;5;82;133;10;225;73;109;18;200;0;14;0;14;73;123;18;214;155;237;28;420;0;19;0;19;155;256;28;439;2020
44222;35;44;1;80;0;1;1;2;35;45;2;82;24;16;0;40;0;1;0;1;24;17;0;41;59;60;1;120;0;2;1;3;59;62;2;123;2020
44223;16;21;1;38;0;8;0;8;16;29;1;46;13;22;5;40;0;7;1;8;13;29;6;48;29;43;6;78;0;15;1;16;29;58;7;94;2020
44224;4;10;1;15;0;1;0;1;4;11;1;16;3;5;0;8;0;4;1;5;3;9;1;13;7;15;1;23;0;5;1;6;7;20;2;29;2020
44225;29;20;1;50;1;6;0;7;30;26;1;57;25;28;3;56;1;3;0;4;26;31;3;60;54;48;4;106;2;9;0;11;56;57;4;117;2020
44226;24;41;5;70;1;6;2;9;25;47;7;79;39;14;1;54;0;9;1;10;39;23;2;64;63;55;6;124;1;15;3;19;64;70;9;143;2020
44227;18;19;0;37;0;5;0;5;18;24;0;42;20;14;1;35;0;5;1;6;20;19;2;41;38;33;1;72;0;10;1;11;38;43;2;83;2020
44228;20;31;2;53;0;5;1;6;20;36;3;59;23;20;2;45;0;3;0;3;23;23;2;48;43;51;4;98;0;8;1;9;43;59;5;107;2020
44229;30;53;7;90;0;10;5;15;30;63;12;105;24;39;4;67;0;9;4;13;24;48;8;80;54;92;11;157;0;19;9;28;54;111;20;185;2020
44230;22;52;7;81;0;6;1;7;22;58;8;88;32;36;8;76;0;4;2;6;32;40;10;82;54;88;15;157;0;10;3;13;54;98;18;170;2020
44231;7;7;1;15;1;2;1;4;8;9;2;19;5;14;2;21;0;2;1;3;5;16;3;24;12;21;3;36;1;4;2;7;13;25;5;43;2020
44232;77;118;9;204;1;26;3;30;78;144;12;234;79;88;12;179;0;28;6;34;79;116;18;213;156;206;21;383;1;54;9;64;157;260;30;447;2020
44234;16;23;0;39;0;0;0;0;16;23;0;39;11;17;0;28;0;0;0;0;11;17;0;28;27;40;0;67;0;0;0;0;27;40;0;67;2020
44235;19;27;2;48;0;2;1;3;19;29;3;51;21;20;5;46;1;5;1;7;22;25;6;53;40;47;7;94;1;7;2;10;41;54;9;104;2020
44236;13;19;2;34;0;0;0;0;13;19;2;34;14;14;3;31;0;3;0;3;14;17;3;34;27;33;5;65;0;3;0;3;27;36;5;68;2020
44237;74;107;12;193;1;15;3;19;75;122;15;212;93;89;11;193;3;18;1;22;96;107;12;215;167;196;23;386;4;33;4;41;171;229;27;427;2020
44238;250;947;189;1386;3;120;39;162;253;1067;228;1548;297;835;183;1315;3;112;28;143;300;947;211;1458;547;1782;372;2701;6;232;67;305;553;2014;439;3006;2020
44239;4;7;0;11;0;0;0;0;4;7;0;11;5;4;0;9;0;0;0;0;5;4;0;9;9;11;0;20;0;0;0;0;9;11;0;20;2020
44240;36;49;7;92;1;5;0;6;37;54;7;98;31;37;4;72;0;2;0;2;31;39;4;74;67;86;11;164;1;7;0;8;68;93;11;172;2020
44241;92;149;31;272;1;16;5;22;93;165;36;294;113;141;30;284;0;14;3;17;113;155;33;301;205;290;61;556;1;30;8;39;206;320;69;595;2020
44243;7;8;1;16;0;2;0;2;7;10;1;18;5;6;2;13;0;1;0;1;5;7;2;14;12;14;3;29;0;3;0;3;12;17;3;32;2020
44244;12;30;6;48;0;9;0;9;12;39;6;57;5;25;3;33;0;1;1;2;5;26;4;35;17;55;9;81;0;10;1;11;17;65;10;92;2020
44245;49;72;7;128;0;5;1;6;49;77;8;134;56;64;18;138;1;4;4;9;57;68;22;147;105;136;25;266;1;9;5;15;106;145;30;281;2020
44246;206;601;151;958;10;218;56;284;216;819;207;1242;258;551;157;966;9;172;46;227;267;723;203;1193;464;1152;308;1924;19;390;102;511;483;1542;410;2435;2020
44247;62;88;20;170;0;4;0;4;62;92;20;174;63;84;15;162;1;1;0;2;64;85;15;164;125;172;35;332;1;5;0;6;126;177;35;338;2020
44249;11;13;0;24;0;2;0;2;11;15;0;26;10;6;0;16;0;2;0;2;10;8;0;18;21;19;0;40;0;4;0;4;21;23;0;44;2020
44250;4;9;0;13;0;0;0;0;4;9;0;13;5;3;0;8;0;0;0;0;5;3;0;8;9;12;0;21;0;0;0;0;9;12;0;21;2020
44251;48;82;10;140;0;12;1;13;48;94;11;153;57;53;13;123;0;5;4;9;57;58;17;132;105;135;23;263;0;17;5;22;105;152;28;285;2020
44252;17;29;4;50;0;3;0;3;17;32;4;53;10;18;1;29;0;1;0;1;10;19;1;30;27;47;5;79;0;4;0;4;27;51;5;83;2020
44256;9;14;2;25;0;1;0;1;9;15;2;26;10;5;1;16;0;0;0;0;10;5;1;16;19;19;3;41;0;1;0;1;19;20;3;42;2020
44257;35;54;4;93;0;3;0;3;35;57;4;96;29;31;3;63;0;1;0;1;29;32;3;64;64;85;7;156;0;4;0;4;64;89;7;160;2020
44258;8;28;1;37;0;0;0;0;8;28;1;37;14;8;2;24;0;0;0;0;14;8;2;24;22;36;3;61;0;0;0;0;22;36;3;61;2020
44260;21;61;7;89;0;9;3;12;21;70;10;101;21;36;7;64;0;6;0;6;21;42;7;70;42;97;14;153;0;15;3;18;42;112;17;171;2020
44261;115;266;38;419;1;19;3;23;116;285;41;442;129;206;45;380;2;16;1;19;131;222;46;399;244;472;83;799;3;35;4;42;247;507;87;841;2020
44262;18;58;6;82;0;1;2;3;18;59;8;85;21;41;12;74;0;2;0;2;21;43;12;76;39;99;18;156;0;3;2;5;39;102;20;161;2020
44263;31;164;38;233;2;13;3;18;33;177;41;251;51;140;46;237;1;14;4;19;52;154;50;256;82;304;84;470;3;27;7;37;85;331;91;507;2020
44264;47;95;10;152;2;24;5;31;49;119;15;183;40;67;19;126;0;18;6;24;40;85;25;150;87;162;29;278;2;42;11;55;89;204;40;333;2020
44265;42;50;7;99;0;21;5;26;42;71;12;125;42;41;7;90;0;14;2;16;42;55;9;106;84;91;14;189;0;35;7;42;84;126;21;231;2020
44266;28;23;1;52;0;7;5;12;28;30;6;64;36;18;3;57;0;6;4;10;36;24;7;67;64;41;4;109;0;13;9;22;64;54;13;131;2020
44267;18;17;0;35;0;2;0;2;18;19;0;37;23;11;0;34;0;1;0;1;23;12;0;35;41;28;0;69;0;3;0;3;41;31;0;72;2020
44268;4;14;0;18;0;0;0;0;4;14;0;18;6;8;0;14;0;0;0;0;6;8;0;14;10;22;0;32;0;0;0;0;10;22;0;32;2020
45001;229;692;163;1084;1;42;6;49;230;734;169;1133;281;633;166;1080;1;31;14;46;282;664;180;1126;510;1325;329;2164;2;73;20;95;512;1398;349;2259;2020
45002;288;1121;304;1713;2;180;53;235;290;1301;357;1948;316;939;289;1544;9;177;56;242;325;1116;345;1786;604;2060;593;3257;11;357;109;477;615;2417;702;3734;2020
45003;74;217;35;326;3;16;3;22;77;233;38;348;80;189;37;306;3;18;4;25;83;207;41;331;154;406;72;632;6;34;7;47;160;440;79;679;2020
45004;72;207;50;329;1;11;0;12;73;218;50;341;78;188;45;311;0;9;3;12;78;197;48;323;150;395;95;640;1;20;3;24;151;415;98;664;2020
45005;44;72;11;127;0;9;4;13;44;81;15;140;50;61;10;121;0;12;1;13;50;73;11;134;94;133;21;248;0;21;5;26;94;154;26;274;2020
45006;196;474;120;790;0;52;1;53;196;526;121;843;268;407;87;762;3;43;9;55;271;450;96;817;464;881;207;1552;3;95;10;108;467;976;217;1660;2020
45007;79;253;44;376;2;19;6;27;81;272;50;403;111;221;53;385;0;14;5;19;111;235;58;404;190;474;97;761;2;33;11;46;192;507;108;807;2020
45008;29;44;4;77;0;8;0;8;29;52;4;85;35;38;2;75;1;7;0;8;36;45;2;83;64;82;6;152;1;15;0;16;65;97;6;168;2020
45009;91;140;16;247;0;6;3;9;91;146;19;256;114;110;14;238;0;5;2;7;114;115;16;245;205;250;30;485;0;11;5;16;205;261;35;501;2020
45010;95;92;11;198;1;9;1;11;96;101;12;209;127;53;10;190;0;13;2;15;127;66;12;205;222;145;21;388;1;22;3;26;223;167;24;414;2020
45011;73;76;16;165;0;1;0;1;73;77;16;166;67;69;13;149;0;6;2;8;67;75;15;157;140;145;29;314;0;7;2;9;140;152;31;323;2020
45012;91;232;32;355;1;32;4;37;92;264;36;392;132;191;43;366;2;44;6;52;134;235;49;418;223;423;75;721;3;76;10;89;226;499;85;810;2020
45013;270;616;135;1021;2;80;29;111;272;696;164;1132;276;523;120;919;2;92;25;119;278;615;145;1038;546;1139;255;1940;4;172;54;230;550;1311;309;2170;2020
45014;444;1648;391;2483;5;108;32;145;449;1756;423;2628;512;1533;363;2408;10;99;31;140;522;1632;394;2548;956;3181;754;4891;15;207;63;285;971;3388;817;5176;2020
45015;94;248;60;402;2;33;6;41;96;281;66;443;92;251;71;414;3;41;7;51;95;292;78;465;186;499;131;816;5;74;13;92;191;573;144;908;2020
45016;310;2040;729;3079;9;153;32;194;319;2193;761;3273;343;1975;738;3056;18;188;28;234;361;2163;766;3290;653;4015;1467;6135;27;341;60;428;680;4356;1527;6563;2020
45017;50;78;15;143;0;2;0;2;50;80;15;145;59;76;7;142;0;3;0;3;59;79;7;145;109;154;22;285;0;5;0;5;109;159;22;290;2020
45018;36;266;112;414;3;51;11;65;39;317;123;479;35;235;81;351;5;35;13;53;40;270;94;404;71;501;193;765;8;86;24;118;79;587;217;883;2020
45019;678;3135;988;4801;15;347;83;445;693;3482;1071;5246;821;3119;874;4814;27;363;85;475;848;3482;959;5289;1499;6254;1862;9615;42;710;168;920;1541;6964;2030;10535;2020
45020;215;414;72;701;1;59;7;67;216;473;79;768;269;340;85;694;3;55;15;73;272;395;100;767;484;754;157;1395;4;114;22;140;488;868;179;1535;2020
45021;277;1150;299;1726;9;279;62;350;286;1429;361;2076;280;1002;289;1571;15;240;56;311;295;1242;345;1882;557;2152;588;3297;24;519;118;661;581;2671;706;3958;2020
45022;63;134;8;205;1;5;0;6;64;139;8;211;84;113;7;204;2;5;1;8;86;118;8;212;147;247;15;409;3;10;1;14;150;257;16;423;2020
45023;156;1070;382;1608;1;71;19;91;157;1141;401;1699;163;985;343;1491;4;81;13;98;167;1066;356;1589;319;2055;725;3099;5;152;32;189;324;2207;757;3288;2020
45024;128;399;112;639;0;22;5;27;128;421;117;666;154;372;89;615;1;21;4;26;155;393;93;641;282;771;201;1254;1;43;9;53;283;814;210;1307;2020
45025;125;516;118;759;9;159;36;204;134;675;154;963;150;476;120;746;10;112;26;148;160;588;146;894;275;992;238;1505;19;271;62;352;294;1263;300;1857;2020
45026;35;87;7;129;1;4;2;7;36;91;9;136;47;57;10;114;1;8;1;10;48;65;11;124;82;144;17;243;2;12;3;17;84;156;20;260;2020
45027;54;108;6;168;0;18;3;21;54;126;9;189;71;63;9;143;0;11;0;11;71;74;9;154;125;171;15;311;0;29;3;32;125;200;18;343;2020
45028;446;1420;339;2205;2;95;22;119;448;1515;361;2324;510;1297;329;2136;7;109;32;148;517;1406;361;2284;956;2717;668;4341;9;204;54;267;965;2921;722;4608;2020
45029;42;49;8;99;0;2;1;3;42;51;9;102;57;36;4;97;0;9;1;10;57;45;5;107;99;85;12;196;0;11;2;13;99;96;14;209;2020
45030;64;194;19;277;0;8;0;8;64;202;19;285;84;126;15;225;0;13;0;13;84;139;15;238;148;320;34;502;0;21;0;21;148;341;34;523;2020
45031;302;1249;343;1894;9;173;53;235;311;1422;396;2129;333;1065;322;1720;5;183;45;233;338;1248;367;1953;635;2314;665;3614;14;356;98;468;649;2670;763;4082;2020
45032;65;162;34;261;5;24;2;31;70;186;36;292;93;136;30;259;1;19;6;26;94;155;36;285;158;298;64;520;6;43;8;57;164;341;72;577;2020
45033;54;101;15;170;0;11;1;12;54;112;16;182;70;64;10;144;0;12;4;16;70;76;14;160;124;165;25;314;0;23;5;28;124;188;30;342;2020
45034;191;492;105;788;3;84;30;117;194;576;135;905;248;387;101;736;1;80;30;111;249;467;131;847;439;879;206;1524;4;164;60;228;443;1043;266;1752;2020
45035;59;98;19;176;1;8;2;11;60;106;21;187;52;83;21;156;1;7;1;9;53;90;22;165;111;181;40;332;2;15;3;20;113;196;43;352;2020
45036;105;224;37;366;2;16;2;20;107;240;39;386;118;185;39;342;1;32;7;40;119;217;46;382;223;409;76;708;3;48;9;60;226;457;85;768;2020
45037;264;495;90;849;2;40;23;65;266;535;113;914;331;438;77;846;1;40;15;56;332;478;92;902;595;933;167;1695;3;80;38;121;598;1013;205;1816;2020
45038;246;1642;516;2404;2;135;40;177;248;1777;556;2581;252;1521;412;2185;5;140;42;187;257;1661;454;2372;498;3163;928;4589;7;275;82;364;505;3438;1010;4953;2020
45039;33;75;9;117;0;9;9;18;33;84;18;135;46;55;15;116;1;5;3;9;47;60;18;125;79;130;24;233;1;14;12;27;80;144;36;260;2020
45040;187;494;124;805;5;96;17;118;192;590;141;923;176;420;108;704;5;76;10;91;181;496;118;795;363;914;232;1509;10;172;27;209;373;1086;259;1718;2020
45041;358;1842;458;2658;18;351;111;480;376;2193;569;3138;375;1549;439;2363;19;352;123;494;394;1901;562;2857;733;3391;897;5021;37;703;234;974;770;4094;1131;5995;2020
45042;33;50;6;89;0;4;0;4;33;54;6;93;45;44;2;91;0;3;0;3;45;47;2;94;78;94;8;180;0;7;0;7;78;101;8;187;2020
45043;132;248;32;412;1;32;8;41;133;280;40;453;162;230;18;410;1;45;11;57;163;275;29;467;294;478;50;822;2;77;19;98;296;555;69;920;2020
45045;179;540;112;831;0;79;26;105;179;619;138;936;197;465;134;796;1;66;14;81;198;531;148;877;376;1005;246;1627;1;145;40;186;377;1150;286;1813;2020
45046;288;908;238;1434;3;133;31;167;291;1041;269;1601;339;870;230;1439;4;133;32;169;343;1003;262;1608;627;1778;468;2873;7;266;63;336;634;2044;531;3209;2020
45047;209;1164;349;1722;3;201;52;256;212;1365;401;1978;209;1050;349;1608;6;167;67;240;215;1217;416;1848;418;2214;698;3330;9;368;119;496;427;2582;817;3826;2020
45048;75;111;22;208;0;15;4;19;75;126;26;227;72;89;8;169;1;14;3;18;73;103;11;187;147;200;30;377;1;29;7;37;148;229;37;414;2020
45049;60;160;24;244;1;6;3;10;61;166;27;254;62;131;36;229;0;13;3;16;62;144;39;245;122;291;60;473;1;19;6;26;123;310;66;499;2020
45050;41;217;47;305;0;4;0;4;41;221;47;309;48;155;45;248;0;10;2;12;48;165;47;260;89;372;92;553;0;14;2;16;89;386;94;569;2020
45051;155;740;201;1096;2;112;35;149;157;852;236;1245;177;670;151;998;3;92;28;123;180;762;179;1121;332;1410;352;2094;5;204;63;272;337;1614;415;2366;2020
45052;181;1487;444;2112;4;41;11;56;185;1528;455;2168;189;1452;431;2072;3;53;10;66;192;1505;441;2138;370;2939;875;4184;7;94;21;122;377;3033;896;4306;2020
45053;878;3090;724;4692;7;286;65;358;885;3376;789;5050;1199;2773;645;4617;3;229;71;303;1202;3002;716;4920;2077;5863;1369;9309;10;515;136;661;2087;6378;1505;9970;2020
45054;533;1386;314;2233;6;390;83;479;539;1776;397;2712;682;1215;263;2160;9;273;92;374;691;1488;355;2534;1215;2601;577;4393;15;663;175;853;1230;3264;752;5246;2020
45055;147;368;84;599;1;63;12;76;148;431;96;675;170;327;68;565;3;46;10;59;173;373;78;624;317;695;152;1164;4;109;22;135;321;804;174;1299;2020
45056;201;1085;401;1687;14;356;88;458;215;1441;489;2145;209;947;355;1511;26;327;95;448;235;1274;450;1959;410;2032;756;3198;40;683;183;906;450;2715;939;4104;2020
45057;28;92;10;130;0;1;0;1;28;93;10;131;32;71;17;120;0;0;0;0;32;71;17;120;60;163;27;250;0;1;0;1;60;164;27;251;2020
45058;67;98;9;174;0;2;1;3;67;100;10;177;67;84;13;164;0;3;1;4;67;87;14;168;134;182;22;338;0;5;2;7;134;187;24;345;2020
45059;214;658;163;1035;3;88;30;121;217;746;193;1156;261;603;128;992;2;87;23;112;263;690;151;1104;475;1261;291;2027;5;175;53;233;480;1436;344;2260;2020
45060;28;56;7;91;0;5;2;7;28;61;9;98;36;40;8;84;0;6;1;7;36;46;9;91;64;96;15;175;0;11;3;14;64;107;18;189;2020
45061;339;988;214;1541;6;130;24;160;345;1118;238;1701;345;876;186;1407;8;133;27;168;353;1009;213;1575;684;1864;400;2948;14;263;51;328;698;2127;451;3276;2020
45062;142;391;103;636;0;48;16;64;142;439;119;700;183;370;89;642;4;54;20;78;187;424;109;720;325;761;192;1278;4;102;36;142;329;863;228;1420;2020
45063;100;111;22;233;0;8;1;9;100;119;23;242;93;68;11;172;0;11;0;11;93;79;11;183;193;179;33;405;0;19;1;20;193;198;34;425;2020
45064;382;1704;465;2551;6;249;67;322;388;1953;532;2873;452;1567;439;2458;14;216;67;297;466;1783;506;2755;834;3271;904;5009;20;465;134;619;854;3736;1038;5628;2020
45065;77;37;1;115;0;0;0;0;77;37;1;115;78;21;1;100;0;0;0;0;78;21;1;100;155;58;2;215;0;0;0;0;155;58;2;215;2020
45066;799;3233;939;4971;26;690;214;930;825;3923;1153;5901;865;3082;866;4813;45;659;237;941;910;3741;1103;5754;1664;6315;1805;9784;71;1349;451;1871;1735;7664;2256;11655;2020
45067;324;839;183;1346;3;128;25;156;327;967;208;1502;400;754;185;1339;6;135;30;171;406;889;215;1510;724;1593;368;2685;9;263;55;327;733;1856;423;3012;2020
45068;43;48;8;99;1;3;1;5;44;51;9;104;33;45;11;89;1;7;1;9;34;52;12;98;76;93;19;188;2;10;2;14;78;103;21;202;2020
45069;180;734;181;1095;1;57;22;80;181;791;203;1175;212;717;151;1080;3;58;23;84;215;775;174;1164;392;1451;332;2175;4;115;45;164;396;1566;377;2339;2020
45070;159;547;119;825;1;51;14;66;160;598;133;891;224;496;113;833;0;49;11;60;224;545;124;893;383;1043;232;1658;1;100;25;126;384;1143;257;1784;2020
45071;243;679;123;1045;0;60;13;73;243;739;136;1118;290;567;146;1003;6;65;21;92;296;632;167;1095;533;1246;269;2048;6;125;34;165;539;1371;303;2213;2020
45072;115;248;32;395;0;17;3;20;115;265;35;415;128;182;28;338;0;14;5;19;128;196;33;357;243;430;60;733;0;31;8;39;243;461;68;772;2020
45073;60;87;7;154;0;12;1;13;60;99;8;167;73;69;4;146;0;10;4;14;73;79;8;160;133;156;11;300;0;22;5;27;133;178;16;327;2020
45074;73;119;17;209;0;4;0;4;73;123;17;213;77;76;11;164;0;4;0;4;77;80;11;168;150;195;28;373;0;8;0;8;150;203;28;381;2020
45075;25;47;4;76;0;3;0;3;25;50;4;79;27;23;3;53;0;4;0;4;27;27;3;57;52;70;7;129;0;7;0;7;52;77;7;136;2020
45076;83;245;42;370;1;26;3;30;84;271;45;400;83;166;39;288;2;20;2;24;85;186;41;312;166;411;81;658;3;46;5;54;169;457;86;712;2020
45077;62;230;49;341;1;29;8;38;63;259;57;379;72;197;36;305;5;26;7;38;77;223;43;343;134;427;85;646;6;55;15;76;140;482;100;722;2020
45078;182;499;120;801;0;25;13;38;182;524;133;839;225;449;117;791;3;37;13;53;228;486;130;844;407;948;237;1592;3;62;26;91;410;1010;263;1683;2020
45079;75;112;26;213;0;10;1;11;75;122;27;224;81;90;17;188;0;12;0;12;81;102;17;200;156;202;43;401;0;22;1;23;156;224;44;424;2020
45080;1;2;0;3;0;0;0;0;1;2;0;3;0;0;0;0;0;0;0;0;0;0;0;0;1;2;0;3;0;0;0;0;1;2;0;3;2020
45081;1273;8761;3076;13110;49;1383;359;1791;1322;10144;3435;14901;1473;8391;2944;12808;93;1411;345;1849;1566;9802;3289;14657;2746;17152;6020;25918;142;2794;704;3640;2888;19946;6724;29558;2020
45082;198;371;61;630;3;37;8;48;201;408;69;678;280;304;50;634;1;35;6;42;281;339;56;676;478;675;111;1264;4;72;14;90;482;747;125;1354;2020
45083;56;231;70;357;1;15;2;18;57;246;72;375;68;232;64;364;3;33;2;38;71;265;66;402;124;463;134;721;4;48;4;56;128;511;138;777;2020
45084;274;815;158;1247;3;67;11;81;277;882;169;1328;328;699;134;1161;2;57;13;72;330;756;147;1233;602;1514;292;2408;5;124;24;153;607;1638;316;2561;2020
45085;179;661;164;1004;3;225;60;288;182;886;224;1292;169;569;174;912;8;186;77;271;177;755;251;1183;348;1230;338;1916;11;411;137;559;359;1641;475;2475;2020
45086;66;191;33;290;0;9;0;9;66;200;33;299;80;141;30;251;0;9;4;13;80;150;34;264;146;332;63;541;0;18;4;22;146;350;67;563;2020
45087;982;3122;716;4820;4;254;69;327;986;3376;785;5147;1232;2979;658;4869;4;239;75;318;1236;3218;733;5187;2214;6101;1374;9689;8;493;144;645;2222;6594;1518;10334;2020
45088;167;1095;336;1598;9;208;65;282;176;1303;401;1880;201;1025;342;1568;20;205;58;283;221;1230;400;1851;368;2120;678;3166;29;413;123;565;397;2533;801;3731;2020
45089;218;517;81;816;2;46;5;53;220;563;86;869;252;436;85;773;1;29;8;38;253;465;93;811;470;953;166;1589;3;75;13;91;473;1028;179;1680;2020
45090;44;120;17;181;1;6;2;9;45;126;19;190;65;109;17;191;0;8;1;9;65;117;18;200;109;229;34;372;1;14;3;18;110;243;37;390;2020
45091;65;126;18;209;0;8;0;8;65;134;18;217;84;108;25;217;0;7;2;9;84;115;27;226;149;234;43;426;0;15;2;17;149;249;45;443;2020
45092;43;68;9;120;0;3;0;3;43;71;9;123;60;52;4;116;0;4;0;4;60;56;4;120;103;120;13;236;0;7;0;7;103;127;13;243;2020
45093;32;39;4;75;0;0;0;0;32;39;4;75;39;30;3;72;0;2;0;2;39;32;3;74;71;69;7;147;0;2;0;2;71;71;7;149;2020
45094;60;118;13;191;1;20;1;22;61;138;14;213;73;98;27;198;1;12;1;14;74;110;28;212;133;216;40;389;2;32;2;36;135;248;42;425;2020
45095;108;229;40;377;2;27;1;30;110;256;41;407;123;203;46;372;1;26;11;38;124;229;57;410;231;432;86;749;3;53;12;68;234;485;98;817;2020
45096;120;389;98;607;0;28;7;35;120;417;105;642;136;359;77;572;0;27;3;30;136;386;80;602;256;748;175;1179;0;55;10;65;256;803;185;1244;2020
45097;162;387;85;634;1;8;3;12;163;395;88;646;176;336;95;607;0;7;1;8;176;343;96;615;338;723;180;1241;1;15;4;20;339;738;184;1261;2020
45098;374;732;121;1227;4;110;31;145;378;842;152;1372;372;616;132;1120;4;83;21;108;376;699;153;1228;746;1348;253;2347;8;193;52;253;754;1541;305;2600;2020
45099;288;1708;516;2512;6;166;45;217;294;1874;561;2729;305;1534;516;2355;15;183;38;236;320;1717;554;2591;593;3242;1032;4867;21;349;83;453;614;3591;1115;5320;2020
45100;32;56;12;100;0;14;0;14;32;70;12;114;39;49;11;99;0;2;0;2;39;51;11;101;71;105;23;199;0;16;0;16;71;121;23;215;2020
45101;434;1408;295;2137;3;214;57;274;437;1622;352;2411;564;1318;253;2135;2;189;51;242;566;1507;304;2377;998;2726;548;4272;5;403;108;516;1003;3129;656;4788;2020
45102;354;1475;456;2285;4;157;42;203;358;1632;498;2488;429;1419;413;2261;10;156;48;214;439;1575;461;2475;783;2894;869;4546;14;313;90;417;797;3207;959;4963;2020
45103;86;113;18;217;0;4;1;5;86;117;19;222;80;76;18;174;0;2;2;4;80;78;20;178;166;189;36;391;0;6;3;9;166;195;39;400;2020
45104;60;162;30;252;2;18;2;22;62;180;32;274;66;135;30;231;0;12;1;13;66;147;31;244;126;297;60;483;2;30;3;35;128;327;63;518;2020
45105;78;114;14;206;1;1;0;2;79;115;14;208;95;77;11;183;0;2;0;2;95;79;11;185;173;191;25;389;1;3;0;4;174;194;25;393;2020
45106;935;2804;740;4479;8;359;72;439;943;3163;812;4918;1191;2629;698;4518;16;278;89;383;1207;2907;787;4901;2126;5433;1438;8997;24;637;161;822;2150;6070;1599;9819;2020
45107;279;1522;531;2332;6;138;22;166;285;1660;553;2498;303;1444;473;2220;5;121;18;144;308;1565;491;2364;582;2966;1004;4552;11;259;40;310;593;3225;1044;4862;2020
45108;93;136;18;247;0;19;8;27;93;155;26;274;94;108;20;222;0;19;4;23;94;127;24;245;187;244;38;469;0;38;12;50;187;282;50;519;2020
45109;430;1025;211;1666;3;143;37;183;433;1168;248;1849;488;891;197;1576;4;113;22;139;492;1004;219;1715;918;1916;408;3242;7;256;59;322;925;2172;467;3564;2020
45110;334;558;98;990;2;29;4;35;336;587;102;1025;376;432;77;885;0;32;13;45;376;464;90;930;710;990;175;1875;2;61;17;80;712;1051;192;1955;2020
45111;21;8;0;29;0;1;0;1;21;9;0;30;21;7;0;28;0;0;0;0;21;7;0;28;42;15;0;57;0;1;0;1;42;16;0;58;2020
45112;272;666;103;1041;12;210;10;232;284;876;113;1273;343;556;109;1008;9;116;14;139;352;672;123;1147;615;1222;212;2049;21;326;24;371;636;1548;236;2420;2020
45113;350;551;70;971;1;66;13;80;351;617;83;1051;395;470;62;927;2;58;12;72;397;528;74;999;745;1021;132;1898;3;124;25;152;748;1145;157;2050;2020
45114;115;164;18;297;0;2;0;2;115;166;18;299;126;140;25;291;1;6;1;8;127;146;26;299;241;304;43;588;1;8;1;10;242;312;44;598;2020
45115;318;1037;276;1631;5;164;48;217;323;1201;324;1848;365;936;281;1582;11;155;56;222;376;1091;337;1804;683;1973;557;3213;16;319;104;439;699;2292;661;3652;2020
45116;70;272;41;383;3;40;8;51;73;312;49;434;102;226;57;385;5;29;8;42;107;255;65;427;172;498;98;768;8;69;16;93;180;567;114;861;2020
45117;109;281;52;442;0;10;2;12;109;291;54;454;93;236;56;385;3;11;1;15;96;247;57;400;202;517;108;827;3;21;3;27;205;538;111;854;2020
45118;216;920;264;1400;5;121;24;150;221;1041;288;1550;244;814;252;1310;10;121;28;159;254;935;280;1469;460;1734;516;2710;15;242;52;309;475;1976;568;3019;2020
45119;271;1626;435;2332;5;227;60;292;276;1853;495;2624;270;1432;382;2084;15;215;47;277;285;1647;429;2361;541;3058;817;4416;20;442;107;569;561;3500;924;4985;2020
45120;23;44;0;67;1;2;0;3;24;46;0;70;27;20;6;53;0;2;0;2;27;22;6;55;50;64;6;120;1;4;0;5;51;68;6;125;2020
45121;620;3268;995;4883;35;996;348;1379;655;4264;1343;6262;724;3032;966;4722;47;1085;321;1453;771;4117;1287;6175;1344;6300;1961;9605;82;2081;669;2832;1426;8381;2630;12437;2020
45122;473;2470;740;3683;25;336;96;457;498;2806;836;4140;488;2361;679;3528;32;344;76;452;520;2705;755;3980;961;4831;1419;7211;57;680;172;909;1018;5511;1591;8120;2020
45123;146;1651;462;2259;4;123;28;155;150;1774;490;2414;138;1360;422;1920;15;158;33;206;153;1518;455;2126;284;3011;884;4179;19;281;61;361;303;3292;945;4540;2020
45124;275;772;197;1244;2;50;7;59;277;822;204;1303;327;739;188;1254;2;40;6;48;329;779;194;1302;602;1511;385;2498;4;90;13;107;606;1601;398;2605;2020
45125;300;784;141;1225;3;27;5;35;303;811;146;1260;378;811;130;1319;2;38;7;47;380;849;137;1366;678;1595;271;2544;5;65;12;82;683;1660;283;2626;2020
45126;35;89;19;143;0;19;3;22;35;108;22;165;45;67;18;130;1;17;2;20;46;84;20;150;80;156;37;273;1;36;5;42;81;192;42;315;2020
45127;88;335;77;500;1;34;6;41;89;369;83;541;76;273;74;423;4;36;7;47;80;309;81;470;164;608;151;923;5;70;13;88;169;678;164;1011;2020
45128;237;1060;293;1590;2;87;26;115;239;1147;319;1705;316;981;284;1581;3;84;21;108;319;1065;305;1689;553;2041;577;3171;5;171;47;223;558;2212;624;3394;2020
45129;26;25;3;54;1;5;0;6;27;30;3;60;32;15;0;47;0;4;1;5;32;19;1;52;58;40;3;101;1;9;1;11;59;49;4;112;2020
45130;55;105;6;166;0;10;2;12;55;115;8;178;68;72;5;145;1;11;3;15;69;83;8;160;123;177;11;311;1;21;5;27;124;198;16;338;2020
45131;54;94;18;166;0;7;0;7;54;101;18;173;52;60;11;123;1;7;0;8;53;67;11;131;106;154;29;289;1;14;0;15;107;168;29;304;2020
45132;209;1084;263;1556;1;38;7;46;210;1122;270;1602;209;991;283;1483;4;36;3;43;213;1027;286;1526;418;2075;546;3039;5;74;10;89;423;2149;556;3128;2020
45133;321;1101;293;1715;4;170;44;218;325;1271;337;1933;379;1068;273;1720;9;152;58;219;388;1220;331;1939;700;2169;566;3435;13;322;102;437;713;2491;668;3872;2020
45134;215;622;172;1009;6;91;28;125;221;713;200;1134;239;576;144;959;10;101;27;138;249;677;171;1097;454;1198;316;1968;16;192;55;263;470;1390;371;2231;2020
45135;533;1597;317;2447;2;99;26;127;535;1696;343;2574;673;1445;270;2388;3;83;25;111;676;1528;295;2499;1206;3042;587;4835;5;182;51;238;1211;3224;638;5073;2020
45136;672;2287;561;3520;12;347;90;449;684;2634;651;3969;831;2117;522;3470;25;309;85;419;856;2426;607;3889;1503;4404;1083;6990;37;656;175;868;1540;5060;1258;7858;2020
45137;204;594;150;948;2;110;19;131;206;704;169;1079;224;547;159;930;4;106;23;133;228;653;182;1063;428;1141;309;1878;6;216;42;264;434;1357;351;2142;2020
45138;160;367;65;592;0;12;2;14;160;379;67;606;196;344;68;608;0;7;4;11;196;351;72;619;356;711;133;1200;0;19;6;25;356;730;139;1225;2020
45139;45;28;4;77;0;3;0;3;45;31;4;80;43;20;3;66;0;2;0;2;43;22;3;68;88;48;7;143;0;5;0;5;88;53;7;148;2020
45140;143;418;102;663;1;76;22;99;144;494;124;762;167;363;91;621;2;81;25;108;169;444;116;729;310;781;193;1284;3;157;47;207;313;938;240;1491;2020
45141;126;294;46;466;0;30;4;34;126;324;50;500;163;255;42;460;0;16;4;20;163;271;46;480;289;549;88;926;0;46;8;54;289;595;96;980;2020
45142;838;3098;753;4689;16;637;194;847;854;3735;947;5536;1046;2967;744;4757;17;604;234;855;1063;3571;978;5612;1884;6065;1497;9446;33;1241;428;1702;1917;7306;1925;11148;2020
45143;151;464;125;740;0;38;13;51;151;502;138;791;174;421;120;715;0;50;8;58;174;471;128;773;325;885;245;1455;0;88;21;109;325;973;266;1564;2020
45144;150;258;31;439;1;41;13;55;151;299;44;494;150;185;35;370;2;47;6;55;152;232;41;425;300;443;66;809;3;88;19;110;303;531;85;919;2020
45145;266;1121;296;1683;8;607;184;799;274;1728;480;2482;296;1014;239;1549;11;328;134;473;307;1342;373;2022;562;2135;535;3232;19;935;318;1272;581;3070;853;4504;2020
45146;24;26;2;52;0;3;0;3;24;29;2;55;29;18;0;47;0;1;0;1;29;19;0;48;53;44;2;99;0;4;0;4;53;48;2;103;2020
45147;64;240;59;363;0;17;2;19;64;257;61;382;67;228;48;343;1;19;4;24;68;247;52;367;131;468;107;706;1;36;6;43;132;504;113;749;2020
45148;73;72;2;147;0;1;0;1;73;73;2;148;59;50;3;112;0;1;0;1;59;51;3;113;132;122;5;259;0;2;0;2;132;124;5;261;2020
45149;82;173;18;273;0;20;1;21;82;193;19;294;108;144;16;268;0;18;2;20;108;162;18;288;190;317;34;541;0;38;3;41;190;355;37;582;2020
45150;76;120;29;225;0;3;1;4;76;123;30;229;82;95;23;200;0;6;2;8;82;101;25;208;158;215;52;425;0;9;3;12;158;224;55;437;2020
45151;117;151;29;297;1;60;11;72;118;211;40;369;122;151;28;301;0;43;13;56;122;194;41;357;239;302;57;598;1;103;24;128;240;405;81;726;2020
45152;111;173;29;313;1;17;6;24;112;190;35;337;113;146;13;272;0;16;4;20;113;162;17;292;224;319;42;585;1;33;10;44;225;352;52;629;2020
45153;226;533;94;853;0;21;0;21;226;554;94;874;261;473;103;837;1;25;6;32;262;498;109;869;487;1006;197;1690;1;46;6;53;488;1052;203;1743;2020
45154;190;612;150;952;7;34;8;49;197;646;158;1001;170;546;160;876;5;36;3;44;175;582;163;920;360;1158;310;1828;12;70;11;93;372;1228;321;1921;2020
45155;80;98;12;190;0;12;1;13;80;110;13;203;66;62;5;133;1;10;3;14;67;72;8;147;146;160;17;323;1;22;4;27;147;182;21;350;2020
45156;468;1232;281;1981;2;95;6;103;470;1327;287;2084;537;1119;254;1910;4;78;13;95;541;1197;267;2005;1005;2351;535;3891;6;173;19;198;1011;2524;554;4089;2020
45157;269;990;292;1551;6;155;24;185;275;1145;316;1736;299;859;207;1365;12;158;31;201;311;1017;238;1566;568;1849;499;2916;18;313;55;386;586;2162;554;3302;2020
45158;279;1033;221;1533;4;97;32;133;283;1130;253;1666;345;914;214;1473;5;113;22;140;350;1027;236;1613;624;1947;435;3006;9;210;54;273;633;2157;489;3279;2020
45159;22;31;4;57;0;0;0;0;22;31;4;57;15;14;7;36;0;1;0;1;15;15;7;37;37;45;11;93;0;1;0;1;37;46;11;94;2020
45160;127;444;103;674;0;8;2;10;127;452;105;684;158;379;118;655;1;8;1;10;159;387;119;665;285;823;221;1329;1;16;3;20;286;839;224;1349;2020
45161;733;7633;2872;11238;68;2079;520;2667;801;9712;3392;13905;806;6901;2741;10448;138;2072;503;2713;944;8973;3244;13161;1539;14534;5613;21686;206;4151;1023;5380;1745;18685;6636;27066;2020
45162;167;169;11;347;0;12;5;17;167;181;16;364;154;121;5;280;1;18;5;24;155;139;10;304;321;290;16;627;1;30;10;41;322;320;26;668;2020
45163;995;3316;873;5184;17;339;73;429;1012;3655;946;5613;1128;3068;864;5060;19;320;70;409;1147;3388;934;5469;2123;6384;1737;10244;36;659;143;838;2159;7043;1880;11082;2020
45164;34;49;7;90;0;1;0;1;34;50;7;91;46;30;4;80;0;4;0;4;46;34;4;84;80;79;11;170;0;5;0;5;80;84;11;175;2020
45165;6725;23430;6592;36747;99;2709;601;3409;6824;26139;7193;40156;9090;24701;6100;39891;158;2902;556;3616;9248;27603;6656;43507;15815;48131;12692;76638;257;5611;1157;7025;16072;53742;13849;83663;2020
45166;215;573;116;904;1;70;14;85;216;643;130;989;269;526;99;894;3;65;15;83;272;591;114;977;484;1099;215;1798;4;135;29;168;488;1234;244;1966;2020
45167;231;455;82;768;4;82;19;105;235;537;101;873;271;432;63;766;5;77;20;102;276;509;83;868;502;887;145;1534;9;159;39;207;511;1046;184;1741;2020
45168;6160;24207;6913;37280;95;2949;617;3661;6255;27156;7530;40941;8317;25668;6522;40507;170;3564;629;4363;8487;29232;7151;44870;14477;49875;13435;77787;265;6513;1246;8024;14742;56388;14681;85811;2020
45169;26;69;10;105;0;3;0;3;26;72;10;108;35;48;3;86;0;3;0;3;35;51;3;89;61;117;13;191;0;6;0;6;61;123;13;197;2020
45170;48;55;5;108;0;3;0;3;48;58;5;111;48;35;3;86;0;10;0;10;48;45;3;96;96;90;8;194;0;13;0;13;96;103;8;207;2020
45171;187;510;92;789;2;43;5;50;189;553;97;839;238;434;105;777;1;42;11;54;239;476;116;831;425;944;197;1566;3;85;16;104;428;1029;213;1670;2020
45172;115;216;15;346;0;5;2;7;115;221;17;353;149;161;29;339;0;5;1;6;149;166;30;345;264;377;44;685;0;10;3;13;264;387;47;698;2020
45173;1002;3917;1057;5976;18;539;178;735;1020;4456;1235;6711;1194;3964;1029;6187;32;580;174;786;1226;4544;1203;6973;2196;7881;2086;12163;50;1119;352;1521;2246;9000;2438;13684;2020
45174;46;104;20;170;1;7;0;8;47;111;20;178;44;103;17;164;0;12;1;13;44;115;18;177;90;207;37;334;1;19;1;21;91;226;38;355;2020
45175;110;194;31;335;0;26;7;33;110;220;38;368;140;166;26;332;0;25;11;36;140;191;37;368;250;360;57;667;0;51;18;69;250;411;75;736;2020
45176;218;1844;572;2634;5;155;36;196;223;1999;608;2830;225;1737;468;2430;13;149;45;207;238;1886;513;2637;443;3581;1040;5064;18;304;81;403;461;3885;1121;5467;2020
45177;260;754;128;1142;2;71;24;97;262;825;152;1239;359;653;132;1144;2;71;21;94;361;724;153;1238;619;1407;260;2286;4;142;45;191;623;1549;305;2477;2020
45179;83;165;21;269;2;5;0;7;85;170;21;276;118;126;19;263;0;10;0;10;118;136;19;273;201;291;40;532;2;15;0;17;203;306;40;549;2020
45180;297;1212;347;1856;8;253;99;360;305;1465;446;2216;340;1073;399;1812;10;257;76;343;350;1330;475;2155;637;2285;746;3668;18;510;175;703;655;2795;921;4371;2020
45181;282;953;219;1454;1;31;7;39;283;984;226;1493;311;809;225;1345;3;43;19;65;314;852;244;1410;593;1762;444;2799;4;74;26;104;597;1836;470;2903;2020
45182;148;316;45;509;1;18;7;26;149;334;52;535;151;299;48;498;1;19;9;29;152;318;57;527;299;615;93;1007;2;37;16;55;301;652;109;1062;2020
45183;171;1141;380;1692;8;132;20;160;179;1273;400;1852;182;971;320;1473;11;143;31;185;193;1114;351;1658;353;2112;700;3165;19;275;51;345;372;2387;751;3510;2020
45184;31;64;11;106;0;3;0;3;31;67;11;109;44;70;7;121;0;3;0;3;44;73;7;124;75;134;18;227;0;6;0;6;75;140;18;233;2020
45185;792;2977;738;4507;3;162;44;209;795;3139;782;4716;1026;2885;676;4587;2;163;21;186;1028;3048;697;4773;1818;5862;1414;9094;5;325;65;395;1823;6187;1479;9489;2020
45186;395;1113;183;1691;4;93;12;109;399;1206;195;1800;484;1021;213;1718;2;90;13;105;486;1111;226;1823;879;2134;396;3409;6;183;25;214;885;2317;421;3623;2020
45187;501;1477;316;2294;2;103;27;132;503;1580;343;2426;700;1345;281;2326;2;101;21;124;702;1446;302;2450;1201;2822;597;4620;4;204;48;256;1205;3026;645;4876;2020
45188;302;1127;293;1722;6;164;68;238;308;1291;361;1960;359;1059;303;1721;10;151;45;206;369;1210;348;1927;661;2186;596;3443;16;315;113;444;677;2501;709;3887;2020
45189;81;261;73;415;5;55;6;66;86;316;79;481;76;239;69;384;3;42;16;61;79;281;85;445;157;500;142;799;8;97;22;127;165;597;164;926;2020
45190;75;162;21;258;0;10;3;13;75;172;24;271;87;137;30;254;0;11;1;12;87;148;31;266;162;299;51;512;0;21;4;25;162;320;55;537;2020
45191;86;188;33;307;0;12;0;12;86;200;33;319;95;156;32;283;0;4;0;4;95;160;32;287;181;344;65;590;0;16;0;16;181;360;65;606;2020
45192;355;887;157;1399;3;187;50;240;358;1074;207;1639;419;758;136;1313;2;168;50;220;421;926;186;1533;774;1645;293;2712;5;355;100;460;779;2000;393;3172;2020
45193;80;215;47;342;0;13;6;19;80;228;53;361;113;179;28;320;0;17;1;18;113;196;29;338;193;394;75;662;0;30;7;37;193;424;82;699;2020
45194;19;14;0;33;0;6;0;6;19;20;0;39;15;12;4;31;0;1;0;1;15;13;4;32;34;26;4;64;0;7;0;7;34;33;4;71;2020
45195;299;751;152;1202;1;48;12;61;300;799;164;1263;366;664;146;1176;4;62;9;75;370;726;155;1251;665;1415;298;2378;5;110;21;136;670;1525;319;2514;2020
45196;157;551;127;835;1;65;29;95;158;616;156;930;184;518;128;830;3;73;15;91;187;591;143;921;341;1069;255;1665;4;138;44;186;345;1207;299;1851;2020
45197;224;768;181;1173;4;96;27;127;228;864;208;1300;293;638;148;1079;3;116;24;143;296;754;172;1222;517;1406;329;2252;7;212;51;270;524;1618;380;2522;2020
45198;248;671;147;1066;4;144;53;201;252;815;200;1267;314;594;139;1047;4;124;40;168;318;718;179;1215;562;1265;286;2113;8;268;93;369;570;1533;379;2482;2020
45199;223;1604;451;2278;5;230;61;296;228;1834;512;2574;189;1327;431;1947;13;223;71;307;202;1550;502;2254;412;2931;882;4225;18;453;132;603;430;3384;1014;4828;2020
45200;509;1774;417;2700;3;246;52;301;512;2020;469;3001;613;1639;376;2628;7;189;57;253;620;1828;433;2881;1122;3413;793;5328;10;435;109;554;1132;3848;902;5882;2020
45201;300;1688;463;2451;5;360;114;479;305;2048;577;2930;351;1421;456;2228;9;294;94;397;360;1715;550;2625;651;3109;919;4679;14;654;208;876;665;3763;1127;5555;2020
45202;444;1632;452;2528;4;149;37;190;448;1781;489;2718;523;1441;426;2390;4;134;42;180;527;1575;468;2570;967;3073;878;4918;8;283;79;370;975;3356;957;5288;2020
45203;232;1198;366;1796;5;245;59;309;237;1443;425;2105;286;1116;322;1724;12;204;53;269;298;1320;375;1993;518;2314;688;3520;17;449;112;578;535;2763;800;4098;2020
45204;84;258;41;383;1;17;10;28;85;275;51;411;96;215;49;360;0;20;4;24;96;235;53;384;180;473;90;743;1;37;14;52;181;510;104;795;2020
45205;522;3418;1117;5057;25;631;212;868;547;4049;1329;5925;565;3189;1073;4827;36;657;201;894;601;3846;1274;5721;1087;6607;2190;9884;61;1288;413;1762;1148;7895;2603;11646;2020
45901;89;325;85;499;1;43;10;54;90;368;95;553;115;257;65;437;0;47;9;56;115;304;74;493;204;582;150;936;1;90;19;110;205;672;169;1046;2020
46001;116;297;50;463;0;66;29;95;116;363;79;558;131;237;27;395;1;50;33;84;132;287;60;479;247;534;77;858;1;116;62;179;248;650;139;1037;2020
46002;133;544;113;790;39;80;10;129;172;624;123;919;162;444;89;695;27;81;8;116;189;525;97;811;295;988;202;1485;66;161;18;245;361;1149;220;1730;2020
46003;115;374;76;565;0;17;6;23;115;391;82;588;156;323;70;549;4;19;2;25;160;342;72;574;271;697;146;1114;4;36;8;48;275;733;154;1162;2020
46004;194;776;169;1139;11;30;6;47;205;806;175;1186;242;749;160;1151;11;37;3;51;253;786;163;1202;436;1525;329;2290;22;67;9;98;458;1592;338;2388;2020
46005;2476;8976;2287;13739;19;645;157;821;2495;9621;2444;14560;3088;8994;2123;14205;48;708;190;946;3136;9702;2313;15151;5564;17970;4410;27944;67;1353;347;1767;5631;19323;4757;29711;2020
46006;479;1716;408;2603;15;233;65;313;494;1949;473;2916;651;1698;363;2712;12;234;40;286;663;1932;403;2998;1130;3414;771;5315;27;467;105;599;1157;3881;876;5914;2020
46007;888;5398;1499;7785;18;397;93;508;906;5795;1592;8293;1196;5220;1375;7791;14;405;74;493;1210;5625;1449;8284;2084;10618;2874;15576;32;802;167;1001;2116;11420;3041;16577;2020
46008;282;1009;239;1530;4;114;28;146;286;1123;267;1676;390;957;193;1540;4;84;22;110;394;1041;215;1650;672;1966;432;3070;8;198;50;256;680;2164;482;3326;2020
46009;354;1195;321;1870;6;74;20;100;360;1269;341;1970;427;1249;267;1943;4;100;19;123;431;1349;286;2066;781;2444;588;3813;10;174;39;223;791;2618;627;4036;2020
46010;97;412;97;606;2;32;0;34;99;444;97;640;115;331;81;527;5;31;5;41;120;362;86;568;212;743;178;1133;7;63;5;75;219;806;183;1208;2020
46011;779;2982;802;4563;41;465;140;646;820;3447;942;5209;1065;2845;748;4658;51;478;123;652;1116;3323;871;5310;1844;5827;1550;9221;92;943;263;1298;1936;6770;1813;10519;2020
46012;114;398;94;606;5;27;1;33;119;425;95;639;145;343;72;560;4;25;1;30;149;368;73;590;259;741;166;1166;9;52;2;63;268;793;168;1229;2020
46013;1611;7251;1970;10832;91;980;209;1280;1702;8231;2179;12112;2036;7366;1879;11281;116;1049;183;1348;2152;8415;2062;12629;3647;14617;3849;22113;207;2029;392;2628;3854;16646;4241;24741;2020
46014;348;1220;291;1859;6;119;36;161;354;1339;327;2020;520;1145;276;1941;10;154;26;190;530;1299;302;2131;868;2365;567;3800;16;273;62;351;884;2638;629;4151;2020
46015;699;3166;809;4674;16;333;95;444;715;3499;904;5118;887;2897;824;4608;24;358;88;470;911;3255;912;5078;1586;6063;1633;9282;40;691;183;914;1626;6754;1816;10196;2020
46016;125;411;95;631;1;35;5;41;126;446;100;672;166;389;77;632;1;26;10;37;167;415;87;669;291;800;172;1263;2;61;15;78;293;861;187;1341;2020
46017;3383;12851;3161;19395;92;1941;518;2551;3475;14792;3679;21946;4669;12794;3118;20581;117;1854;440;2411;4786;14648;3558;22992;8052;25645;6279;39976;209;3795;958;4962;8261;29440;7237;44938;2020
46018;111;192;16;319;2;9;0;11;113;201;16;330;91;162;17;270;1;9;1;11;92;171;18;281;202;354;33;589;3;18;1;22;205;372;34;611;2020
46019;942;3474;921;5337;16;429;154;599;958;3903;1075;5936;1219;3474;893;5586;18;440;127;585;1237;3914;1020;6171;2161;6948;1814;10923;34;869;281;1184;2195;7817;2095;12107;2020
46020;396;1470;345;2211;12;267;44;323;408;1737;389;2534;518;1422;341;2281;18;233;47;298;536;1655;388;2579;914;2892;686;4492;30;500;91;621;944;3392;777;5113;2020
46021;2086;10107;2851;15044;35;831;149;1015;2121;10938;3000;16059;2658;9869;2677;15204;44;751;146;941;2702;10620;2823;16145;4744;19976;5528;30248;79;1582;295;1956;4823;21558;5823;32204;2020
46022;1657;5937;1465;9059;47;1083;284;1414;1704;7020;1749;10473;2298;5847;1422;9567;59;1039;257;1355;2357;6886;1679;10922;3955;11784;2887;18626;106;2122;541;2769;4061;13906;3428;21395;2020
46023;34;143;23;200;13;20;1;34;47;163;24;234;46;113;24;183;11;19;2;32;57;132;26;215;80;256;47;383;24;39;3;66;104;295;50;449;2020
46024;53;178;38;269;0;12;2;14;53;190;40;283;75;156;40;271;2;13;0;15;77;169;40;286;128;334;78;540;2;25;2;29;130;359;80;569;2020
46025;226;959;249;1434;0;133;10;143;226;1092;259;1577;305;947;243;1495;1;198;11;210;306;1145;254;1705;531;1906;492;2929;1;331;21;353;532;2237;513;3282;2020
46026;132;491;135;758;2;45;4;51;134;536;139;809;152;448;119;719;2;36;5;43;154;484;124;762;284;939;254;1477;4;81;9;94;288;1020;263;1571;2020
46027;114;359;80;553;0;40;14;54;114;399;94;607;139;330;89;558;1;40;13;54;140;370;102;612;253;689;169;1111;1;80;27;108;254;769;196;1219;2020
46028;56;140;22;218;7;24;11;42;63;164;33;260;63;117;20;200;4;20;7;31;67;137;27;231;119;257;42;418;11;44;18;73;130;301;60;491;2020
46029;2042;8202;2191;12435;28;893;268;1189;2070;9095;2459;13624;2774;7832;2090;12696;52;822;236;1110;2826;8654;2326;13806;4816;16034;4281;25131;80;1715;504;2299;4896;17749;4785;27430;2020
46030;110;298;71;479;3;34;8;45;113;332;79;524;148;277;66;491;3;28;7;38;151;305;73;529;258;575;137;970;6;62;15;83;264;637;152;1053;2020
46031;1045;4234;1086;6365;13;471;130;614;1058;4705;1216;6979;1300;4042;1004;6346;13;387;102;502;1313;4429;1106;6848;2345;8276;2090;12711;26;858;232;1116;2371;9134;2322;13827;2020
46032;550;2253;605;3408;9;164;29;202;559;2417;634;3610;738;2308;569;3615;13;167;33;213;751;2475;602;3828;1288;4561;1174;7023;22;331;62;415;1310;4892;1236;7438;2020
46033;27;76;10;113;7;13;3;23;34;89;13;136;30;68;15;113;6;10;0;16;36;78;15;129;57;144;25;226;13;23;3;39;70;167;28;265;2020
46034;164;781;219;1164;8;60;17;85;172;841;236;1249;228;720;205;1153;5;60;10;75;233;780;215;1228;392;1501;424;2317;13;120;27;160;405;1621;451;2477;2020
46035;697;2742;762;4201;10;209;52;271;707;2951;814;4472;778;2752;666;4196;17;236;58;311;795;2988;724;4507;1475;5494;1428;8397;27;445;110;582;1502;5939;1538;8979;2020
46036;117;188;35;340;1;2;1;4;118;190;36;344;100;162;26;288;1;2;0;3;101;164;26;291;217;350;61;628;2;4;1;7;219;354;62;635;2020
46037;105;423;114;642;10;54;15;79;115;477;129;721;200;406;91;697;7;60;11;78;207;466;102;775;305;829;205;1339;17;114;26;157;322;943;231;1496;2020
46038;56;125;7;188;2;4;0;6;58;129;7;194;29;75;3;107;3;4;0;7;32;79;3;114;85;200;10;295;5;8;0;13;90;208;10;308;2020
46039;311;760;148;1219;9;78;10;97;320;838;158;1316;405;671;136;1212;5;71;11;87;410;742;147;1299;716;1431;284;2431;14;149;21;184;730;1580;305;2615;2020
46040;122;349;51;522;3;24;7;34;125;373;58;556;197;318;55;570;1;26;4;31;198;344;59;601;319;667;106;1092;4;50;11;65;323;717;117;1157;2020
46041;70;106;19;195;0;6;4;10;70;112;23;205;53;79;13;145;0;8;1;9;53;87;14;154;123;185;32;340;0;14;5;19;123;199;37;359;2020
46042;333;1361;342;2036;7;224;59;290;340;1585;401;2326;437;1293;319;2049;6;209;35;250;443;1502;354;2299;770;2654;661;4085;13;433;94;540;783;3087;755;4625;2020
46043;24;50;7;81;2;3;2;7;26;53;9;88;21;40;7;68;0;3;1;4;21;43;8;72;45;90;14;149;2;6;3;11;47;96;17;160;2020
46044;531;1587;327;2445;47;97;11;155;578;1684;338;2600;613;1512;365;2490;45;127;21;193;658;1639;386;2683;1144;3099;692;4935;92;224;32;348;1236;3323;724;5283;2020
46045;169;475;101;745;13;43;7;63;182;518;108;808;174;434;110;718;12;43;5;60;186;477;115;778;343;909;211;1463;25;86;12;123;368;995;223;1586;2020
46046;132;346;59;537;61;71;6;138;193;417;65;675;143;292;62;497;50;72;9;131;193;364;71;628;275;638;121;1034;111;143;15;269;386;781;136;1303;2020
46047;74;198;46;318;4;10;1;15;78;208;47;333;79;200;49;328;2;13;3;18;81;213;52;346;153;398;95;646;6;23;4;33;159;421;99;679;2020
46048;389;1377;308;2074;15;169;42;226;404;1546;350;2300;480;1327;293;2100;10;168;40;218;490;1495;333;2318;869;2704;601;4174;25;337;82;444;894;3041;683;4618;2020
46049;44;98;10;152;2;3;0;5;46;101;10;157;40;78;18;136;0;6;0;6;40;84;18;142;84;176;28;288;2;9;0;11;86;185;28;299;2020
46050;29;71;2;102;0;2;0;2;29;73;2;104;24;49;1;74;0;2;0;2;24;51;1;76;53;120;3;176;0;4;0;4;53;124;3;180;2020
46051;919;3461;815;5195;28;440;117;585;947;3901;932;5780;1108;3171;705;4984;23;378;91;492;1131;3549;796;5476;2027;6632;1520;10179;51;818;208;1077;2078;7450;1728;11256;2020
46052;70;185;39;294;2;6;0;8;72;191;39;302;84;191;44;319;2;15;0;17;86;206;44;336;154;376;83;613;4;21;0;25;158;397;83;638;2020
46053;51;211;33;295;1;13;2;16;52;224;35;311;62;198;44;304;1;11;0;12;63;209;44;316;113;409;77;599;2;24;2;28;115;433;79;627;2020
46054;1213;4388;1052;6653;21;513;114;648;1234;4901;1166;7301;1653;4386;959;6998;21;556;124;701;1674;4942;1083;7699;2866;8774;2011;13651;42;1069;238;1349;2908;9843;2249;15000;2020
46055;117;535;146;798;7;71;9;87;124;606;155;885;152;514;135;801;10;60;11;81;162;574;146;882;269;1049;281;1599;17;131;20;168;286;1180;301;1767;2020
46056;32;61;10;103;0;10;2;12;32;71;12;115;23;57;4;84;3;16;1;20;26;73;5;104;55;118;14;187;3;26;3;32;58;144;17;219;2020
46057;73;154;44;271;0;8;1;9;73;162;45;280;103;146;32;281;4;8;1;13;107;154;33;294;176;300;76;552;4;16;2;22;180;316;78;574;2020
46058;211;664;170;1045;2;45;17;64;213;709;187;1109;254;635;165;1054;1;41;8;50;255;676;173;1104;465;1299;335;2099;3;86;25;114;468;1385;360;2213;2020
46059;166;485;80;731;3;46;5;54;169;531;85;785;207;418;92;717;2;50;4;56;209;468;96;773;373;903;172;1448;5;96;9;110;378;999;181;1558;2020
46060;1131;3517;765;5413;12;409;91;512;1143;3926;856;5925;1349;3429;807;5585;23;367;89;479;1372;3796;896;6064;2480;6946;1572;10998;35;776;180;991;2515;7722;1752;11989;2020
46061;20;163;38;221;1;8;2;11;21;171;40;232;26;149;41;216;1;10;1;12;27;159;42;228;46;312;79;437;2;18;3;23;48;330;82;460;2020
46062;481;1864;390;2735;19;142;50;211;500;2006;440;2946;609;1699;321;2629;14;153;37;204;623;1852;358;2833;1090;3563;711;5364;33;295;87;415;1123;3858;798;5779;2020
46063;173;734;172;1079;1;53;17;71;174;787;189;1150;222;668;169;1059;5;44;14;63;227;712;183;1122;395;1402;341;2138;6;97;31;134;401;1499;372;2272;2020
46064;49;236;61;346;0;9;0;9;49;245;61;355;71;192;39;302;0;9;1;10;71;201;40;312;120;428;100;648;0;18;1;19;120;446;101;667;2020
46065;154;666;169;989;1;21;4;26;155;687;173;1015;183;638;138;959;4;33;4;41;187;671;142;1000;337;1304;307;1948;5;54;8;67;342;1358;315;2015;2020
46066;151;475;93;719;6;25;2;33;157;500;95;752;214;452;97;763;6;31;3;40;220;483;100;803;365;927;190;1482;12;56;5;73;377;983;195;1555;2020
46067;185;711;165;1061;2;59;18;79;187;770;183;1140;232;663;159;1054;4;77;16;97;236;740;175;1151;417;1374;324;2115;6;136;34;176;423;1510;358;2291;2020
46068;43;153;34;230;0;6;1;7;43;159;35;237;34;119;33;186;1;8;0;9;35;127;33;195;77;272;67;416;1;14;1;16;78;286;68;432;2020
46069;24;49;6;79;2;8;0;10;26;57;6;89;30;45;10;85;3;6;2;11;33;51;12;96;54;94;16;164;5;14;2;21;59;108;18;185;2020
46070;1502;7610;2139;11251;44;686;263;993;1546;8296;2402;12244;1888;7310;2004;11202;66;854;238;1158;1954;8164;2242;12360;3390;14920;4143;22453;110;1540;501;2151;3500;16460;4644;24604;2020
46071;93;142;19;254;0;1;1;2;93;143;20;256;105;131;21;257;2;14;0;16;107;145;21;273;198;273;40;511;2;15;1;18;200;288;41;529;2020
46072;475;1310;273;2058;3;23;6;32;478;1333;279;2090;533;1213;264;2010;3;35;4;42;536;1248;268;2052;1008;2523;537;4068;6;58;10;74;1014;2581;547;4142;2020
46073;153;397;69;619;6;40;10;56;159;437;79;675;178;349;77;604;3;38;4;45;181;387;81;649;331;746;146;1223;9;78;14;101;340;824;160;1324;2020
46074;214;1148;377;1739;6;76;20;102;220;1224;397;1841;306;1088;351;1745;6;125;21;152;312;1213;372;1897;520;2236;728;3484;12;201;41;254;532;2437;769;3738;2020
46075;21;54;11;86;0;1;0;1;21;55;11;87;21;41;5;67;1;1;0;2;22;42;5;69;42;95;16;153;1;2;0;3;43;97;16;156;2020
46076;104;189;23;316;4;46;7;57;108;235;30;373;122;183;16;321;3;34;8;45;125;217;24;366;226;372;39;637;7;80;15;102;233;452;54;739;2020
46077;989;2730;737;4456;15;212;65;292;1004;2942;802;4748;1154;2593;647;4394;19;278;59;356;1173;2871;706;4750;2143;5323;1384;8850;34;490;124;648;2177;5813;1508;9498;2020
46078;2761;11130;2817;16708;39;1561;333;1933;2800;12691;3150;18641;4013;11199;2569;17781;85;1846;279;2210;4098;13045;2848;19991;6774;22329;5386;34489;124;3407;612;4143;6898;25736;5998;38632;2020
46079;64;124;16;204;1;0;0;1;65;124;16;205;53;82;11;146;2;2;0;4;55;84;11;150;117;206;27;350;3;2;0;5;120;208;27;355;2020
46080;158;340;68;566;3;40;4;47;161;380;72;613;179;314;38;531;4;41;9;54;183;355;47;585;337;654;106;1097;7;81;13;101;344;735;119;1198;2020
46081;1139;3945;897;5981;41;637;117;795;1180;4582;1014;6776;1334;3793;870;5997;34;587;122;743;1368;4380;992;6740;2473;7738;1767;11978;75;1224;239;1538;2548;8962;2006;13516;2020
46082;529;2052;589;3170;24;189;46;259;553;2241;635;3429;552;1957;535;3044;27;212;53;292;579;2169;588;3336;1081;4009;1124;6214;51;401;99;551;1132;4410;1223;6765;2020
46083;1593;6004;1377;8974;40;878;239;1157;1633;6882;1616;10131;2196;5790;1379;9365;48;722;170;940;2244;6512;1549;10305;3789;11794;2756;18339;88;1600;409;2097;3877;13394;3165;20436;2020
46084;156;546;121;823;2;41;7;50;158;587;128;873;238;547;121;906;6;33;9;48;244;580;130;954;394;1093;242;1729;8;74;16;98;402;1167;258;1827;2020
46085;1351;4241;1148;6740;20;847;251;1118;1371;5088;1399;7858;1618;4118;1082;6818;41;790;233;1064;1659;4908;1315;7882;2969;8359;2230;13558;61;1637;484;2182;3030;9996;2714;15740;2020
46086;12;30;6;48;0;1;2;3;12;31;8;51;12;28;5;45;0;3;0;3;12;31;5;48;24;58;11;93;0;4;2;6;24;62;13;99;2020
46087;22;36;13;71;0;1;0;1;22;37;13;72;23;28;8;59;0;0;0;0;23;28;8;59;45;64;21;130;0;1;0;1;45;65;21;131;2020
46088;28;48;10;86;0;1;0;1;28;49;10;87;33;37;6;76;0;0;0;0;33;37;6;76;61;85;16;162;0;1;0;1;61;86;16;163;2020
46089;266;886;195;1347;14;63;4;81;280;949;199;1428;298;763;202;1263;14;71;4;89;312;834;206;1352;564;1649;397;2610;28;134;8;170;592;1783;405;2780;2020
46090;189;652;161;1002;4;135;37;176;193;787;198;1178;246;570;123;939;10;138;33;181;256;708;156;1120;435;1222;284;1941;14;273;70;357;449;1495;354;2298;2020
46091;16;47;3;66;2;8;2;12;18;55;5;78;15;29;5;49;0;11;3;14;15;40;8;63;31;76;8;115;2;19;5;26;33;95;13;141;2020
46092;49;92;10;151;1;9;0;10;50;101;10;161;53;70;17;140;0;7;0;7;53;77;17;147;102;162;27;291;1;16;0;17;103;178;27;308;2020
46093;233;851;194;1278;14;92;15;121;247;943;209;1399;297;810;174;1281;15;86;23;124;312;896;197;1405;530;1661;368;2559;29;178;38;245;559;1839;406;2804;2020
46094;1910;8446;2555;12911;30;961;222;1213;1940;9407;2777;14124;2559;8253;2377;13189;54;990;251;1295;2613;9243;2628;14484;4469;16699;4932;26100;84;1951;473;2508;4553;18650;5405;28608;2020
46095;108;193;50;351;0;22;3;25;108;215;53;376;120;158;32;310;1;22;2;25;121;180;34;335;228;351;82;661;1;44;5;50;229;395;87;711;2020
46096;29;119;24;172;1;6;0;7;30;125;24;179;26;93;25;144;2;5;1;8;28;98;26;152;55;212;49;316;3;11;1;15;58;223;50;331;2020
46097;140;361;57;558;2;9;3;14;142;370;60;572;160;304;50;514;3;31;3;37;163;335;53;551;300;665;107;1072;5;40;6;51;305;705;113;1123;2020
46098;279;931;220;1430;5;89;23;117;284;1020;243;1547;380;852;227;1459;4;58;20;82;384;910;247;1541;659;1783;447;2889;9;147;43;199;668;1930;490;3088;2020
46099;135;264;18;417;1;7;2;10;136;271;20;427;142;178;8;328;3;12;1;16;145;190;9;344;277;442;26;745;4;19;3;26;281;461;29;771;2020
46100;33;107;16;156;0;15;1;16;33;122;17;172;49;89;18;156;0;5;0;5;49;94;18;161;82;196;34;312;0;20;1;21;82;216;35;333;2020
46101;105;289;61;455;0;19;12;31;105;308;73;486;146;288;78;512;1;22;3;26;147;310;81;538;251;577;139;967;1;41;15;57;252;618;154;1024;2020
46102;2345;7356;1672;11373;31;653;162;846;2376;8009;1834;12219;3071;7295;1598;11964;32;709;138;879;3103;8004;1736;12843;5416;14651;3270;23337;63;1362;300;1725;5479;16013;3570;25062;2020
46103;193;462;99;754;3;28;7;38;196;490;106;792;256;453;110;819;1;33;10;44;257;486;120;863;449;915;209;1573;4;61;17;82;453;976;226;1655;2020
46104;262;701;112;1075;2;14;3;19;264;715;115;1094;296;661;119;1076;4;23;5;32;300;684;124;1108;558;1362;231;2151;6;37;8;51;564;1399;239;2202;2020
46105;1997;6067;1344;9408;161;1446;254;1861;2158;7513;1598;11269;2543;5828;1300;9671;150;1215;216;1581;2693;7043;1516;11252;4540;11895;2644;19079;311;2661;470;3442;4851;14556;3114;22521;2020
46106;237;453;74;764;0;17;5;22;237;470;79;786;249;394;74;717;0;26;2;28;249;420;76;745;486;847;148;1481;0;43;7;50;486;890;155;1531;2020
46107;233;695;142;1070;23;127;11;161;256;822;153;1231;304;662;156;1122;19;81;19;119;323;743;175;1241;537;1357;298;2192;42;208;30;280;579;1565;328;2472;2020
46108;76;152;13;241;1;7;1;9;77;159;14;250;91;103;19;213;0;5;1;6;91;108;20;219;167;255;32;454;1;12;2;15;168;267;34;469;2020
46109;729;2452;598;3779;11;552;119;682;740;3004;717;4461;892;2329;567;3788;11;370;105;486;903;2699;672;4274;1621;4781;1165;7567;22;922;224;1168;1643;5703;1389;8735;2020
46110;2198;8454;2012;12664;49;1840;410;2299;2247;10294;2422;14963;3028;8181;1979;13188;80;1603;363;2046;3108;9784;2342;15234;5226;16635;3991;25852;129;3443;773;4345;5355;20078;4764;30197;2020
46111;1008;4925;1244;7177;50;547;100;697;1058;5472;1344;7874;1205;4546;1134;6885;58;485;112;655;1263;5031;1246;7540;2213;9471;2378;14062;108;1032;212;1352;2321;10503;2590;15414;2020
46112;100;184;19;303;0;46;9;55;100;230;28;358;96;147;25;268;0;32;4;36;96;179;29;304;196;331;44;571;0;78;13;91;196;409;57;662;2020
46113;242;1022;212;1476;14;79;15;108;256;1101;227;1584;353;935;217;1505;18;80;9;107;371;1015;226;1612;595;1957;429;2981;32;159;24;215;627;2116;453;3196;2020
46114;70;208;47;325;2;5;0;7;72;213;47;332;74;201;47;322;3;13;3;19;77;214;50;341;144;409;94;647;5;18;3;26;149;427;97;673;2020
46115;42;127;13;182;0;2;0;2;42;129;13;184;42;83;14;139;1;3;0;4;43;86;14;143;84;210;27;321;1;5;0;6;85;215;27;327;2020
46116;1471;5315;1377;8163;68;587;145;800;1539;5902;1522;8963;1787;5454;1307;8548;73;653;125;851;1860;6107;1432;9399;3258;10769;2684;16711;141;1240;270;1651;3399;12009;2954;18362;2020
46117;30;228;75;333;1;11;5;17;31;239;80;350;47;197;69;313;0;21;4;25;47;218;73;338;77;425;144;646;1;32;9;42;78;457;153;688;2020
46118;442;1375;284;2101;22;243;26;291;464;1618;310;2392;588;1282;281;2151;15;192;27;234;603;1474;308;2385;1030;2657;565;4252;37;435;53;525;1067;3092;618;4777;2020
46119;116;272;64;452;1;10;1;12;117;282;65;464;142;236;44;422;3;9;4;16;145;245;48;438;258;508;108;874;4;19;5;28;262;527;113;902;2020
46120;147;430;95;672;4;20;2;26;151;450;97;698;195;420;109;724;2;16;1;19;197;436;110;743;342;850;204;1396;6;36;3;45;348;886;207;1441;2020
46121;14;41;6;61;0;1;1;2;14;42;7;63;20;36;2;58;0;4;0;4;20;40;2;62;34;77;8;119;0;5;1;6;34;82;9;125;2020
46122;314;1079;260;1653;3;102;30;135;317;1181;290;1788;388;1003;241;1632;7;110;16;133;395;1113;257;1765;702;2082;501;3285;10;212;46;268;712;2294;547;3553;2020
46123;221;764;188;1173;12;82;13;107;233;846;201;1280;277;694;166;1137;8;67;12;87;285;761;178;1224;498;1458;354;2310;20;149;25;194;518;1607;379;2504;2020
46124;103;304;70;477;2;12;9;23;105;316;79;500;102;288;51;441;1;14;3;18;103;302;54;459;205;592;121;918;3;26;12;41;208;618;133;959;2020
46125;91;338;68;497;2;4;0;6;93;342;68;503;122;315;65;502;3;11;1;15;125;326;66;517;213;653;133;999;5;15;1;21;218;668;134;1020;2020
46126;571;2210;656;3437;9;193;38;240;580;2403;694;3677;762;2177;596;3535;4;197;39;240;766;2374;635;3775;1333;4387;1252;6972;13;390;77;480;1346;4777;1329;7452;2020
46127;269;1121;252;1642;64;142;32;238;333;1263;284;1880;377;1020;267;1664;63;151;20;234;440;1171;287;1898;646;2141;519;3306;127;293;52;472;773;2434;571;3778;2020
46128;202;597;131;930;4;70;16;90;206;667;147;1020;260;541;139;940;5;42;20;67;265;583;159;1007;462;1138;270;1870;9;112;36;157;471;1250;306;2027;2020
46129;68;222;35;325;2;44;11;57;70;266;46;382;75;154;36;265;1;31;15;47;76;185;51;312;143;376;71;590;3;75;26;104;146;451;97;694;2020
46130;99;306;79;484;2;12;4;18;101;318;83;502;132;318;76;526;0;13;1;14;132;331;77;540;231;624;155;1010;2;25;5;32;233;649;160;1042;2020
46131;5231;19076;4775;29082;472;6301;1387;8160;5703;25377;6162;37242;7380;19135;4559;31074;532;5694;1256;7482;7912;24829;5815;38556;12611;38211;9334;60156;1004;11995;2643;15642;13615;50206;11977;75798;2020
46132;223;885;229;1337;7;38;15;60;230;923;244;1397;265;860;194;1319;3;46;13;62;268;906;207;1381;488;1745;423;2656;10;84;28;122;498;1829;451;2778;2020
46133;82;169;14;265;2;24;2;28;84;193;16;293;88;121;26;235;4;14;2;20;92;135;28;255;170;290;40;500;6;38;4;48;176;328;44;548;2020
46134;216;1083;280;1579;11;137;28;176;227;1220;308;1755;231;977;257;1465;10;148;26;184;241;1125;283;1649;447;2060;537;3044;21;285;54;360;468;2345;591;3404;2020
46135;1120;3690;1053;5863;25;326;85;436;1145;4016;1138;6299;1409;3901;998;6308;32;402;90;524;1441;4303;1088;6832;2529;7591;2051;12171;57;728;175;960;2586;8319;2226;13131;2020
46136;292;1116;304;1712;21;96;18;135;313;1212;322;1847;311;994;279;1584;26;106;21;153;337;1100;300;1737;603;2110;583;3296;47;202;39;288;650;2312;622;3584;2020
46137;32;96;15;143;1;5;0;6;33;101;15;149;41;87;15;143;0;3;0;3;41;90;15;146;73;183;30;286;1;8;0;9;74;191;30;295;2020
46138;37;153;35;225;1;7;0;8;38;160;35;233;46;123;45;214;1;7;1;9;47;130;46;223;83;276;80;439;2;14;1;17;85;290;81;456;2020
46139;545;1701;391;2637;9;179;41;229;554;1880;432;2866;695;1690;446;2831;14;164;27;205;709;1854;473;3036;1240;3391;837;5468;23;343;68;434;1263;3734;905;5902;2020
46140;30;174;54;258;4;15;4;23;34;189;58;281;26;162;42;230;1;17;2;20;27;179;44;250;56;336;96;488;5;32;6;43;61;368;102;531;2020
46141;72;159;20;251;4;9;1;14;76;168;21;265;71;130;21;222;3;9;2;14;74;139;23;236;143;289;41;473;7;18;3;28;150;307;44;501;2020
46142;146;247;28;421;4;8;0;12;150;255;28;433;167;207;19;393;3;5;0;8;170;212;19;401;313;454;47;814;7;13;0;20;320;467;47;834;2020
46143;469;1728;340;2537;16;255;63;334;485;1983;403;2871;579;1583;327;2489;24;283;53;360;603;1866;380;2849;1048;3311;667;5026;40;538;116;694;1088;3849;783;5720;2020
46144;110;227;37;374;8;14;1;23;118;241;38;397;122;192;42;356;1;14;1;16;123;206;43;372;232;419;79;730;9;28;2;39;241;447;81;769;2020
46145;2230;8649;2024;12903;81;1237;275;1593;2311;9886;2299;14496;2995;8734;1937;13666;95;1103;263;1461;3090;9837;2200;15127;5225;17383;3961;26569;176;2340;538;3054;5401;19723;4499;29623;2020
46146;176;670;178;1024;8;62;25;95;184;732;203;1119;227;605;157;989;6;71;12;89;233;676;169;1078;403;1275;335;2013;14;133;37;184;417;1408;372;2197;2020
46147;1883;6963;1726;10572;104;913;252;1269;1987;7876;1978;11841;2187;6567;1662;10416;93;916;216;1225;2280;7483;1878;11641;4070;13530;3388;20988;197;1829;468;2494;4267;15359;3856;23482;2020
46148;138;655;188;981;2;55;12;69;140;710;200;1050;137;607;171;915;3;61;6;70;140;668;177;985;275;1262;359;1896;5;116;18;139;280;1378;377;2035;2020
46149;56;135;17;208;1;41;7;49;57;176;24;257;57;109;30;196;3;33;16;52;60;142;46;248;113;244;47;404;4;74;23;101;117;318;70;505;2020
46150;214;722;173;1109;5;64;10;79;219;786;183;1188;258;643;166;1067;6;56;9;71;264;699;175;1138;472;1365;339;2176;11;120;19;150;483;1485;358;2326;2020
46151;74;322;68;464;1;9;0;10;75;331;68;474;96;268;65;429;2;8;3;13;98;276;68;442;170;590;133;893;3;17;3;23;173;607;136;916;2020
46152;11;35;8;54;0;9;3;12;11;44;11;66;14;30;3;47;0;9;2;11;14;39;5;58;25;65;11;101;0;18;5;23;25;83;16;124;2020
46153;56;169;35;260;1;13;2;16;57;182;37;276;73;154;35;262;2;13;1;16;75;167;36;278;129;323;70;522;3;26;3;32;132;349;73;554;2020
46154;93;318;82;493;2;34;4;40;95;352;86;533;114;283;87;484;2;26;2;30;116;309;89;514;207;601;169;977;4;60;6;70;211;661;175;1047;2020
46155;133;358;59;550;8;21;4;33;141;379;63;583;199;271;50;520;5;19;3;27;204;290;53;547;332;629;109;1070;13;40;7;60;345;669;116;1130;2020
46156;218;797;194;1209;7;86;20;113;225;883;214;1322;272;745;202;1219;12;81;19;112;284;826;221;1331;490;1542;396;2428;19;167;39;225;509;1709;435;2653;2020
46157;329;1189;249;1767;4;81;19;104;333;1270;268;1871;403;1066;210;1679;1;82;9;92;404;1148;219;1771;732;2255;459;3446;5;163;28;196;737;2418;487;3642;2020
46158;128;440;64;632;7;38;10;55;135;478;74;687;131;364;65;560;11;32;10;53;142;396;75;613;259;804;129;1192;18;70;20;108;277;874;149;1300;2020
46159;2230;9282;2346;13858;43;1212;309;1564;2273;10494;2655;15422;2994;9132;2158;14284;75;1211;248;1534;3069;10343;2406;15818;5224;18414;4504;28142;118;2423;557;3098;5342;20837;5061;31240;2020
46160;207;744;166;1117;2;63;20;85;209;807;186;1202;315;711;136;1162;1;63;8;72;316;774;144;1234;522;1455;302;2279;3;126;28;157;525;1581;330;2436;2020
46161;151;641;150;942;5;21;4;30;156;662;154;972;170;542;131;843;5;25;3;33;175;567;134;876;321;1183;281;1785;10;46;7;63;331;1229;288;1848;2020
46162;147;473;113;733;2;93;16;111;149;566;129;844;180;375;107;662;5;81;18;104;185;456;125;766;327;848;220;1395;7;174;34;215;334;1022;254;1610;2020
46163;153;819;223;1195;3;55;18;76;156;874;241;1271;194;778;216;1188;5;74;17;96;199;852;233;1284;347;1597;439;2383;8;129;35;172;355;1726;474;2555;2020
46164;1194;4926;1283;7403;20;474;116;610;1214;5400;1399;8013;1562;4738;1196;7496;29;511;114;654;1591;5249;1310;8150;2756;9664;2479;14899;49;985;230;1264;2805;10649;2709;16163;2020
46165;740;2888;801;4429;16;318;77;411;756;3206;878;4840;972;2862;722;4556;15;312;59;386;987;3174;781;4942;1712;5750;1523;8985;31;630;136;797;1743;6380;1659;9782;2020
46166;822;3255;835;4912;15;359;90;464;837;3614;925;5376;1084;3244;830;5158;21;340;75;436;1105;3584;905;5594;1906;6499;1665;10070;36;699;165;900;1942;7198;1830;10970;2020
46167;51;109;7;167;0;2;0;2;51;111;7;169;57;96;7;160;1;1;0;2;58;97;7;162;108;205;14;327;1;3;0;4;109;208;14;331;2020
46168;184;851;206;1241;26;89;15;130;210;940;221;1371;293;734;159;1186;22;90;16;128;315;824;175;1314;477;1585;365;2427;48;179;31;258;525;1764;396;2685;2020
46169;3523;12257;2954;18734;79;2240;446;2765;3602;14497;3400;21499;4641;12670;2836;20147;121;2159;394;2674;4762;14829;3230;22821;8164;24927;5790;38881;200;4399;840;5439;8364;29326;6630;44320;2020
46170;398;1354;291;2043;10;88;18;116;408;1442;309;2159;481;1263;277;2021;12;103;12;127;493;1366;289;2148;879;2617;568;4064;22;191;30;243;901;2808;598;4307;2020
46171;1676;6487;1565;9728;28;863;152;1043;1704;7350;1717;10771;2315;6256;1414;9985;38;1079;148;1265;2353;7335;1562;11250;3991;12743;2979;19713;66;1942;300;2308;4057;14685;3279;22021;2020
46172;460;2494;673;3627;46;459;94;599;506;2953;767;4226;490;2218;648;3356;52;449;105;606;542;2667;753;3962;950;4712;1321;6983;98;908;199;1205;1048;5620;1520;8188;2020
46173;139;517;120;776;3;28;5;36;142;545;125;812;177;496;114;787;4;26;6;36;181;522;120;823;316;1013;234;1563;7;54;11;72;323;1067;245;1635;2020
46174;103;380;65;548;1;29;7;37;104;409;72;585;132;346;64;542;3;24;1;28;135;370;65;570;235;726;129;1090;4;53;8;65;239;779;137;1155;2020
46175;63;154;32;249;0;37;7;44;63;191;39;293;85;139;31;255;0;33;4;37;85;172;35;292;148;293;63;504;0;70;11;81;148;363;74;585;2020
46176;205;923;201;1329;45;167;27;239;250;1090;228;1568;220;767;187;1174;36;147;31;214;256;914;218;1388;425;1690;388;2503;81;314;58;453;506;2004;446;2956;2020
46177;428;2073;517;3018;17;243;84;344;445;2316;601;3362;540;1874;457;2871;10;276;77;363;550;2150;534;3234;968;3947;974;5889;27;519;161;707;995;4466;1135;6596;2020
46178;335;2381;582;3298;24;187;52;263;359;2568;634;3561;389;2108;550;3047;24;229;36;289;413;2337;586;3336;724;4489;1132;6345;48;416;88;552;772;4905;1220;6897;2020
46179;301;772;192;1265;15;169;49;233;316;941;241;1498;370;717;165;1252;17;183;54;254;387;900;219;1506;671;1489;357;2517;32;352;103;487;703;1841;460;3004;2020
46180;65;271;63;399;1;13;1;15;66;284;64;414;78;270;71;419;0;19;5;24;78;289;76;443;143;541;134;818;1;32;6;39;144;573;140;857;2020
46181;1857;6482;1589;9928;359;1704;399;2462;2216;8186;1988;12390;2699;6257;1543;10499;317;1646;372;2335;3016;7903;1915;12834;4556;12739;3132;20427;676;3350;771;4797;5232;16089;3903;25224;2020
46182;144;590;130;864;34;64;11;109;178;654;141;973;146;493;112;751;30;66;8;104;176;559;120;855;290;1083;242;1615;64;130;19;213;354;1213;261;1828;2020
46183;688;2363;554;3605;41;410;118;569;729;2773;672;4174;863;2212;501;3576;36;439;95;570;899;2651;596;4146;1551;4575;1055;7181;77;849;213;1139;1628;5424;1268;8320;2020
46184;2751;10550;2388;15689;141;1475;353;1969;2892;12025;2741;17658;3637;10212;2400;16249;134;1368;352;1854;3771;11580;2752;18103;6388;20762;4788;31938;275;2843;705;3823;6663;23605;5493;35761;2020
46185;56;126;21;203;2;7;1;10;58;133;22;213;61;117;23;201;2;6;0;8;63;123;23;209;117;243;44;404;4;13;1;18;121;256;45;422;2020
46186;1651;8283;2330;12264;30;626;145;801;1681;8909;2475;13065;2119;8135;2313;12567;41;726;115;882;2160;8861;2428;13449;3770;16418;4643;24831;71;1352;260;1683;3841;17770;4903;26514;2020
46187;165;499;111;775;36;70;5;111;201;569;116;886;193;440;86;719;29;68;7;104;222;508;93;823;358;939;197;1494;65;138;12;215;423;1077;209;1709;2020
46188;59;306;86;451;6;49;9;64;65;355;95;515;78;269;87;434;6;49;14;69;84;318;101;503;137;575;173;885;12;98;23;133;149;673;196;1018;2020
46189;45;185;43;273;6;7;1;14;51;192;44;287;55;186;24;265;5;9;1;15;60;195;25;280;100;371;67;538;11;16;2;29;111;387;69;567;2020
46190;4232;20948;6722;31902;119;2438;670;3227;4351;23386;7392;35129;5369;20836;6193;32398;203;2694;611;3508;5572;23530;6804;35906;9601;41784;12915;64300;322;5132;1281;6735;9923;46916;14196;71035;2020
46191;251;793;165;1209;38;204;34;276;289;997;199;1485;289;674;132;1095;28;175;31;234;317;849;163;1329;540;1467;297;2304;66;379;65;510;606;1846;362;2814;2020
46192;96;307;80;483;3;13;6;22;99;320;86;505;96;295;65;456;3;27;8;38;99;322;73;494;192;602;145;939;6;40;14;60;198;642;159;999;2020
46193;862;3621;949;5432;13;251;37;301;875;3872;986;5733;1100;3585;830;5515;21;295;42;358;1121;3880;872;5873;1962;7206;1779;10947;34;546;79;659;1996;7752;1858;11606;2020
46194;1554;6568;1806;9928;27;602;140;769;1581;7170;1946;10697;1929;6182;1656;9767;49;623;127;799;1978;6805;1783;10566;3483;12750;3462;19695;76;1225;267;1568;3559;13975;3729;21263;2020
46195;174;827;177;1178;23;137;39;199;197;964;216;1377;251;745;179;1175;24;135;29;188;275;880;208;1363;425;1572;356;2353;47;272;68;387;472;1844;424;2740;2020
46196;19;45;6;70;1;6;0;7;20;51;6;77;26;45;5;76;0;4;0;4;26;49;5;80;45;90;11;146;1;10;0;11;46;100;11;157;2020
46197;204;789;191;1184;4;60;20;84;208;849;211;1268;284;690;184;1158;5;57;15;77;289;747;199;1235;488;1479;375;2342;9;117;35;161;497;1596;410;2503;2020
46198;85;348;62;495;8;37;4;49;93;385;66;544;124;319;41;484;8;24;0;32;132;343;41;516;209;667;103;979;16;61;4;81;225;728;107;1060;2020
46199;608;2422;632;3662;35;342;78;455;643;2764;710;4117;727;2233;562;3522;29;393;67;489;756;2626;629;4011;1335;4655;1194;7184;64;735;145;944;1399;5390;1339;8128;2020
46200;257;630;143;1030;5;149;30;184;262;779;173;1214;322;640;130;1092;9;180;20;209;331;820;150;1301;579;1270;273;2122;14;329;50;393;593;1599;323;2515;2020
46201;11;26;1;38;0;0;0;0;11;26;1;38;9;14;0;23;0;0;0;0;9;14;0;23;20;40;1;61;0;0;0;0;20;40;1;61;2020
46202;1329;7979;2349;11657;42;681;167;890;1371;8660;2516;12547;1585;7515;2282;11382;67;737;125;929;1652;8252;2407;12311;2914;15494;4631;23039;109;1418;292;1819;3023;16912;4923;24858;2020
46203;415;1374;308;2097;4;105;28;137;419;1479;336;2234;502;1296;283;2081;3;104;30;137;505;1400;313;2218;917;2670;591;4178;7;209;58;274;924;2879;649;4452;2020
46204;764;2551;624;3939;8;262;39;309;772;2813;663;4248;989;2518;621;4128;32;254;56;342;1021;2772;677;4470;1753;5069;1245;8067;40;516;95;651;1793;5585;1340;8718;2020
46205;1425;5698;1516;8639;48;820;247;1115;1473;6518;1763;9754;1792;5645;1383;8820;50;896;217;1163;1842;6541;1600;9983;3217;11343;2899;17459;98;1716;464;2278;3315;13059;3363;19737;2020
46206;99;203;24;326;1;14;3;18;100;217;27;344;103;157;31;291;5;19;4;28;108;176;35;319;202;360;55;617;6;33;7;46;208;393;62;663;2020
46207;593;2780;810;4183;13;250;51;314;606;3030;861;4497;798;2785;771;4354;13;247;38;298;811;3032;809;4652;1391;5565;1581;8537;26;497;89;612;1417;6062;1670;9149;2020
46208;126;395;92;613;3;31;4;38;129;426;96;651;175;397;91;663;6;30;5;41;181;427;96;704;301;792;183;1276;9;61;9;79;310;853;192;1355;2020
46209;211;761;156;1128;5;26;4;35;216;787;160;1163;297;679;165;1141;3;44;4;51;300;723;169;1192;508;1440;321;2269;8;70;8;86;516;1510;329;2355;2020
46210;36;122;38;196;7;10;0;17;43;132;38;213;47;126;40;213;7;7;2;16;54;133;42;229;83;248;78;409;14;17;2;33;97;265;80;442;2020
46211;155;805;193;1153;12;91;18;121;167;896;211;1274;223;732;170;1125;15;106;11;132;238;838;181;1257;378;1537;363;2278;27;197;29;253;405;1734;392;2531;2020
46212;204;659;145;1008;14;116;12;142;218;775;157;1150;222;564;147;933;11;93;20;124;233;657;167;1057;426;1223;292;1941;25;209;32;266;451;1432;324;2207;2020
46213;1957;5926;1424;9307;18;711;148;877;1975;6637;1572;10184;2288;5639;1406;9333;32;720;136;888;2320;6359;1542;10221;4245;11565;2830;18640;50;1431;284;1765;4295;12996;3114;20405;2020
46214;1326;7336;1944;10606;36;738;161;935;1362;8074;2105;11541;1559;6950;1826;10335;52;697;136;885;1611;7647;1962;11220;2885;14286;3770;20941;88;1435;297;1820;2973;15721;4067;22761;2020
46215;167;557;147;871;0;26;3;29;167;583;150;900;179;535;137;851;2;30;7;39;181;565;144;890;346;1092;284;1722;2;56;10;68;348;1148;294;1790;2020
46216;432;2220;665;3317;18;187;44;249;450;2407;709;3566;519;2221;642;3382;29;285;52;366;548;2506;694;3748;951;4441;1307;6699;47;472;96;615;998;4913;1403;7314;2020
46217;89;354;78;521;3;29;2;34;92;383;80;555;126;340;64;530;2;27;3;32;128;367;67;562;215;694;142;1051;5;56;5;66;220;750;147;1117;2020
46218;138;388;84;610;5;46;8;59;143;434;92;669;169;358;61;588;7;25;4;36;176;383;65;624;307;746;145;1198;12;71;12;95;319;817;157;1293;2020
46219;20;49;6;75;4;12;2;18;24;61;8;93;28;34;3;65;4;11;1;16;32;45;4;81;48;83;9;140;8;23;3;34;56;106;12;174;2020
46220;5800;18208;4685;28693;185;3273;768;4226;5985;21481;5453;32919;7706;18081;4321;30108;261;3208;677;4146;7967;21289;4998;34254;13506;36289;9006;58801;446;6481;1445;8372;13952;42770;10451;67173;2020
46221;38;134;35;207;1;5;0;6;39;139;35;213;56;119;20;195;0;10;0;10;56;129;20;205;94;253;55;402;1;15;0;16;95;268;55;418;2020
46222;26;179;50;255;0;0;0;0;26;179;50;255;53;154;38;245;0;7;0;7;53;161;38;252;79;333;88;500;0;7;0;7;79;340;88;507;2020
46223;864;2983;782;4629;11;347;78;436;875;3330;860;5065;1098;3028;766;4892;22;331;81;434;1120;3359;847;5326;1962;6011;1548;9521;33;678;159;870;1995;6689;1707;10391;2020
46224;20;62;5;87;1;0;0;1;21;62;5;88;22;52;2;76;0;0;0;0;22;52;2;76;42;114;7;163;1;0;0;1;43;114;7;164;2020
46225;51;130;12;193;0;2;0;2;51;132;12;195;57;114;9;180;0;9;0;9;57;123;9;189;108;244;21;373;0;11;0;11;108;255;21;384;2020
46226;6;9;0;15;0;1;0;1;6;10;0;16;6;6;0;12;1;1;0;2;7;7;0;14;12;15;0;27;1;2;0;3;13;17;0;30;2020
46227;81;374;84;539;1;14;1;16;82;388;85;555;96;364;106;566;1;12;0;13;97;376;106;579;177;738;190;1105;2;26;1;29;179;764;191;1134;2020
46228;235;1047;232;1514;12;91;14;117;247;1138;246;1631;251;958;222;1431;9;102;14;125;260;1060;236;1556;486;2005;454;2945;21;193;28;242;507;2198;482;3187;2020
46229;136;372;53;561;4;38;3;45;140;410;56;606;126;300;68;494;7;42;10;59;133;342;78;553;262;672;121;1055;11;80;13;104;273;752;134;1159;2020
46230;1499;5602;1434;8535;32;769;155;956;1531;6371;1589;9491;1910;5374;1365;8649;40;758;140;938;1950;6132;1505;9587;3409;10976;2799;17184;72;1527;295;1894;3481;12503;3094;19078;2020
46231;306;908;181;1395;22;195;40;257;328;1103;221;1652;407;814;189;1410;18;177;40;235;425;991;229;1645;713;1722;370;2805;40;372;80;492;753;2094;450;3297;2020
46232;127;329;60;516;0;57;6;63;127;386;66;579;154;251;59;464;2;52;8;62;156;303;67;526;281;580;119;980;2;109;14;125;283;689;133;1105;2020
46233;412;1461;340;2213;6;144;20;170;418;1605;360;2383;557;1407;320;2284;5;190;19;214;562;1597;339;2498;969;2868;660;4497;11;334;39;384;980;3202;699;4881;2020
46234;41;137;15;193;0;8;2;10;41;145;17;203;40;102;10;152;0;7;0;7;40;109;10;159;81;239;25;345;0;15;2;17;81;254;27;362;2020
46235;2434;8116;1881;12431;34;913;202;1149;2468;9029;2083;13580;3131;7941;1820;12892;48;857;189;1094;3179;8798;2009;13986;5565;16057;3701;25323;82;1770;391;2243;5647;17827;4092;27566;2020
46236;130;332;63;525;2;15;0;17;132;347;63;542;159;322;50;531;2;22;0;24;161;344;50;555;289;654;113;1056;4;37;0;41;293;691;113;1097;2020
46237;715;2806;657;4178;13;251;41;305;728;3057;698;4483;959;2852;646;4457;11;229;44;284;970;3081;690;4741;1674;5658;1303;8635;24;480;85;589;1698;6138;1388;9224;2020
46238;1525;5061;1230;7816;22;606;147;775;1547;5667;1377;8591;1971;4837;1116;7924;39;579;121;739;2010;5416;1237;8663;3496;9898;2346;15740;61;1185;268;1514;3557;11083;2614;17254;2020
46239;88;147;16;251;49;24;4;77;137;171;20;328;98;111;10;219;41;28;3;72;139;139;13;291;186;258;26;470;90;52;7;149;276;310;33;619;2020
46240;36;73;6;115;7;13;1;21;43;86;7;136;34;58;13;105;5;8;2;15;39;66;15;120;70;131;19;220;12;21;3;36;82;152;22;256;2020
46241;60;139;30;229;0;7;1;8;60;146;31;237;72;116;21;209;1;5;2;8;73;121;23;217;132;255;51;438;1;12;3;16;133;267;54;454;2020
46242;62;116;17;195;2;22;6;30;64;138;23;225;60;85;17;162;1;9;5;15;61;94;22;177;122;201;34;357;3;31;11;45;125;232;45;402;2020
46243;17;49;10;76;1;4;0;5;18;53;10;81;23;32;8;63;1;0;0;1;24;32;8;64;40;81;18;139;2;4;0;6;42;85;18;145;2020
46244;5584;24441;6847;36872;148;3482;865;4495;5732;27923;7712;41367;7423;24118;6471;38012;221;3558;804;4583;7644;27676;7275;42595;13007;48559;13318;74884;369;7040;1669;9078;13376;55599;14987;83962;2020
46245;66;219;36;321;5;25;9;39;71;244;45;360;75;177;28;280;2;25;2;29;77;202;30;309;141;396;64;601;7;50;11;68;148;446;75;669;2020
46246;129;400;104;633;0;9;5;14;129;409;109;647;155;387;76;618;1;16;5;22;156;403;81;640;284;787;180;1251;1;25;10;36;285;812;190;1287;2020
46247;170;356;48;574;1;24;1;26;171;380;49;600;194;269;55;518;0;19;0;19;194;288;55;537;364;625;103;1092;1;43;1;45;365;668;104;1137;2020
46248;526;2069;529;3124;76;261;54;391;602;2330;583;3515;598;1785;480;2863;58;241;45;344;656;2026;525;3207;1124;3854;1009;5987;134;502;99;735;1258;4356;1108;6722;2020
46249;1209;3372;749;5330;10;313;71;394;1219;3685;820;5724;1494;3196;680;5370;18;277;69;364;1512;3473;749;5734;2703;6568;1429;10700;28;590;140;758;2731;7158;1569;11458;2020
46250;65920;209070;50428;325418;2020;44822;8033;54875;67940;253892;58461;380293;97503;219821;47855;365179;2730;44482;7531;54743;100233;264303;55386;419922;163423;428891;98283;690597;4750;89304;15564;109618;168173;518195;113847;800215;2020
46251;342;917;182;1441;6;102;12;120;348;1019;194;1561;411;850;176;1437;7;80;11;98;418;930;187;1535;753;1767;358;2878;13;182;23;218;766;1949;381;3096;2020
46252;26;36;9;71;0;0;0;0;26;36;9;71;27;31;4;62;0;0;0;0;27;31;4;62;53;67;13;133;0;0;0;0;53;67;13;133;2020
46253;12;54;16;82;0;0;0;0;12;54;16;82;16;37;17;70;1;1;0;2;17;38;17;72;28;91;33;152;1;1;0;2;29;92;33;154;2020
46254;187;314;46;547;1;76;12;89;188;390;58;636;202;246;48;496;1;58;7;66;203;304;55;562;389;560;94;1043;2;134;19;155;391;694;113;1198;2020
46255;322;1274;311;1907;38;174;19;231;360;1448;330;2138;454;1237;315;2006;42;159;25;226;496;1396;340;2232;776;2511;626;3913;80;333;44;457;856;2844;670;4370;2020
46256;758;3081;817;4656;52;329;66;447;810;3410;883;5103;866;2770;707;4343;43;336;66;445;909;3106;773;4788;1624;5851;1524;8999;95;665;132;892;1719;6516;1656;9891;2020
46257;600;2112;433;3145;10;237;78;325;610;2349;511;3470;807;2039;425;3271;15;244;54;313;822;2283;479;3584;1407;4151;858;6416;25;481;132;638;1432;4632;990;7054;2020
46258;380;970;226;1576;16;165;36;217;396;1135;262;1793;442;881;228;1551;16;144;32;192;458;1025;260;1743;822;1851;454;3127;32;309;68;409;854;2160;522;3536;2020
46259;83;153;33;269;1;22;4;27;84;175;37;296;93;129;33;255;1;25;5;31;94;154;38;286;176;282;66;524;2;47;9;58;178;329;75;582;2020
46260;211;1087;312;1610;1;37;7;45;212;1124;319;1655;350;1040;310;1700;2;50;5;57;352;1090;315;1757;561;2127;622;3310;3;87;12;102;564;2214;634;3412;2020
46261;210;701;119;1030;4;33;5;42;214;734;124;1072;262;582;119;963;7;34;3;44;269;616;122;1007;472;1283;238;1993;11;67;8;86;483;1350;246;2079;2020
46262;48;61;6;115;0;3;0;3;48;64;6;118;39;55;4;98;0;5;0;5;39;60;4;103;87;116;10;213;0;8;0;8;87;124;10;221;2020
46263;53;87;11;151;28;14;0;42;81;101;11;193;44;53;13;110;29;13;1;43;73;66;14;153;97;140;24;261;57;27;1;85;154;167;25;346;2020
46902;53;114;19;186;0;6;2;8;53;120;21;194;75;113;15;203;0;6;2;8;75;119;17;211;128;227;34;389;0;12;4;16;128;239;38;405;2020
46903;464;2803;1010;4277;8;205;73;286;472;3008;1083;4563;541;2713;1101;4355;28;276;64;368;569;2989;1165;4723;1005;5516;2111;8632;36;481;137;654;1041;5997;2248;9286;2020
46904;79;346;69;494;4;23;3;30;83;369;72;524;91;325;74;490;5;24;5;34;96;349;79;524;170;671;143;984;9;47;8;64;179;718;151;1048;2020
47001;9;22;0;31;0;0;0;0;9;22;0;31;8;13;0;21;0;1;0;1;8;14;0;22;17;35;0;52;0;1;0;1;17;36;0;53;2020
47002;4;8;0;12;0;0;0;0;4;8;0;12;2;3;0;5;0;1;0;1;2;4;0;6;6;11;0;17;0;1;0;1;6;12;0;18;2020
47003;38;82;5;125;1;13;7;21;39;95;12;146;46;44;3;93;0;9;6;15;46;53;9;108;84;126;8;218;1;22;13;36;85;148;21;254;2020
47004;191;429;52;672;4;56;6;66;195;485;58;738;210;318;50;578;2;51;10;63;212;369;60;641;401;747;102;1250;6;107;16;129;407;854;118;1379;2020
47005;88;190;31;309;1;32;2;35;89;222;33;344;84;161;24;269;2;14;1;17;86;175;25;286;172;351;55;578;3;46;3;52;175;397;58;630;2020
47006;29;67;20;116;0;2;0;2;29;69;20;118;32;51;10;93;0;2;0;2;32;53;10;95;61;118;30;209;0;4;0;4;61;122;30;213;2020
47007;225;1944;665;2834;4;71;8;83;229;2015;673;2917;228;1778;622;2628;4;78;7;89;232;1856;629;2717;453;3722;1287;5462;8;149;15;172;461;3871;1302;5634;2020
47008;5;6;0;11;0;0;0;0;5;6;0;11;5;6;0;11;0;0;0;0;5;6;0;11;10;12;0;22;0;0;0;0;10;12;0;22;2020
47009;21;40;2;63;0;0;0;0;21;40;2;63;22;14;3;39;0;0;0;0;22;14;3;39;43;54;5;102;0;0;0;0;43;54;5;102;2020
47010;619;7057;2376;10052;8;211;46;265;627;7268;2422;10317;653;6841;2359;9853;14;309;44;367;667;7150;2403;10220;1272;13898;4735;19905;22;520;90;632;1294;14418;4825;20537;2020
47011;87;207;18;312;0;0;0;0;87;207;18;312;96;140;19;255;0;2;0;2;96;142;19;257;183;347;37;567;0;2;0;2;183;349;37;569;2020
47012;23;22;0;45;0;3;1;4;23;25;1;49;25;25;2;52;0;2;0;2;25;27;2;54;48;47;2;97;0;5;1;6;48;52;3;103;2020
47013;25;24;2;51;0;0;0;0;25;24;2;51;20;18;2;40;0;0;0;0;20;18;2;40;45;42;4;91;0;0;0;0;45;42;4;91;2020
47014;11;16;1;28;0;1;1;2;11;17;2;30;13;4;0;17;0;1;0;1;13;5;0;18;24;20;1;45;0;2;1;3;24;22;2;48;2020
47015;44;60;3;107;0;22;4;26;44;82;7;133;39;29;3;71;0;23;7;30;39;52;10;101;83;89;6;178;0;45;11;56;83;134;17;234;2020
47016;14;20;1;35;0;1;0;1;14;21;1;36;14;17;2;33;0;0;0;0;14;17;2;33;28;37;3;68;0;1;0;1;28;38;3;69;2020
47017;40;64;4;108;0;0;0;0;40;64;4;108;43;43;2;88;0;0;0;0;43;43;2;88;83;107;6;196;0;0;0;0;83;107;6;196;2020
47018;10;12;0;22;0;0;0;0;10;12;0;22;1;12;0;13;0;0;0;0;1;12;0;13;11;24;0;35;0;0;0;0;11;24;0;35;2020
47019;14;36;3;53;0;5;3;8;14;41;6;61;19;21;0;40;0;7;0;7;19;28;0;47;33;57;3;93;0;12;3;15;33;69;6;108;2020
47020;52;101;7;160;0;3;0;3;52;104;7;163;48;70;8;126;1;2;0;3;49;72;8;129;100;171;15;286;1;5;0;6;101;176;15;292;2020
47021;15;26;3;44;0;3;1;4;15;29;4;48;16;17;6;39;0;3;0;3;16;20;6;42;31;43;9;83;0;6;1;7;31;49;10;90;2020
47022;13;14;0;27;0;8;1;9;13;22;1;36;13;20;0;33;0;3;0;3;13;23;0;36;26;34;0;60;0;11;1;12;26;45;1;72;2020
47023;232;1374;461;2067;2;38;11;51;234;1412;472;2118;239;1269;471;1979;3;42;6;51;242;1311;477;2030;471;2643;932;4046;5;80;17;102;476;2723;949;4148;2020
47024;45;87;2;134;0;20;8;28;45;107;10;162;43;53;5;101;0;17;9;26;43;70;14;127;88;140;7;235;0;37;17;54;88;177;24;289;2020
47025;22;38;0;60;0;0;0;0;22;38;0;60;31;24;0;55;0;1;0;1;31;25;0;56;53;62;0;115;0;1;0;1;53;63;0;116;2020
47026;5;21;0;26;1;9;0;10;6;30;0;36;8;12;2;22;1;3;3;7;9;15;5;29;13;33;2;48;2;12;3;17;15;45;5;65;2020
47027;203;1272;374;1849;2;49;15;66;205;1321;389;1915;234;1174;362;1770;3;64;11;78;237;1238;373;1848;437;2446;736;3619;5;113;26;144;442;2559;762;3763;2020
47028;6;13;0;19;0;2;3;5;6;15;3;24;6;5;3;14;0;1;2;3;6;6;5;17;12;18;3;33;0;3;5;8;12;21;8;41;2020
47029;9;19;0;28;0;4;4;8;9;23;4;36;16;6;0;22;0;5;3;8;16;11;3;30;25;25;0;50;0;9;7;16;25;34;7;66;2020
47030;184;333;28;545;1;45;4;50;185;378;32;595;181;225;30;436;0;25;4;29;181;250;34;465;365;558;58;981;1;70;8;79;366;628;66;1060;2020
47031;44;71;4;119;1;4;0;5;45;75;4;124;35;41;12;88;1;0;0;1;36;41;12;89;79;112;16;207;2;4;0;6;81;116;16;213;2020
47032;22;60;2;84;0;2;0;2;22;62;2;86;26;36;0;62;0;1;0;1;26;37;0;63;48;96;2;146;0;3;0;3;48;99;2;149;2020
47033;40;73;10;123;0;8;1;9;40;81;11;132;41;53;5;99;1;5;1;7;42;58;6;106;81;126;15;222;1;13;2;16;82;139;17;238;2020
47034;15;26;1;42;0;1;0;1;15;27;1;43;19;13;0;32;0;0;0;0;19;13;0;32;34;39;1;74;0;1;0;1;34;40;1;75;2020
47035;139;343;53;535;0;0;0;0;139;343;53;535;144;272;43;459;0;0;0;0;144;272;43;459;283;615;96;994;0;0;0;0;283;615;96;994;2020
47036;45;76;2;123;0;12;6;18;45;88;8;141;43;41;6;90;0;11;8;19;43;52;14;109;88;117;8;213;0;23;14;37;88;140;22;250;2020
47037;37;47;3;87;0;0;0;0;37;47;3;87;42;40;6;88;1;1;0;2;43;41;6;90;79;87;9;175;1;1;0;2;80;88;9;177;2020
47038;22;37;1;60;0;2;1;3;22;39;2;63;20;19;3;42;0;1;3;4;20;20;6;46;42;56;4;102;0;3;4;7;42;59;8;109;2020
47039;37;49;3;89;0;0;0;0;37;49;3;89;36;36;1;73;0;1;0;1;36;37;1;74;73;85;4;162;0;1;0;1;73;86;4;163;2020
47040;14;15;0;29;0;0;0;0;14;15;0;29;18;9;0;27;0;0;0;0;18;9;0;27;32;24;0;56;0;0;0;0;32;24;0;56;2020
47041;30;59;3;92;0;1;0;1;30;60;3;93;28;30;2;60;0;1;0;1;28;31;2;61;58;89;5;152;0;2;0;2;58;91;5;154;2020
47042;13;24;2;39;0;0;0;0;13;24;2;39;6;8;0;14;0;1;0;1;6;9;0;15;19;32;2;53;0;1;0;1;19;33;2;54;2020
47043;68;93;7;168;0;2;1;3;68;95;8;171;70;66;7;143;1;3;0;4;71;69;7;147;138;159;14;311;1;5;1;7;139;164;15;318;2020
47044;40;138;19;197;0;2;0;2;40;140;19;199;35;119;15;169;0;2;0;2;35;121;15;171;75;257;34;366;0;4;0;4;75;261;34;370;2020
47045;135;237;21;393;1;19;4;24;136;256;25;417;158;202;30;390;0;19;7;26;158;221;37;416;293;439;51;783;1;38;11;50;294;477;62;833;2020
47046;21;46;5;72;0;4;0;4;21;50;5;76;22;35;4;61;0;1;0;1;22;36;4;62;43;81;9;133;0;5;0;5;43;86;9;138;2020
47047;47;76;4;127;0;2;4;6;47;78;8;133;46;27;2;75;0;5;2;7;46;32;4;82;93;103;6;202;0;7;6;13;93;110;12;215;2020
47048;28;66;6;100;1;11;0;12;29;77;6;112;32;45;5;82;0;10;6;16;32;55;11;98;60;111;11;182;1;21;6;28;61;132;17;210;2020
47049;22;29;0;51;0;0;0;0;22;29;0;51;21;15;0;36;0;0;0;0;21;15;0;36;43;44;0;87;0;0;0;0;43;44;0;87;2020
47050;286;1762;535;2583;5;103;23;131;291;1865;558;2714;342;1637;479;2458;9;118;29;156;351;1755;508;2614;628;3399;1014;5041;14;221;52;287;642;3620;1066;5328;2020
47051;39;133;16;188;0;5;1;6;39;138;17;194;35;118;21;174;0;3;0;3;35;121;21;177;74;251;37;362;0;8;1;9;74;259;38;371;2020
47052;414;3078;930;4422;6;106;27;139;420;3184;957;4561;427;2981;915;4323;6;101;25;132;433;3082;940;4455;841;6059;1845;8745;12;207;52;271;853;6266;1897;9016;2020
47053;22;37;6;65;0;1;0;1;22;38;6;66;25;37;8;70;0;0;0;0;25;37;8;70;47;74;14;135;0;1;0;1;47;75;14;136;2020
47054;124;200;19;343;0;9;2;11;124;209;21;354;127;149;20;296;0;5;4;9;127;154;24;305;251;349;39;639;0;14;6;20;251;363;45;659;2020
47055;31;72;0;103;0;3;4;7;31;75;4;110;31;58;2;91;0;2;0;2;31;60;2;93;62;130;2;194;0;5;4;9;62;135;6;203;2020
47056;20;29;1;50;0;12;3;15;20;41;4;65;21;11;2;34;0;10;4;14;21;21;6;48;41;40;3;84;0;22;7;29;41;62;10;113;2020
47057;41;122;15;178;2;11;0;13;43;133;15;191;35;85;13;133;0;5;0;5;35;90;13;138;76;207;28;311;2;16;0;18;78;223;28;329;2020
47058;39;61;7;107;0;5;0;5;39;66;7;112;53;40;6;99;0;4;0;4;53;44;6;103;92;101;13;206;0;9;0;9;92;110;13;215;2020
47059;16;43;6;65;0;9;2;11;16;52;8;76;15;16;3;34;0;7;1;8;15;23;4;42;31;59;9;99;0;16;3;19;31;75;12;118;2020
47060;54;74;0;128;0;6;2;8;54;80;2;136;46;44;2;92;0;2;1;3;46;46;3;95;100;118;2;220;0;8;3;11;100;126;5;231;2020
47061;59;71;13;143;0;3;1;4;59;74;14;147;54;51;6;111;0;5;2;7;54;56;8;118;113;122;19;254;0;8;3;11;113;130;22;265;2020
47062;41;50;6;97;0;4;1;5;41;54;7;102;37;30;3;70;0;4;0;4;37;34;3;74;78;80;9;167;0;8;1;9;78;88;10;176;2020
47063;14;36;1;51;0;1;0;1;14;37;1;52;17;22;7;46;0;1;1;2;17;23;8;48;31;58;8;97;0;2;1;3;31;60;9;100;2020
47064;4;19;0;23;0;0;0;0;4;19;0;23;6;10;0;16;0;0;0;0;6;10;0;16;10;29;0;39;0;0;0;0;10;29;0;39;2020
47065;132;318;20;470;0;3;0;3;132;321;20;473;147;229;24;400;0;4;1;5;147;233;25;405;279;547;44;870;0;7;1;8;279;554;45;878;2020
47066;130;681;161;972;3;26;7;36;133;707;168;1008;152;597;145;894;2;44;6;52;154;641;151;946;282;1278;306;1866;5;70;13;88;287;1348;319;1954;2020
47067;25;51;2;78;0;1;0;1;25;52;2;79;32;34;0;66;0;4;1;5;32;38;1;71;57;85;2;144;0;5;1;6;57;90;3;150;2020
47068;7;9;0;16;0;2;0;2;7;11;0;18;9;5;0;14;0;1;1;2;9;6;1;16;16;14;0;30;0;3;1;4;16;17;1;34;2020
47069;22;34;1;57;0;1;0;1;22;35;1;58;24;32;1;57;0;0;0;0;24;32;1;57;46;66;2;114;0;1;0;1;46;67;2;115;2020
47070;9;7;0;16;0;1;1;2;9;8;1;18;7;3;0;10;0;3;1;4;7;6;1;14;16;10;0;26;0;4;2;6;16;14;2;32;2020
47071;53;163;20;236;0;3;1;4;53;166;21;240;46;136;30;212;0;54;0;54;46;190;30;266;99;299;50;448;0;57;1;58;99;356;51;506;2020
47073;21;39;1;61;0;3;0;3;21;42;1;64;35;21;2;58;0;0;0;0;35;21;2;58;56;60;3;119;0;3;0;3;56;63;3;122;2020
47074;29;49;7;85;1;9;1;11;30;58;8;96;23;41;4;68;0;2;0;2;23;43;4;70;52;90;11;153;1;11;1;13;53;101;12;166;2020
47075;567;1868;373;2808;5;326;52;383;572;2194;425;3191;659;1736;374;2769;5;302;74;381;664;2038;448;3150;1226;3604;747;5577;10;628;126;764;1236;4232;873;6341;2020
47076;1737;7292;1953;10982;13;288;68;369;1750;7580;2021;11351;1813;7448;1721;10982;28;339;65;432;1841;7787;1786;11414;3550;14740;3674;21964;41;627;133;801;3591;15367;3807;22765;2020
47077;56;91;10;157;0;0;0;0;56;91;10;157;52;35;3;90;1;2;0;3;53;37;3;93;108;126;13;247;1;2;0;3;109;128;13;250;2020
47078;31;57;3;91;0;3;2;5;31;60;5;96;26;46;5;77;1;2;2;5;27;48;7;82;57;103;8;168;1;5;4;10;58;108;12;178;2020
47079;9;19;1;29;0;2;0;2;9;21;1;31;8;18;0;26;0;2;1;3;8;20;1;29;17;37;1;55;0;4;1;5;17;41;2;60;2020
47080;6;14;2;22;0;3;1;4;6;17;3;26;2;16;5;23;0;3;2;5;2;19;7;28;8;30;7;45;0;6;3;9;8;36;10;54;2020
47081;9;11;1;21;0;0;0;0;9;11;1;21;8;11;2;21;0;1;0;1;8;12;2;22;17;22;3;42;0;1;0;1;17;23;3;43;2020
47082;116;302;48;466;1;39;17;57;117;341;65;523;128;279;50;457;0;37;16;53;128;316;66;510;244;581;98;923;1;76;33;110;245;657;131;1033;2020
47083;15;32;3;50;0;3;1;4;15;35;4;54;11;26;3;40;0;5;1;6;11;31;4;46;26;58;6;90;0;8;2;10;26;66;8;100;2020
47084;175;360;35;570;5;129;26;160;180;489;61;730;208;329;49;586;11;127;24;162;219;456;73;748;383;689;84;1156;16;256;50;322;399;945;134;1478;2020
47085;1943;6015;1362;9320;10;495;122;627;1953;6510;1484;9947;2439;6165;1315;9919;10;433;107;550;2449;6598;1422;10469;4382;12180;2677;19239;20;928;229;1177;4402;13108;2906;20416;2020
47086;471;1401;268;2140;10;107;15;132;481;1508;283;2272;594;1387;245;2226;5;86;17;108;599;1473;262;2334;1065;2788;513;4366;15;193;32;240;1080;2981;545;4606;2020
47087;65;132;13;210;1;17;4;22;66;149;17;232;68;95;14;177;2;15;1;18;70;110;15;195;133;227;27;387;3;32;5;40;136;259;32;427;2020
47088;19;37;5;61;0;1;1;2;19;38;6;63;24;22;2;48;0;3;0;3;24;25;2;51;43;59;7;109;0;4;1;5;43;63;8;114;2020
47089;26;47;3;76;0;10;1;11;26;57;4;87;29;29;3;61;1;4;0;5;30;33;3;66;55;76;6;137;1;14;1;16;56;90;7;153;2020
47090;257;1040;212;1509;8;143;41;192;265;1183;253;1701;273;934;199;1406;9;114;28;151;282;1048;227;1557;530;1974;411;2915;17;257;69;343;547;2231;480;3258;2020
47091;16;27;0;43;0;1;1;2;16;28;1;45;15;20;1;36;0;1;0;1;15;21;1;37;31;47;1;79;0;2;1;3;31;49;2;82;2020
47092;16;46;1;63;0;2;0;2;16;48;1;65;13;27;4;44;0;1;0;1;13;28;4;45;29;73;5;107;0;3;0;3;29;76;5;110;2020
47093;129;301;27;457;1;5;2;8;130;306;29;465;133;230;25;388;0;3;1;4;133;233;26;392;262;531;52;845;1;8;3;12;263;539;55;857;2020
47094;26;44;3;73;0;8;2;10;26;52;5;83;23;26;2;51;0;10;4;14;23;36;6;65;49;70;5;124;0;18;6;24;49;88;11;148;2020
47095;10;13;0;23;0;0;0;0;10;13;0;23;6;14;0;20;0;0;0;0;6;14;0;20;16;27;0;43;0;0;0;0;16;27;0;43;2020
47096;21;44;2;67;0;6;0;6;21;50;2;73;29;32;1;62;0;5;1;6;29;37;2;68;50;76;3;129;0;11;1;12;50;87;4;141;2020
47097;60;105;17;182;1;4;1;6;61;109;18;188;62;84;12;158;0;2;1;3;62;86;13;161;122;189;29;340;1;6;2;9;123;195;31;349;2020
47098;71;219;30;320;2;6;0;8;73;225;30;328;91;195;31;317;0;7;1;8;91;202;32;325;162;414;61;637;2;13;1;16;164;427;62;653;2020
47099;23;51;3;77;0;3;0;3;23;54;3;80;36;39;2;77;0;0;0;0;36;39;2;77;59;90;5;154;0;3;0;3;59;93;5;157;2020
47100;29;34;2;65;0;0;0;0;29;34;2;65;36;19;1;56;0;1;0;1;36;20;1;57;65;53;3;121;0;1;0;1;65;54;3;122;2020
47101;270;581;98;949;1;43;21;65;271;624;119;1014;291;495;106;892;1;54;14;69;292;549;120;961;561;1076;204;1841;2;97;35;134;563;1173;239;1975;2020
47102;53;98;6;157;0;0;0;0;53;98;6;157;56;51;6;113;0;1;1;2;56;52;7;115;109;149;12;270;0;1;1;2;109;150;13;272;2020
47103;39;104;10;153;0;9;3;12;39;113;13;165;44;70;4;118;0;11;2;13;44;81;6;131;83;174;14;271;0;20;5;25;83;194;19;296;2020
47104;332;1055;222;1609;8;164;32;204;340;1219;254;1813;432;1016;202;1650;10;147;26;183;442;1163;228;1833;764;2071;424;3259;18;311;58;387;782;2382;482;3646;2020
47105;29;65;7;101;0;1;0;1;29;66;7;102;25;50;5;80;0;3;0;3;25;53;5;83;54;115;12;181;0;4;0;4;54;119;12;185;2020
47106;11;13;0;24;0;6;0;6;11;19;0;30;13;7;1;21;0;2;0;2;13;9;1;23;24;20;1;45;0;8;0;8;24;28;1;53;2020
47109;26;59;5;90;0;3;0;3;26;62;5;93;26;53;5;84;0;2;0;2;26;55;5;86;52;112;10;174;0;5;0;5;52;117;10;179;2020
47110;70;154;16;240;0;2;0;2;70;156;16;242;87;135;15;237;0;0;0;0;87;135;15;237;157;289;31;477;0;2;0;2;157;291;31;479;2020
47111;127;378;59;564;3;9;0;12;130;387;59;576;130;356;55;541;3;5;1;9;133;361;56;550;257;734;114;1105;6;14;1;21;263;748;115;1126;2020
47112;322;1014;206;1542;1;119;28;148;323;1133;234;1690;355;915;200;1470;2;122;30;154;357;1037;230;1624;677;1929;406;3012;3;241;58;302;680;2170;464;3314;2020
47113;37;42;2;81;1;5;4;10;38;47;6;91;28;28;2;58;0;8;1;9;28;36;3;67;65;70;4;139;1;13;5;19;66;83;9;158;2020
47114;511;1467;335;2313;3;176;54;233;514;1643;389;2546;602;1395;295;2292;9;165;42;216;611;1560;337;2508;1113;2862;630;4605;12;341;96;449;1125;3203;726;5054;2020
47115;48;111;4;163;0;3;3;6;48;114;7;169;55;69;4;128;0;3;2;5;55;72;6;133;103;180;8;291;0;6;5;11;103;186;13;302;2020
47116;65;152;21;238;0;3;0;3;65;155;21;241;76;107;13;196;0;5;0;5;76;112;13;201;141;259;34;434;0;8;0;8;141;267;34;442;2020
47117;48;104;11;163;0;5;0;5;48;109;11;168;44;88;16;148;0;2;0;2;44;90;16;150;92;192;27;311;0;7;0;7;92;199;27;318;2020
47118;34;46;2;82;0;2;4;6;34;48;6;88;31;33;2;66;0;2;3;5;31;35;5;71;65;79;4;148;0;4;7;11;65;83;11;159;2020
47119;22;25;1;48;0;2;0;2;22;27;1;50;24;16;0;40;0;1;0;1;24;17;0;41;46;41;1;88;0;3;0;3;46;44;1;91;2020
47121;106;167;14;287;0;34;6;40;106;201;20;327;115;134;14;263;0;10;1;11;115;144;15;274;221;301;28;550;0;44;7;51;221;345;35;601;2020
47122;307;736;151;1194;3;31;7;41;310;767;158;1235;323;653;111;1087;3;38;10;51;326;691;121;1138;630;1389;262;2281;6;69;17;92;636;1458;279;2373;2020
47123;72;189;34;295;0;4;0;4;72;193;34;299;66;144;34;244;0;3;1;4;66;147;35;248;138;333;68;539;0;7;1;8;138;340;69;547;2020
47124;82;128;23;233;1;18;4;23;83;146;27;256;79;108;19;206;1;12;3;16;80;120;22;222;161;236;42;439;2;30;7;39;163;266;49;478;2020
47125;8;20;0;28;0;0;0;0;8;20;0;28;9;9;0;18;0;0;0;0;9;9;0;18;17;29;0;46;0;0;0;0;17;29;0;46;2020
47126;8;16;0;24;0;0;0;0;8;16;0;24;9;8;2;19;0;0;0;0;9;8;2;19;17;24;2;43;0;0;0;0;17;24;2;43;2020
47127;26;49;7;82;1;7;2;10;27;56;9;92;26;33;6;65;0;4;1;5;26;37;7;70;52;82;13;147;1;11;3;15;53;93;16;162;2020
47128;7;19;0;26;0;3;1;4;7;22;1;30;7;18;0;25;0;3;3;6;7;21;3;31;14;37;0;51;0;6;4;10;14;43;4;61;2020
47129;129;331;57;517;0;21;6;27;129;352;63;544;140;265;58;463;0;15;4;19;140;280;62;482;269;596;115;980;0;36;10;46;269;632;125;1026;2020
47130;17;30;3;50;0;0;0;0;17;30;3;50;19;29;2;50;0;1;0;1;19;30;2;51;36;59;5;100;0;1;0;1;36;60;5;101;2020
47131;39;46;5;90;0;0;0;0;39;46;5;90;43;35;2;80;0;3;1;4;43;38;3;84;82;81;7;170;0;3;1;4;82;84;8;174;2020
47132;12;11;1;24;0;0;0;0;12;11;1;24;11;5;3;19;0;0;0;0;11;5;3;19;23;16;4;43;0;0;0;0;23;16;4;43;2020
47133;143;1316;463;1922;3;20;4;27;146;1336;467;1949;141;1249;447;1837;2;22;4;28;143;1271;451;1865;284;2565;910;3759;5;42;8;55;289;2607;918;3814;2020
47134;28;55;3;86;0;2;1;3;28;57;4;89;35;31;2;68;0;3;1;4;35;34;3;72;63;86;5;154;0;5;2;7;63;91;7;161;2020
47135;17;31;6;54;0;0;0;0;17;31;6;54;18;16;3;37;0;0;0;0;18;16;3;37;35;47;9;91;0;0;0;0;35;47;9;91;2020
47137;8;8;1;17;0;0;0;0;8;8;1;17;7;4;0;11;0;0;0;0;7;4;0;11;15;12;1;28;0;0;0;0;15;12;1;28;2020
47138;33;91;3;127;0;2;0;2;33;93;3;129;37;58;1;96;0;3;0;3;37;61;1;99;70;149;4;223;0;5;0;5;70;154;4;228;2020
47139;141;370;41;552;3;72;18;93;144;442;59;645;156;327;33;516;3;58;15;76;159;385;48;592;297;697;74;1068;6;130;33;169;303;827;107;1237;2020
47140;29;35;1;65;0;1;0;1;29;36;1;66;25;14;2;41;0;1;0;1;25;15;2;42;54;49;3;106;0;2;0;2;54;51;3;108;2020
47141;26;40;1;67;0;0;0;0;26;40;1;67;23;26;0;49;0;0;0;0;23;26;0;49;49;66;1;116;0;0;0;0;49;66;1;116;2020
47142;32;42;0;74;0;3;0;3;32;45;0;77;29;21;1;51;0;1;0;1;29;22;1;52;61;63;1;125;0;4;0;4;61;67;1;129;2020
47143;32;26;1;59;0;2;1;3;32;28;2;62;25;15;2;42;0;1;0;1;25;16;2;43;57;41;3;101;0;3;1;4;57;44;4;105;2020
47144;14;28;0;42;0;3;0;3;14;31;0;45;8;24;1;33;1;2;0;3;9;26;1;36;22;52;1;75;1;5;0;6;23;57;1;81;2020
47145;119;195;29;343;0;4;2;6;119;199;31;349;123;152;27;302;0;6;2;8;123;158;29;310;242;347;56;645;0;10;4;14;242;357;60;659;2020
47146;34;110;27;171;0;4;0;4;34;114;27;175;35;99;29;163;0;6;0;6;35;105;29;169;69;209;56;334;0;10;0;10;69;219;56;344;2020
47147;21;37;4;62;0;1;0;1;21;38;4;63;19;27;2;48;0;1;0;1;19;28;2;49;40;64;6;110;0;2;0;2;40;66;6;112;2020
47148;80;145;20;245;0;8;4;12;80;153;24;257;81;116;14;211;0;8;0;8;81;124;14;219;161;261;34;456;0;16;4;20;161;277;38;476;2020
47149;8;16;2;26;0;0;0;0;8;16;2;26;6;15;3;24;0;0;0;0;6;15;3;24;14;31;5;50;0;0;0;0;14;31;5;50;2020
47150;41;72;10;123;0;14;8;22;41;86;18;145;71;64;9;144;0;14;4;18;71;78;13;162;112;136;19;267;0;28;12;40;112;164;31;307;2020
47151;5;10;0;15;0;0;0;0;5;10;0;15;2;8;0;10;0;0;0;0;2;8;0;10;7;18;0;25;0;0;0;0;7;18;0;25;2020
47152;15;19;3;37;0;3;0;3;15;22;3;40;12;19;0;31;0;1;0;1;12;20;0;32;27;38;3;68;0;4;0;4;27;42;3;72;2020
47153;27;27;5;59;0;1;1;2;27;28;6;61;31;14;3;48;1;3;0;4;32;17;3;52;58;41;8;107;1;4;1;6;59;45;9;113;2020
47154;38;49;2;89;0;8;0;8;38;57;2;97;24;40;5;69;1;1;0;2;25;41;5;71;62;89;7;158;1;9;0;10;63;98;7;168;2020
47155;242;1621;417;2280;0;61;19;80;242;1682;436;2360;227;1496;410;2133;3;90;18;111;230;1586;428;2244;469;3117;827;4413;3;151;37;191;472;3268;864;4604;2020
47156;34;46;6;86;0;0;0;0;34;46;6;86;35;34;6;75;0;0;1;1;35;34;7;76;69;80;12;161;0;0;1;1;69;80;13;162;2020
47157;82;178;33;293;1;15;0;16;83;193;33;309;78;160;20;258;0;10;2;12;78;170;22;270;160;338;53;551;1;25;2;28;161;363;55;579;2020
47158;115;321;55;491;2;43;10;55;117;364;65;546;137;283;39;459;2;35;17;54;139;318;56;513;252;604;94;950;4;78;27;109;256;682;121;1059;2020
47159;134;291;62;487;0;79;8;87;134;370;70;574;116;287;73;476;1;46;6;53;117;333;79;529;250;578;135;963;1;125;14;140;251;703;149;1103;2020
47160;79;135;18;232;0;1;1;2;79;136;19;234;79;101;13;193;0;4;0;4;79;105;13;197;158;236;31;425;0;5;1;6;158;241;32;431;2020
47161;371;1718;496;2585;2;71;14;87;373;1789;510;2672;364;1665;483;2512;5;67;11;83;369;1732;494;2595;735;3383;979;5097;7;138;25;170;742;3521;1004;5267;2020
47162;13;26;4;43;0;0;0;0;13;26;4;43;10;17;2;29;0;1;0;1;10;18;2;30;23;43;6;72;0;1;0;1;23;44;6;73;2020
47163;50;87;2;139;0;0;0;0;50;87;2;139;66;76;6;148;0;0;0;0;66;76;6;148;116;163;8;287;0;0;0;0;116;163;8;287;2020
47164;50;129;10;189;0;26;3;29;50;155;13;218;54;113;10;177;0;11;5;16;54;124;15;193;104;242;20;366;0;37;8;45;104;279;28;411;2020
47165;800;2687;573;4060;11;276;65;352;811;2963;638;4412;902;2549;521;3972;8;288;65;361;910;2837;586;4333;1702;5236;1094;8032;19;564;130;713;1721;5800;1224;8745;2020
47166;35;90;4;129;0;3;1;4;35;93;5;133;39;88;8;135;0;5;3;8;39;93;11;143;74;178;12;264;0;8;4;12;74;186;16;276;2020
47167;42;77;0;119;1;2;1;4;43;79;1;123;57;62;4;123;0;2;0;2;57;64;4;125;99;139;4;242;1;4;1;6;100;143;5;248;2020
47168;7;14;0;21;0;2;0;2;7;16;0;23;2;8;1;11;0;2;0;2;2;10;1;13;9;22;1;32;0;4;0;4;9;26;1;36;2020
47169;16;16;1;33;0;1;0;1;16;17;1;34;19;11;1;31;0;0;0;0;19;11;1;31;35;27;2;64;0;1;0;1;35;28;2;65;2020
47170;12;14;1;27;0;2;0;2;12;16;1;29;10;8;1;19;0;0;0;0;10;8;1;19;22;22;2;46;0;2;0;2;22;24;2;48;2020
47171;65;130;13;208;1;1;1;3;66;131;14;211;72;110;5;187;0;2;0;2;72;112;5;189;137;240;18;395;1;3;1;5;138;243;19;400;2020
47172;27;48;7;82;1;0;0;1;28;48;7;83;29;37;9;75;0;1;0;1;29;38;9;76;56;85;16;157;1;1;0;2;57;86;16;159;2020
47173;133;357;58;548;2;37;2;41;135;394;60;589;117;283;75;475;1;41;5;47;118;324;80;522;250;640;133;1023;3;78;7;88;253;718;140;1111;2020
47174;44;104;18;166;0;1;0;1;44;105;18;167;36;89;10;135;0;2;0;2;36;91;10;137;80;193;28;301;0;3;0;3;80;196;28;304;2020
47175;686;2823;671;4180;7;158;36;201;693;2981;707;4381;756;2615;660;4031;7;156;45;208;763;2771;705;4239;1442;5438;1331;8211;14;314;81;409;1456;5752;1412;8620;2020
47176;53;51;2;106;0;11;2;13;53;62;4;119;77;29;1;107;0;4;0;4;77;33;1;111;130;80;3;213;0;15;2;17;130;95;5;230;2020
47177;27;36;2;65;0;1;0;1;27;37;2;66;24;15;1;40;0;1;3;4;24;16;4;44;51;51;3;105;0;2;3;5;51;53;6;110;2020
47178;32;60;7;99;0;4;3;7;32;64;10;106;37;38;4;79;0;2;2;4;37;40;6;83;69;98;11;178;0;6;5;11;69;104;16;189;2020
47179;72;131;17;220;1;27;6;34;73;158;23;254;68;94;15;177;1;24;6;31;69;118;21;208;140;225;32;397;2;51;12;65;142;276;44;462;2020
47180;13;16;1;30;0;0;0;0;13;16;1;30;15;7;2;24;0;1;0;1;15;8;2;25;28;23;3;54;0;1;0;1;28;24;3;55;2020
47181;27;60;7;94;0;9;2;11;27;69;9;105;33;46;1;80;0;12;2;14;33;58;3;94;60;106;8;174;0;21;4;25;60;127;12;199;2020
47182;154;550;98;802;0;34;9;43;154;584;107;845;176;474;92;742;0;37;8;45;176;511;100;787;330;1024;190;1544;0;71;17;88;330;1095;207;1632;2020
47183;34;33;0;67;0;1;1;2;34;34;1;69;42;27;1;70;0;4;1;5;42;31;2;75;76;60;1;137;0;5;2;7;76;65;3;144;2020
47184;87;208;34;329;1;11;1;13;88;219;35;342;93;153;34;280;1;6;1;8;94;159;35;288;180;361;68;609;2;17;2;21;182;378;70;630;2020
47185;21;30;0;51;0;3;1;4;21;33;1;55;12;20;2;34;1;1;0;2;13;21;2;36;33;50;2;85;1;4;1;6;34;54;3;91;2020
47186;32933;81574;18296;132803;234;5972;1238;7444;33167;87546;19534;140247;45691;87764;17460;150915;341;6523;1239;8103;46032;94287;18699;159018;78624;169338;35756;283718;575;12495;2477;15547;79199;181833;38233;299265;2020
47187;21;22;1;44;0;10;1;11;21;32;2;55;15;11;1;27;1;6;0;7;16;17;1;34;36;33;2;71;1;16;1;18;37;49;3;89;2020
47188;26;28;2;56;0;5;3;8;26;33;5;64;28;15;2;45;0;6;3;9;28;21;5;54;54;43;4;101;0;11;6;17;54;54;10;118;2020
47189;27;60;5;92;0;0;0;0;27;60;5;92;18;49;6;73;0;0;0;0;18;49;6;73;45;109;11;165;0;0;0;0;45;109;11;165;2020
47190;17;33;7;57;0;0;0;0;17;33;7;57;18;31;8;57;0;0;0;0;18;31;8;57;35;64;15;114;0;0;0;0;35;64;15;114;2020
47191;26;46;2;74;0;0;0;0;26;46;2;74;19;19;0;38;0;0;0;0;19;19;0;38;45;65;2;112;0;0;0;0;45;65;2;112;2020
47192;20;34;1;55;0;2;0;2;20;36;1;57;20;17;1;38;0;1;0;1;20;18;1;39;40;51;2;93;0;3;0;3;40;54;2;96;2020
47193;154;718;182;1054;1;12;4;17;155;730;186;1071;171;635;150;956;1;30;4;35;172;665;154;991;325;1353;332;2010;2;42;8;52;327;1395;340;2062;2020
47194;39;118;11;168;1;9;0;10;40;127;11;178;51;85;15;151;0;9;1;10;51;94;16;161;90;203;26;319;1;18;1;20;91;221;27;339;2020
47195;73;171;25;269;0;3;0;3;73;174;25;272;68;123;18;209;2;6;0;8;70;129;18;217;141;294;43;478;2;9;0;11;143;303;43;489;2020
47196;4;9;1;14;0;0;0;0;4;9;1;14;8;8;0;16;0;0;0;0;8;8;0;16;12;17;1;30;0;0;0;0;12;17;1;30;2020
47197;129;339;46;514;0;27;12;39;129;366;58;553;141;278;45;464;0;25;11;36;141;303;56;500;270;617;91;978;0;52;23;75;270;669;114;1053;2020
47198;16;22;4;42;0;3;0;3;16;25;4;45;13;14;0;27;0;2;0;2;13;16;0;29;29;36;4;69;0;5;0;5;29;41;4;74;2020
47199;18;26;0;44;0;1;0;1;18;27;0;45;13;13;0;26;0;1;0;1;13;14;0;27;31;39;0;70;0;2;0;2;31;41;0;72;2020
47200;17;30;1;48;0;1;0;1;17;31;1;49;14;9;1;24;0;1;0;1;14;10;1;25;31;39;2;72;0;2;0;2;31;41;2;74;2020
47203;9;19;0;28;0;5;0;5;9;24;0;33;16;10;0;26;0;3;0;3;16;13;0;29;25;29;0;54;0;8;0;8;25;37;0;62;2020
47204;59;64;5;128;0;7;2;9;59;71;7;137;62;53;4;119;0;9;2;11;62;62;6;130;121;117;9;247;0;16;4;20;121;133;13;267;2020
47205;64;126;23;213;1;35;14;50;65;161;37;263;66;94;16;176;1;29;11;41;67;123;27;217;130;220;39;389;2;64;25;91;132;284;64;480;2020
47206;22;23;1;46;0;1;0;1;22;24;1;47;18;18;2;38;0;0;0;0;18;18;2;38;40;41;3;84;0;1;0;1;40;42;3;85;2020
47207;64;88;4;156;1;17;5;23;65;105;9;179;48;52;5;105;0;11;5;16;48;63;10;121;112;140;9;261;1;28;10;39;113;168;19;300;2020
47208;14;13;4;31;0;3;0;3;14;16;4;34;11;14;1;26;0;4;0;4;11;18;1;30;25;27;5;57;0;7;0;7;25;34;5;64;2020
47209;5;15;0;20;0;0;0;0;5;15;0;20;3;9;0;12;0;0;0;0;3;9;0;12;8;24;0;32;0;0;0;0;8;24;0;32;2020
47210;72;122;9;203;0;19;3;22;72;141;12;225;102;104;15;221;0;12;10;22;102;116;25;243;174;226;24;424;0;31;13;44;174;257;37;468;2020
47211;11;15;0;26;0;0;0;0;11;15;0;26;10;11;2;23;0;1;0;1;10;12;2;24;21;26;2;49;0;1;0;1;21;27;2;50;2020
47212;58;120;13;191;0;7;2;9;58;127;15;200;56;92;15;163;0;4;1;5;56;96;16;168;114;212;28;354;0;11;3;14;114;223;31;368;2020
47213;19;29;4;52;0;3;0;3;19;32;4;55;23;31;1;55;0;4;1;5;23;35;2;60;42;60;5;107;0;7;1;8;42;67;6;115;2020
47214;222;449;51;722;2;45;7;54;224;494;58;776;247;427;59;733;3;39;10;52;250;466;69;785;469;876;110;1455;5;84;17;106;474;960;127;1561;2020
47215;10;14;0;24;0;0;1;1;10;14;1;25;16;6;0;22;0;2;0;2;16;8;0;24;26;20;0;46;0;2;1;3;26;22;1;49;2020
47216;17;43;6;66;0;1;0;1;17;44;6;67;18;31;0;49;0;0;1;1;18;31;1;50;35;74;6;115;0;1;1;2;35;75;7;117;2020
47217;140;921;316;1377;4;31;8;43;144;952;324;1420;170;831;294;1295;3;40;11;54;173;871;305;1349;310;1752;610;2672;7;71;19;97;317;1823;629;2769;2020
47218;137;385;82;604;2;15;2;19;139;400;84;623;129;345;60;534;3;29;0;32;132;374;60;566;266;730;142;1138;5;44;2;51;271;774;144;1189;2020
47219;6;15;4;25;1;3;0;4;7;18;4;29;6;13;6;25;1;0;1;2;7;13;7;27;12;28;10;50;2;3;1;6;14;31;11;56;2020
47220;31;51;6;88;0;4;2;6;31;55;8;94;40;34;4;78;1;6;1;8;41;40;5;86;71;85;10;166;1;10;3;14;72;95;13;180;2020
47221;18;38;3;59;0;0;0;0;18;38;3;59;14;25;1;40;0;0;0;0;14;25;1;40;32;63;4;99;0;0;0;0;32;63;4;99;2020
47222;10;33;1;44;0;1;0;1;10;34;1;45;10;25;2;37;0;0;0;0;10;25;2;37;20;58;3;81;0;1;0;1;20;59;3;82;2020
47223;20;60;7;87;0;2;1;3;20;62;8;90;26;41;4;71;0;1;0;1;26;42;4;72;46;101;11;158;0;3;1;4;46;104;12;162;2020
47224;12;40;5;57;0;1;0;1;12;41;5;58;18;25;4;47;0;1;0;1;18;26;4;48;30;65;9;104;0;2;0;2;30;67;9;106;2020
47225;15;26;0;41;0;1;0;1;15;27;0;42;14;16;0;30;0;0;0;0;14;16;0;30;29;42;0;71;0;1;0;1;29;43;0;72;2020
47226;21;65;2;88;0;1;0;1;21;66;2;89;23;41;8;72;0;0;0;0;23;41;8;72;44;106;10;160;0;1;0;1;44;107;10;161;2020
47227;6;24;2;32;0;0;0;0;6;24;2;32;9;9;0;18;0;0;0;0;9;9;0;18;15;33;2;50;0;0;0;0;15;33;2;50;2020
47228;58;172;32;262;0;13;3;16;58;185;35;278;65;130;25;220;0;10;5;15;65;140;30;235;123;302;57;482;0;23;8;31;123;325;65;513;2020
47229;56;56;3;115;0;1;0;1;56;57;3;116;76;38;1;115;0;2;0;2;76;40;1;117;132;94;4;230;0;3;0;3;132;97;4;233;2020
47230;46;103;18;167;0;0;0;0;46;103;18;167;56;74;11;141;0;2;0;2;56;76;11;143;102;177;29;308;0;2;0;2;102;179;29;310;2020
47231;214;2099;765;3078;4;85;26;115;218;2184;791;3193;247;2010;668;2925;3;97;17;117;250;2107;685;3042;461;4109;1433;6003;7;182;43;232;468;4291;1476;6235;2020
47232;17;35;4;56;0;4;0;4;17;39;4;60;18;27;3;48;0;1;1;2;18;28;4;50;35;62;7;104;0;5;1;6;35;67;8;110;2020
48001;742;2279;629;3650;0;172;40;212;742;2451;669;3862;809;2198;590;3597;2;163;34;199;811;2361;624;3796;1551;4477;1219;7247;2;335;74;411;1553;4812;1293;7658;2020
48002;750;3177;658;4585;5;72;30;107;755;3249;688;4692;1003;2998;608;4609;10;143;17;170;1013;3141;625;4779;1753;6175;1266;9194;15;215;47;277;1768;6390;1313;9471;2020
48003;1678;5535;1382;8595;18;784;229;1031;1696;6319;1611;9626;2202;5416;1344;8962;30;732;179;941;2232;6148;1523;9903;3880;10951;2726;17557;48;1516;408;1972;3928;12467;3134;19529;2020
48004;41;130;33;204;0;3;3;6;41;133;36;210;43;127;30;200;0;6;0;6;43;133;30;206;84;257;63;404;0;9;3;12;84;266;66;416;2020
48005;9;58;10;77;0;4;0;4;9;62;10;81;11;42;24;77;0;6;1;7;11;48;25;84;20;100;34;154;0;10;1;11;20;110;35;165;2020
48006;36;117;31;184;0;12;3;15;36;129;34;199;39;117;37;193;0;13;3;16;39;130;40;209;75;234;68;377;0;25;6;31;75;259;74;408;2020
48007;46;177;33;256;0;7;0;7;46;184;33;263;50;126;19;195;2;11;2;15;52;137;21;210;96;303;52;451;2;18;2;22;98;321;54;473;2020
48008;89;240;37;366;0;1;0;1;89;241;37;367;84;196;38;318;0;13;1;14;84;209;39;332;173;436;75;684;0;14;1;15;173;450;76;699;2020
48009;82;299;73;454;1;16;0;17;83;315;73;471;102;298;81;481;2;9;2;13;104;307;83;494;184;597;154;935;3;25;2;30;187;622;156;965;2020
48010;48;199;35;282;0;11;0;11;48;210;35;293;59;181;38;278;0;9;0;9;59;190;38;287;107;380;73;560;0;20;0;20;107;400;73;580;2020
48011;914;3833;910;5657;6;245;45;296;920;4078;955;5953;1286;3805;866;5957;9;250;56;315;1295;4055;922;6272;2200;7638;1776;11614;15;495;101;611;2215;8133;1877;12225;2020
48012;230;837;219;1286;2;60;8;70;232;897;227;1356;264;780;203;1247;3;62;8;73;267;842;211;1320;494;1617;422;2533;5;122;16;143;499;1739;438;2676;2020
48013;9658;28757;6619;45034;58;3229;642;3929;9716;31986;7261;48963;13495;28446;6258;48199;131;3566;627;4324;13626;32012;6885;52523;23153;57203;12877;93233;189;6795;1269;8253;23342;63998;14146;101486;2020
48014;147;479;110;736;0;28;2;30;147;507;112;766;183;461;95;739;2;18;8;28;185;479;103;767;330;940;205;1475;2;46;10;58;332;986;215;1533;2020
48015;4663;11402;2267;18332;19;1133;261;1413;4682;12535;2528;19745;6327;11218;2159;19704;29;1122;247;1398;6356;12340;2406;21102;10990;22620;4426;38036;48;2255;508;2811;11038;24875;4934;40847;2020
48016;560;2182;677;3419;3;78;23;104;563;2260;700;3523;669;2257;621;3547;8;125;14;147;677;2382;635;3694;1229;4439;1298;6966;11;203;37;251;1240;4642;1335;7217;2020
48017;1670;4795;1143;7608;14;554;117;685;1684;5349;1260;8293;2195;4657;1055;7907;15;544;105;664;2210;5201;1160;8571;3865;9452;2198;15515;29;1098;222;1349;3894;10550;2420;16864;2020
48018;133;321;99;553;3;116;13;132;136;437;112;685;141;279;92;512;1;42;11;54;142;321;103;566;274;600;191;1065;4;158;24;186;278;758;215;1251;2020
48019;420;1319;358;2097;1;153;36;190;421;1472;394;2287;543;1224;346;2113;6;126;48;180;549;1350;394;2293;963;2543;704;4210;7;279;84;370;970;2822;788;4580;2020
48020;33039;95193;20193;148425;347;14400;2321;17068;33386;109593;22514;165493;50113;98548;19178;167839;525;14213;2114;16852;50638;112761;21292;184691;83152;193741;39371;316264;872;28613;4435;33920;84024;222354;43806;350184;2020
48021;200;480;103;783;1;27;7;35;201;507;110;818;242;431;102;775;2;31;6;39;244;462;108;814;442;911;205;1558;3;58;13;74;445;969;218;1632;2020
48022;369;863;160;1392;2;75;3;80;371;938;163;1472;383;719;135;1237;2;89;3;94;385;808;138;1331;752;1582;295;2629;4;164;6;174;756;1746;301;2803;2020
48023;81;214;64;359;0;10;2;12;81;224;66;371;79;210;58;347;0;13;2;15;79;223;60;362;160;424;122;706;0;23;4;27;160;447;126;733;2020
48024;136;381;98;615;0;20;1;21;136;401;99;636;131;365;87;583;0;26;0;26;131;391;87;609;267;746;185;1198;0;46;1;47;267;792;186;1245;2020
48025;118;344;89;551;0;13;4;17;118;357;93;568;124;309;75;508;1;18;0;19;125;327;75;527;242;653;164;1059;1;31;4;36;243;684;168;1095;2020
48026;119;477;128;724;0;18;4;22;119;495;132;746;140;431;107;678;0;22;2;24;140;453;109;702;259;908;235;1402;0;40;6;46;259;948;241;1448;2020
48027;2439;8787;2182;13408;16;1074;205;1295;2455;9861;2387;14703;3145;8945;2110;14200;21;1003;191;1215;3166;9948;2301;15415;5584;17732;4292;27608;37;2077;396;2510;5621;19809;4688;30118;2020
48028;103;259;40;402;1;23;0;24;104;282;40;426;118;197;43;358;1;19;4;24;119;216;47;382;221;456;83;760;2;42;4;48;223;498;87;808;2020
48029;737;3659;1253;5649;9;156;26;191;746;3815;1279;5840;935;3575;1135;5645;12;173;21;206;947;3748;1156;5851;1672;7234;2388;11294;21;329;47;397;1693;7563;2435;11691;2020
48030;85;221;37;343;0;42;10;52;85;263;47;395;92;200;54;346;2;30;9;41;94;230;63;387;177;421;91;689;2;72;19;93;179;493;110;782;2020
48031;53;101;18;172;0;4;1;5;53;105;19;177;61;89;14;164;0;6;0;6;61;95;14;170;114;190;32;336;0;10;1;11;114;200;33;347;2020
48032;723;2134;526;3383;3;191;45;239;726;2325;571;3622;910;2075;532;3517;4;184;48;236;914;2259;580;3753;1633;4209;1058;6900;7;375;93;475;1640;4584;1151;7375;2020
48033;35;85;22;142;1;3;2;6;36;88;24;148;42;57;9;108;1;3;0;4;43;60;9;112;77;142;31;250;2;6;2;10;79;148;33;260;2020
48034;1807;4508;978;7293;26;461;103;590;1833;4969;1081;7883;2165;4352;927;7444;15;400;105;520;2180;4752;1032;7964;3972;8860;1905;14737;41;861;208;1110;4013;9721;2113;15847;2020
48035;46;161;55;262;0;13;2;15;46;174;57;277;49;165;52;266;0;7;2;9;49;172;54;275;95;326;107;528;0;20;4;24;95;346;111;552;2020
48036;2878;9031;1983;13892;11;522;111;644;2889;9553;2094;14536;3582;8937;1749;14268;22;528;73;623;3604;9465;1822;14891;6460;17968;3732;28160;33;1050;184;1267;6493;19018;3916;29427;2020
48037;97;292;57;446;0;3;0;3;97;295;57;449;101;222;55;378;1;10;0;11;102;232;55;389;198;514;112;824;1;13;0;14;199;527;112;838;2020
48038;125;465;77;667;3;8;0;11;128;473;77;678;150;428;88;666;1;17;0;18;151;445;88;684;275;893;165;1333;4;25;0;29;279;918;165;1362;2020
48039;26;111;22;159;0;1;0;1;26;112;22;160;31;96;35;162;0;3;0;3;31;99;35;165;57;207;57;321;0;4;0;4;57;211;57;325;2020
48040;168;512;138;818;2;10;2;14;170;522;140;832;171;480;148;799;2;30;2;34;173;510;150;833;339;992;286;1617;4;40;4;48;343;1032;290;1665;2020
48041;81;258;47;386;0;21;3;24;81;279;50;410;102;242;40;384;1;10;3;14;103;252;43;398;183;500;87;770;1;31;6;38;184;531;93;808;2020
48042;160;538;130;828;1;32;4;37;161;570;134;865;201;494;95;790;3;38;1;42;204;532;96;832;361;1032;225;1618;4;70;5;79;365;1102;230;1697;2020
48043;473;1861;472;2806;4;80;18;102;477;1941;490;2908;581;1810;435;2826;9;129;19;157;590;1939;454;2983;1054;3671;907;5632;13;209;37;259;1067;3880;944;5891;2020
48044;8194;20987;5000;34181;103;1809;294;2206;8297;22796;5294;36387;11416;22164;4788;38368;123;2587;305;3015;11539;24751;5093;41383;19610;43151;9788;72549;226;4396;599;5221;19836;47547;10387;77770;2020
48045;544;1996;504;3044;5;174;39;218;549;2170;543;3262;778;1991;460;3229;2;207;36;245;780;2198;496;3474;1322;3987;964;6273;7;381;75;463;1329;4368;1039;6736;2020
48046;1641;4431;1211;7283;19;736;189;944;1660;5167;1400;8227;2248;4524;1159;7931;32;745;170;947;2280;5269;1329;8878;3889;8955;2370;15214;51;1481;359;1891;3940;10436;2729;17105;2020
48047;17;60;16;93;0;7;0;7;17;67;16;100;17;57;17;91;0;5;1;6;17;62;18;97;34;117;33;184;0;12;1;13;34;129;34;197;2020
48048;59;216;33;308;1;8;1;10;60;224;34;318;82;191;27;300;0;11;0;11;82;202;27;311;141;407;60;608;1;19;1;21;142;426;61;629;2020
48049;90;201;77;368;1;14;2;17;91;215;79;385;71;188;62;321;0;19;4;23;71;207;66;344;161;389;139;689;1;33;6;40;162;422;145;729;2020
48050;26;80;20;126;1;27;5;33;27;107;25;159;24;56;9;89;0;4;0;4;24;60;9;93;50;136;29;215;1;31;5;37;51;167;34;252;2020
48051;26;95;12;133;0;2;1;3;26;97;13;136;32;67;11;110;2;5;0;7;34;72;11;117;58;162;23;243;2;7;1;10;60;169;24;253;2020
48052;155;612;192;959;0;27;0;27;155;639;192;986;212;629;179;1020;1;30;0;31;213;659;179;1051;367;1241;371;1979;1;57;0;58;368;1298;371;2037;2020
48053;110;373;104;587;1;9;3;13;111;382;107;600;129;354;103;586;3;36;2;41;132;390;105;627;239;727;207;1173;4;45;5;54;243;772;212;1227;2020
48054;2786;9529;2487;14802;24;648;130;802;2810;10177;2617;15604;3524;9717;2283;15524;29;734;122;885;3553;10451;2405;16409;6310;19246;4770;30326;53;1382;252;1687;6363;20628;5022;32013;2020
48055;246;1061;297;1604;0;116;24;140;246;1177;321;1744;343;997;268;1608;3;126;23;152;346;1123;291;1760;589;2058;565;3212;3;242;47;292;592;2300;612;3504;2020
48056;91;444;111;646;0;14;2;16;91;458;113;662;93;383;100;576;2;16;2;20;95;399;102;596;184;827;211;1222;2;30;4;36;186;857;215;1258;2020
48057;806;2048;501;3355;12;221;34;267;818;2269;535;3622;1004;1972;463;3439;9;216;31;256;1013;2188;494;3695;1810;4020;964;6794;21;437;65;523;1831;4457;1029;7317;2020
48058;136;357;85;578;2;19;1;22;138;376;86;600;141;322;82;545;0;26;2;28;141;348;84;573;277;679;167;1123;2;45;3;50;279;724;170;1173;2020
48059;50;147;47;244;0;12;4;16;50;159;51;260;60;151;38;249;2;10;1;13;62;161;39;262;110;298;85;493;2;22;5;29;112;320;90;522;2020
48060;492;1315;380;2187;6;308;59;373;498;1623;439;2560;585;1270;366;2221;7;234;46;287;592;1504;412;2508;1077;2585;746;4408;13;542;105;660;1090;3127;851;5068;2020
48061;100;310;82;492;1;10;0;11;101;320;82;503;103;293;65;461;1;13;0;14;104;306;65;475;203;603;147;953;2;23;0;25;205;626;147;978;2020
48062;42;117;31;190;1;5;1;7;43;122;32;197;43;105;26;174;0;7;2;9;43;112;28;183;85;222;57;364;1;12;3;16;86;234;60;380;2020
48063;54;129;23;206;0;5;2;7;54;134;25;213;43;127;33;203;2;6;1;9;45;133;34;212;97;256;56;409;2;11;3;16;99;267;59;425;2020
48064;103;221;66;390;0;6;0;6;103;227;66;396;84;212;58;354;2;2;0;4;86;214;58;358;187;433;124;744;2;8;0;10;189;441;124;754;2020
48065;406;1260;282;1948;2;109;30;141;408;1369;312;2089;487;1181;282;1950;4;84;21;109;491;1265;303;2059;893;2441;564;3898;6;193;51;250;899;2634;615;4148;2020
48066;52;138;20;210;0;5;2;7;52;143;22;217;60;104;17;181;0;7;0;7;60;111;17;188;112;242;37;391;0;12;2;14;112;254;39;405;2020
48067;139;459;124;722;1;39;6;46;140;498;130;768;163;401;108;672;0;25;3;28;163;426;111;700;302;860;232;1394;1;64;9;74;303;924;241;1468;2020
48068;203;535;118;856;1;29;2;32;204;564;120;888;286;513;118;917;2;35;3;40;288;548;121;957;489;1048;236;1773;3;64;5;72;492;1112;241;1845;2020
48069;1341;5135;1484;7960;23;506;114;643;1364;5641;1598;8603;1599;5316;1396;8311;31;598;122;751;1630;5914;1518;9062;2940;10451;2880;16271;54;1104;236;1394;2994;11555;3116;17665;2020
48070;88;178;47;313;0;8;2;10;88;186;49;323;95;179;48;322;0;11;1;12;95;190;49;334;183;357;95;635;0;19;3;22;183;376;98;657;2020
48071;619;2352;559;3530;0;111;30;141;619;2463;589;3671;839;2316;558;3713;2;132;18;152;841;2448;576;3865;1458;4668;1117;7243;2;243;48;293;1460;4911;1165;7536;2020
48072;128;374;116;618;1;55;8;64;129;429;124;682;156;322;107;585;2;51;10;63;158;373;117;648;284;696;223;1203;3;106;18;127;287;802;241;1330;2020
48073;898;2425;494;3817;5;341;30;376;903;2766;524;4193;1217;2329;473;4019;5;151;27;183;1222;2480;500;4202;2115;4754;967;7836;10;492;57;559;2125;5246;1024;8395;2020
48074;433;1238;289;1960;0;172;32;204;433;1410;321;2164;479;1153;279;1911;2;95;20;117;481;1248;299;2028;912;2391;568;3871;2;267;52;321;914;2658;620;4192;2020
48075;245;806;193;1244;1;47;11;59;246;853;204;1303;282;787;193;1262;1;74;10;85;283;861;203;1347;527;1593;386;2506;2;121;21;144;529;1714;407;2650;2020
48076;55;98;14;167;0;2;0;2;55;100;14;169;54;88;17;159;0;3;0;3;54;91;17;162;109;186;31;326;0;5;0;5;109;191;31;331;2020
48077;335;1341;321;1997;8;114;6;128;343;1455;327;2125;443;1335;297;2075;4;145;4;153;447;1480;301;2228;778;2676;618;4072;12;259;10;281;790;2935;628;4353;2020
48078;5168;12931;2523;20622;27;1008;225;1260;5195;13939;2748;21882;7278;12872;2387;22537;41;1083;203;1327;7319;13955;2590;23864;12446;25803;4910;43159;68;2091;428;2587;12514;27894;5338;45746;2020
48079;61;159;33;253;0;9;0;9;61;168;33;262;58;122;36;216;1;7;0;8;59;129;36;224;119;281;69;469;1;16;0;17;120;297;69;486;2020
48080;1192;3708;738;5638;4;142;30;176;1196;3850;768;5814;1637;3560;745;5942;3;180;36;219;1640;3740;781;6161;2829;7268;1483;11580;7;322;66;395;2836;7590;1549;11975;2020
48081;225;734;205;1164;3;40;13;56;228;774;218;1220;256;729;174;1159;3;57;6;66;259;786;180;1225;481;1463;379;2323;6;97;19;122;487;1560;398;2445;2020
48082;4492;13472;2925;20889;15;1042;202;1259;4507;14514;3127;22148;6352;13639;2776;22767;30;931;193;1154;6382;14570;2969;23921;10844;27111;5701;43656;45;1973;395;2413;10889;29084;6096;46069;2020
48083;781;2628;543;3952;6;110;22;138;787;2738;565;4090;1093;2548;502;4143;3;128;21;152;1096;2676;523;4295;1874;5176;1045;8095;9;238;43;290;1883;5414;1088;8385;2020
48084;2844;7571;1588;12003;17;1044;206;1267;2861;8615;1794;13270;4061;7499;1487;13047;30;939;166;1135;4091;8438;1653;14182;6905;15070;3075;25050;47;1983;372;2402;6952;17053;3447;27452;2020
48085;972;4430;1281;6683;8;255;32;295;980;4685;1313;6978;1184;4445;1204;6833;12;273;24;309;1196;4718;1228;7142;2156;8875;2485;13516;20;528;56;604;2176;9403;2541;14120;2020
48086;248;781;181;1210;0;57;14;71;248;838;195;1281;311;723;185;1219;0;60;10;70;311;783;195;1289;559;1504;366;2429;0;117;24;141;559;1621;390;2570;2020
48087;57;178;23;258;2;6;0;8;59;184;23;266;68;139;27;234;0;9;0;9;68;148;27;243;125;317;50;492;2;15;0;17;127;332;50;509;2020
48088;13;59;9;81;0;6;0;6;13;65;9;87;15;48;9;72;0;5;0;5;15;53;9;77;28;107;18;153;0;11;0;11;28;118;18;164;2020
48089;349;1487;400;2236;5;91;15;111;354;1578;415;2347;422;1444;399;2265;5;86;9;100;427;1530;408;2365;771;2931;799;4501;10;177;24;211;781;3108;823;4712;2020
48090;761;2157;526;3444;0;214;67;281;761;2371;593;3725;1011;2129;537;3677;5;262;53;320;1016;2391;590;3997;1772;4286;1063;7121;5;476;120;601;1777;4762;1183;7722;2020
48091;160;383;82;625;0;47;6;53;160;430;88;678;158;383;86;627;1;24;5;30;159;407;91;657;318;766;168;1252;1;71;11;83;319;837;179;1335;2020
48092;94;329;48;471;1;27;6;34;95;356;54;505;128;315;82;525;0;24;7;31;128;339;89;556;222;644;130;996;1;51;13;65;223;695;143;1061;2020
48093;85;346;84;515;0;54;17;71;85;400;101;586;140;347;84;571;0;50;9;59;140;397;93;630;225;693;168;1086;0;104;26;130;225;797;194;1216;2020
48094;387;1148;317;1852;3;213;65;281;390;1361;382;2133;484;1161;307;1952;4;192;56;252;488;1353;363;2204;871;2309;624;3804;7;405;121;533;878;2714;745;4337;2020
48095;283;900;237;1420;1;87;25;113;284;987;262;1533;345;816;221;1382;6;99;25;130;351;915;246;1512;628;1716;458;2802;7;186;50;243;635;1902;508;3045;2020
48096;772;2428;618;3818;11;281;70;362;783;2709;688;4180;961;2426;559;3946;6;257;61;324;967;2683;620;4270;1733;4854;1177;7764;17;538;131;686;1750;5392;1308;8450;2020
48097;143;518;113;774;2;24;4;30;145;542;117;804;183;495;99;777;2;43;5;50;185;538;104;827;326;1013;212;1551;4;67;9;80;330;1080;221;1631;2020
48901;497;2074;592;3163;2;107;22;131;499;2181;614;3294;686;2041;562;3289;6;113;28;147;692;2154;590;3436;1183;4115;1154;6452;8;220;50;278;1191;4335;1204;6730;2020
48902;2211;7078;1726;11015;14;737;118;869;2225;7815;1844;11884;3088;6978;1599;11665;25;823;133;981;3113;7801;1732;12646;5299;14056;3325;22680;39;1560;251;1850;5338;15616;3576;24530;2020
48903;196;671;149;1016;2;184;18;204;198;855;167;1220;280;656;170;1106;3;59;6;68;283;715;176;1174;476;1327;319;2122;5;243;24;272;481;1570;343;2394;2020
48904;386;1351;328;2065;0;114;20;134;386;1465;348;2199;551;1333;332;2216;5;112;15;132;556;1445;347;2348;937;2684;660;4281;5;226;35;266;942;2910;695;4547;2020
48905;315;924;235;1474;2;113;31;146;317;1037;266;1620;441;849;225;1515;2;118;20;140;443;967;245;1655;756;1773;460;2989;4;231;51;286;760;2004;511;3275;2020
48906;106;271;46;423;0;20;3;23;106;291;49;446;108;266;56;430;3;27;1;31;111;293;57;461;214;537;102;853;3;47;4;54;217;584;106;907;2020
48907;45;134;29;208;1;3;2;6;46;137;31;214;50;121;45;216;3;8;1;12;53;129;46;228;95;255;74;424;4;11;3;18;99;266;77;442;2020
48908;20;115;27;162;0;3;0;3;20;118;27;165;30;100;20;150;0;4;0;4;30;104;20;154;50;215;47;312;0;7;0;7;50;222;47;319;2020
48909;24;77;18;119;0;3;0;3;24;80;18;122;24;74;19;117;1;6;0;7;25;80;19;124;48;151;37;236;1;9;0;10;49;160;37;246;2020
48910;387;991;237;1615;0;154;33;187;387;1145;270;1802;497;968;232;1697;2;124;40;166;499;1092;272;1863;884;1959;469;3312;2;278;73;353;886;2237;542;3665;2020
48911;44;160;35;239;0;3;0;3;44;163;35;242;51;134;32;217;0;5;0;5;51;139;32;222;95;294;67;456;0;8;0;8;95;302;67;464;2020
48912;270;861;215;1346;1;62;12;75;271;923;227;1421;370;819;181;1370;4;69;15;88;374;888;196;1458;640;1680;396;2716;5;131;27;163;645;1811;423;2879;2020
48913;120;545;115;780;4;16;3;23;124;561;118;803;166;430;89;685;1;27;4;32;167;457;93;717;286;975;204;1465;5;43;7;55;291;1018;211;1520;2020
48914;51;109;30;190;0;8;0;8;51;117;30;198;52;122;35;209;0;4;2;6;52;126;37;215;103;231;65;399;0;12;2;14;103;243;67;413;2020
48915;56;127;29;212;0;3;0;3;56;130;29;215;52;102;33;187;1;1;0;2;53;103;33;189;108;229;62;399;1;4;0;5;109;233;62;404;2020
49002;14;14;1;29;0;1;0;1;14;15;1;30;14;15;0;29;0;0;0;0;14;15;0;29;28;29;1;58;0;1;0;1;28;30;1;59;2020
49003;153;280;43;476;10;68;6;84;163;348;49;560;178;243;31;452;8;41;4;53;186;284;35;505;331;523;74;928;18;109;10;137;349;632;84;1065;2020
49004;32;28;3;63;0;0;0;0;32;28;3;63;31;19;2;52;0;0;0;0;31;19;2;52;63;47;5;115;0;0;0;0;63;47;5;115;2020
49005;27;43;4;74;0;0;0;0;27;43;4;74;27;20;3;50;0;1;0;1;27;21;3;51;54;63;7;124;0;1;0;1;54;64;7;125;2020
49006;30;47;0;77;0;0;0;0;30;47;0;77;29;33;2;64;0;0;0;0;29;33;2;64;59;80;2;141;0;0;0;0;59;80;2;141;2020
49007;88;99;21;208;0;0;0;0;88;99;21;208;102;78;11;191;0;2;0;2;102;80;11;193;190;177;32;399;0;2;0;2;190;179;32;401;2020
49008;99;126;11;236;0;1;0;1;99;127;11;237;107;82;6;195;0;5;0;5;107;87;6;200;206;208;17;431;0;6;0;6;206;214;17;437;2020
49009;81;120;20;221;1;5;0;6;82;125;20;227;96;96;24;216;1;8;0;9;97;104;24;225;177;216;44;437;2;13;0;15;179;229;44;452;2020
49010;41;139;36;216;0;4;0;4;41;143;36;220;37;136;34;207;0;1;0;1;37;137;34;208;78;275;70;423;0;5;0;5;78;280;70;428;2020
49011;42;72;4;118;0;1;0;1;42;73;4;119;41;54;3;98;0;0;0;0;41;54;3;98;83;126;7;216;0;1;0;1;83;127;7;217;2020
49012;17;18;3;38;0;0;0;0;17;18;3;38;16;17;2;35;0;0;0;0;16;17;2;35;33;35;5;73;0;0;0;0;33;35;5;73;2020
49013;55;56;6;117;0;0;0;0;55;56;6;117;66;42;5;113;0;0;0;0;66;42;5;113;121;98;11;230;0;0;0;0;121;98;11;230;2020
49014;21;35;5;61;0;1;0;1;21;36;5;62;29;26;2;57;0;0;0;0;29;26;2;57;50;61;7;118;0;1;0;1;50;62;7;119;2020
49015;57;44;5;106;0;0;0;0;57;44;5;106;62;36;4;102;2;2;0;4;64;38;4;106;119;80;9;208;2;2;0;4;121;82;9;212;2020
49016;35;68;6;109;0;1;0;1;35;69;6;110;59;66;7;132;0;3;0;3;59;69;7;135;94;134;13;241;0;4;0;4;94;138;13;245;2020
49017;58;64;3;125;1;4;2;7;59;68;5;132;69;51;5;125;0;2;1;3;69;53;6;128;127;115;8;250;1;6;3;10;128;121;11;260;2020
49018;73;60;6;139;0;4;1;5;73;64;7;144;97;39;5;141;0;3;1;4;97;42;6;145;170;99;11;280;0;7;2;9;170;106;13;289;2020
49019;50;73;5;128;0;0;0;0;50;73;5;128;54;51;12;117;0;2;0;2;54;53;12;119;104;124;17;245;0;2;0;2;104;126;17;247;2020
49020;55;86;3;144;0;0;0;0;55;86;3;144;55;55;8;118;1;2;0;3;56;57;8;121;110;141;11;262;1;2;0;3;111;143;11;265;2020
49021;1571;5349;1191;8111;15;352;101;468;1586;5701;1292;8579;1999;5510;1140;8649;27;453;79;559;2026;5963;1219;9208;3570;10859;2331;16760;42;805;180;1027;3612;11664;2511;17787;2020
49022;55;98;6;159;0;2;0;2;55;100;6;161;50;76;12;138;0;3;2;5;50;79;14;143;105;174;18;297;0;5;2;7;105;179;20;304;2020
49023;176;299;40;515;2;14;4;20;178;313;44;535;183;237;30;450;2;19;1;22;185;256;31;472;359;536;70;965;4;33;5;42;363;569;75;1007;2020
49024;121;203;18;342;0;6;1;7;121;209;19;349;147;160;29;336;1;11;2;14;148;171;31;350;268;363;47;678;1;17;3;21;269;380;50;699;2020
49025;49;40;1;90;0;2;0;2;49;42;1;92;40;25;0;65;1;1;1;3;41;26;1;68;89;65;1;155;1;3;1;5;90;68;2;160;2020
49026;51;58;1;110;1;2;0;3;52;60;1;113;46;45;2;93;1;1;0;2;47;46;2;95;97;103;3;203;2;3;0;5;99;106;3;208;2020
49027;30;30;2;62;0;0;0;0;30;30;2;62;43;24;1;68;0;0;0;0;43;24;1;68;73;54;3;130;0;0;0;0;73;54;3;130;2020
49028;28;32;1;61;0;0;0;0;28;32;1;61;27;18;0;45;0;0;0;0;27;18;0;45;55;50;1;106;0;0;0;0;55;50;1;106;2020
49029;113;212;20;345;0;0;0;0;113;212;20;345;116;170;16;302;0;7;0;7;116;177;16;309;229;382;36;647;0;7;0;7;229;389;36;654;2020
49030;17;25;1;43;0;0;0;0;17;25;1;43;20;15;2;37;0;0;0;0;20;15;2;37;37;40;3;80;0;0;0;0;37;40;3;80;2020
49031;35;46;1;82;0;1;1;2;35;47;2;84;37;27;1;65;0;1;1;2;37;28;2;67;72;73;2;147;0;2;2;4;72;75;4;151;2020
49032;72;67;8;147;0;1;0;1;72;68;8;148;88;56;4;148;2;1;0;3;90;57;4;151;160;123;12;295;2;2;0;4;162;125;12;299;2020
49033;118;203;29;350;0;20;3;23;118;223;32;373;154;185;19;358;1;21;2;24;155;206;21;382;272;388;48;708;1;41;5;47;273;429;53;755;2020
49034;88;129;14;231;0;1;0;1;88;130;14;232;95;100;10;205;0;8;0;8;95;108;10;213;183;229;24;436;0;9;0;9;183;238;24;445;2020
49035;55;63;4;122;0;2;1;3;55;65;5;125;51;46;3;100;0;3;0;3;51;49;3;103;106;109;7;222;0;5;1;6;106;114;8;228;2020
49036;120;129;4;253;1;1;0;2;121;130;4;255;146;96;5;247;1;2;1;4;147;98;6;251;266;225;9;500;2;3;1;6;268;228;10;506;2020
49037;42;50;3;95;0;0;0;0;42;50;3;95;36;44;3;83;0;1;0;1;36;45;3;84;78;94;6;178;0;1;0;1;78;95;6;179;2020
49038;22;28;1;51;0;2;1;3;22;30;2;54;19;18;1;38;0;3;0;3;19;21;1;41;41;46;2;89;0;5;1;6;41;51;3;95;2020
49039;47;122;23;192;1;5;0;6;48;127;23;198;61;95;23;179;0;4;0;4;61;99;23;183;108;217;46;371;1;9;0;10;109;226;46;381;2020
49040;18;41;1;60;0;2;0;2;18;43;1;62;24;28;2;54;0;1;0;1;24;29;2;55;42;69;3;114;0;3;0;3;42;72;3;117;2020
49041;76;156;14;246;0;9;0;9;76;165;14;255;83;103;19;205;0;4;1;5;83;107;20;210;159;259;33;451;0;13;1;14;159;272;34;465;2020
49042;46;59;3;108;0;0;0;0;46;59;3;108;64;50;2;116;0;1;0;1;64;51;2;117;110;109;5;224;0;1;0;1;110;110;5;225;2020
49043;57;77;5;139;0;4;0;4;57;81;5;143;60;60;4;124;0;5;0;5;60;65;4;129;117;137;9;263;0;9;0;9;117;146;9;272;2020
49044;21;19;0;40;0;0;0;0;21;19;0;40;23;12;1;36;0;0;0;0;23;12;1;36;44;31;1;76;0;0;0;0;44;31;1;76;2020
49046;42;91;6;139;0;4;0;4;42;95;6;143;43;66;2;111;0;3;0;3;43;69;2;114;85;157;8;250;0;7;0;7;85;164;8;257;2020
49047;22;38;3;63;0;1;0;1;22;39;3;64;19;20;5;44;0;3;0;3;19;23;5;47;41;58;8;107;0;4;0;4;41;62;8;111;2020
49048;32;29;0;61;0;1;1;2;32;30;1;63;30;24;0;54;0;2;0;2;30;26;0;56;62;53;0;115;0;3;1;4;62;56;1;119;2020
49050;108;165;25;298;0;11;1;12;108;176;26;310;98;126;28;252;0;6;0;6;98;132;28;258;206;291;53;550;0;17;1;18;206;308;54;568;2020
49052;36;69;6;111;0;0;0;0;36;69;6;111;42;40;4;86;0;1;0;1;42;41;4;87;78;109;10;197;0;1;0;1;78;110;10;198;2020
49053;136;333;43;512;0;24;2;26;136;357;45;538;167;282;41;490;0;12;4;16;167;294;45;506;303;615;84;1002;0;36;6;42;303;651;90;1044;2020
49054;156;269;33;458;0;10;2;12;156;279;35;470;175;252;50;477;1;9;2;12;176;261;52;489;331;521;83;935;1;19;4;24;332;540;87;959;2020
49055;16;36;0;52;0;3;0;3;16;39;0;55;17;23;2;42;0;1;0;1;17;24;2;43;33;59;2;94;0;4;0;4;33;63;2;98;2020
49056;53;81;9;143;0;2;0;2;53;83;9;145;68;80;6;154;0;1;0;1;68;81;6;155;121;161;15;297;0;3;0;3;121;164;15;300;2020
49057;29;29;3;61;0;1;0;1;29;30;3;62;25;24;1;50;0;2;2;4;25;26;3;54;54;53;4;111;0;3;2;5;54;56;6;116;2020
49058;52;105;13;170;0;2;0;2;52;107;13;172;62;76;10;148;0;2;0;2;62;78;10;150;114;181;23;318;0;4;0;4;114;185;23;322;2020
49059;27;25;0;52;0;0;0;0;27;25;0;52;10;19;0;29;0;0;0;0;10;19;0;29;37;44;0;81;0;0;0;0;37;44;0;81;2020
49061;24;52;4;80;0;3;0;3;24;55;4;83;28;39;2;69;0;2;0;2;28;41;2;71;52;91;6;149;0;5;0;5;52;96;6;154;2020
49062;22;31;5;58;0;0;0;0;22;31;5;58;21;31;1;53;0;0;0;0;21;31;1;53;43;62;6;111;0;0;0;0;43;62;6;111;2020
49063;59;96;6;161;0;2;1;3;59;98;7;164;81;60;10;151;1;2;1;4;82;62;11;155;140;156;16;312;1;4;2;7;141;160;18;319;2020
49064;111;136;11;258;0;1;0;1;111;137;11;259;137;83;9;229;0;7;0;7;137;90;9;236;248;219;20;487;0;8;0;8;248;227;20;495;2020
49065;226;295;32;553;5;29;4;38;231;324;36;591;271;237;37;545;7;21;0;28;278;258;37;573;497;532;69;1098;12;50;4;66;509;582;73;1164;2020
49066;100;121;17;238;0;2;1;3;100;123;18;241;116;102;17;235;0;3;0;3;116;105;17;238;216;223;34;473;0;5;1;6;216;228;35;479;2020
49067;81;99;13;193;0;0;0;0;81;99;13;193;79;65;10;154;0;1;0;1;79;66;10;155;160;164;23;347;0;1;0;1;160;165;23;348;2020
49068;110;125;7;242;0;4;1;5;110;129;8;247;100;82;13;195;0;3;1;4;100;85;14;199;210;207;20;437;0;7;2;9;210;214;22;446;2020
49069;84;73;4;161;0;0;0;0;84;73;4;161;122;45;5;172;0;3;0;3;122;48;5;175;206;118;9;333;0;3;0;3;206;121;9;336;2020
49071;138;232;12;382;3;8;1;12;141;240;13;394;184;149;7;340;3;12;1;16;187;161;8;356;322;381;19;722;6;20;2;28;328;401;21;750;2020
49075;33;36;2;71;0;1;0;1;33;37;2;72;37;23;0;60;0;0;0;0;37;23;0;60;70;59;2;131;0;1;0;1;70;60;2;132;2020
49076;51;125;6;182;0;9;2;11;51;134;8;193;50;103;11;164;0;11;7;18;50;114;18;182;101;228;17;346;0;20;9;29;101;248;26;375;2020
49077;27;55;2;84;0;0;0;0;27;55;2;84;32;39;6;77;0;0;0;0;32;39;6;77;59;94;8;161;0;0;0;0;59;94;8;161;2020
49078;24;48;3;75;0;1;0;1;24;49;3;76;35;28;2;65;0;3;0;3;35;31;2;68;59;76;5;140;0;4;0;4;59;80;5;144;2020
49079;27;30;0;57;0;0;0;0;27;30;0;57;23;19;3;45;0;0;0;0;23;19;3;45;50;49;3;102;0;0;0;0;50;49;3;102;2020
49080;131;196;18;345;0;7;2;9;131;203;20;354;130;160;13;303;0;8;4;12;130;168;17;315;261;356;31;648;0;15;6;21;261;371;37;669;2020
49081;211;448;80;739;3;40;17;60;214;488;97;799;248;406;76;730;2;43;13;58;250;449;89;788;459;854;156;1469;5;83;30;118;464;937;186;1587;2020
49082;71;111;12;194;0;1;1;2;71;112;13;196;89;76;13;178;0;2;0;2;89;78;13;180;160;187;25;372;0;3;1;4;160;190;26;376;2020
49083;13;11;0;24;0;0;0;0;13;11;0;24;15;6;0;21;0;0;0;0;15;6;0;21;28;17;0;45;0;0;0;0;28;17;0;45;2020
49084;54;83;11;148;0;3;0;3;54;86;11;151;55;64;7;126;0;2;1;3;55;66;8;129;109;147;18;274;0;5;1;6;109;152;19;280;2020
49085;137;311;31;479;1;10;3;14;138;321;34;493;189;247;27;463;0;23;3;26;189;270;30;489;326;558;58;942;1;33;6;40;327;591;64;982;2020
49086;18;46;1;65;0;0;0;0;18;46;1;65;21;25;0;46;0;0;0;0;21;25;0;46;39;71;1;111;0;0;0;0;39;71;1;111;2020
49087;137;117;2;256;0;2;0;2;137;119;2;258;132;73;3;208;0;0;0;0;132;73;3;208;269;190;5;464;0;2;0;2;269;192;5;466;2020
49088;22;25;5;52;0;1;0;1;22;26;5;53;19;14;3;36;0;0;0;0;19;14;3;36;41;39;8;88;0;1;0;1;41;40;8;89;2020
49090;44;49;11;104;0;1;1;2;44;50;12;106;49;49;6;104;0;5;0;5;49;54;6;109;93;98;17;208;0;6;1;7;93;104;18;215;2020
49091;46;80;3;129;1;10;0;11;47;90;3;140;61;56;2;119;1;9;2;12;62;65;4;131;107;136;5;248;2;19;2;23;109;155;7;271;2020
49092;21;34;2;57;0;2;0;2;21;36;2;59;38;16;4;58;0;2;0;2;38;18;4;60;59;50;6;115;0;4;0;4;59;54;6;119;2020
49093;49;100;15;164;0;6;1;7;49;106;16;171;60;79;15;154;0;6;0;6;60;85;15;160;109;179;30;318;0;12;1;13;109;191;31;331;2020
49094;57;50;2;109;1;3;0;4;58;53;2;113;66;36;3;105;0;3;0;3;66;39;3;108;123;86;5;214;1;6;0;7;124;92;5;221;2020
49095;43;104;15;162;0;4;0;4;43;108;15;166;50;85;8;143;0;4;0;4;50;89;8;147;93;189;23;305;0;8;0;8;93;197;23;313;2020
49096;40;40;0;80;0;1;0;1;40;41;0;81;34;31;3;68;1;0;0;1;35;31;3;69;74;71;3;148;1;1;0;2;75;72;3;150;2020
49097;22;19;0;41;0;1;0;1;22;20;0;42;19;3;0;22;0;0;0;0;19;3;0;22;41;22;0;63;0;1;0;1;41;23;0;64;2020
49098;63;50;5;118;0;0;0;0;63;50;5;118;52;37;1;90;0;2;0;2;52;39;1;92;115;87;6;208;0;2;0;2;115;89;6;210;2020
49099;26;27;2;55;0;0;0;0;26;27;2;55;20;19;1;40;0;0;0;0;20;19;1;40;46;46;3;95;0;0;0;0;46;46;3;95;2020
49100;60;84;13;157;0;1;2;3;60;85;15;160;75;59;4;138;1;5;0;6;76;64;4;144;135;143;17;295;1;6;2;9;136;149;19;304;2020
49101;30;45;5;80;0;0;0;0;30;45;5;80;33;33;1;67;0;0;0;0;33;33;1;67;63;78;6;147;0;0;0;0;63;78;6;147;2020
49102;40;52;3;95;0;2;0;2;40;54;3;97;42;33;3;78;0;2;0;2;42;35;3;80;82;85;6;173;0;4;0;4;82;89;6;177;2020
49103;70;137;25;232;1;3;2;6;71;140;27;238;76;110;22;208;0;6;0;6;76;116;22;214;146;247;47;440;1;9;2;12;147;256;49;452;2020
49104;91;81;6;178;0;0;0;0;91;81;6;178;90;43;4;137;1;0;0;1;91;43;4;138;181;124;10;315;1;0;0;1;182;124;10;316;2020
49105;27;40;8;75;0;0;0;0;27;40;8;75;36;29;1;66;0;0;0;0;36;29;1;66;63;69;9;141;0;0;0;0;63;69;9;141;2020
49107;22;27;0;49;0;1;1;2;22;28;1;51;34;30;2;66;0;2;3;5;34;32;5;71;56;57;2;115;0;3;4;7;56;60;6;122;2020
49108;82;138;9;229;0;2;0;2;82;140;9;231;108;113;9;230;0;4;0;4;108;117;9;234;190;251;18;459;0;6;0;6;190;257;18;465;2020
49109;82;191;30;303;0;2;0;2;82;193;30;305;108;179;31;318;0;1;0;1;108;180;31;319;190;370;61;621;0;3;0;3;190;373;61;624;2020
49110;82;94;7;183;0;2;0;2;82;96;7;185;97;68;4;169;0;3;1;4;97;71;5;173;179;162;11;352;0;5;1;6;179;167;12;358;2020
49111;24;36;3;63;0;0;0;0;24;36;3;63;36;19;2;57;0;1;0;1;36;20;2;58;60;55;5;120;0;1;0;1;60;56;5;121;2020
49112;26;40;2;68;0;1;0;1;26;41;2;69;27;22;1;50;0;1;0;1;27;23;1;51;53;62;3;118;0;2;0;2;53;64;3;120;2020
49113;37;62;0;99;0;0;0;0;37;62;0;99;36;29;0;65;0;0;0;0;36;29;0;65;73;91;0;164;0;0;0;0;73;91;0;164;2020
49114;6;16;2;24;0;0;0;0;6;16;2;24;8;10;0;18;0;0;0;0;8;10;0;18;14;26;2;42;0;0;0;0;14;26;2;42;2020
49115;38;53;5;96;0;1;0;1;38;54;5;97;35;40;4;79;0;1;0;1;35;41;4;80;73;93;9;175;0;2;0;2;73;95;9;177;2020
49116;87;102;6;195;0;0;0;0;87;102;6;195;91;74;4;169;0;2;0;2;91;76;4;171;178;176;10;364;0;2;0;2;178;178;10;366;2020
49117;88;125;7;220;1;1;0;2;89;126;7;222;101;99;12;212;0;1;0;1;101;100;12;213;189;224;19;432;1;2;0;3;190;226;19;435;2020
49118;34;71;7;112;0;3;0;3;34;74;7;115;43;48;1;92;2;3;1;6;45;51;2;98;77;119;8;204;2;6;1;9;79;125;9;213;2020
49119;38;79;10;127;0;3;0;3;38;82;10;130;40;58;7;105;1;4;2;7;41;62;9;112;78;137;17;232;1;7;2;10;79;144;19;242;2020
49120;17;10;0;27;0;0;0;0;17;10;0;27;16;7;0;23;0;0;0;0;16;7;0;23;33;17;0;50;0;0;0;0;33;17;0;50;2020
49121;68;127;15;210;0;1;0;1;68;128;15;211;73;103;8;184;1;5;0;6;74;108;8;190;141;230;23;394;1;6;0;7;142;236;23;401;2020
49122;69;340;85;494;0;3;0;3;69;343;85;497;82;284;83;449;0;4;1;5;82;288;84;454;151;624;168;943;0;7;1;8;151;631;169;951;2020
49123;100;179;23;302;0;1;0;1;100;180;23;303;101;139;22;262;0;4;0;4;101;143;22;266;201;318;45;564;0;5;0;5;201;323;45;569;2020
49124;48;93;6;147;0;0;0;0;48;93;6;147;41;54;13;108;0;2;0;2;41;56;13;110;89;147;19;255;0;2;0;2;89;149;19;257;2020
49125;158;562;129;849;2;17;3;22;160;579;132;871;189;506;142;837;1;19;4;24;190;525;146;861;347;1068;271;1686;3;36;7;46;350;1104;278;1732;2020
49126;56;81;8;145;0;1;0;1;56;82;8;146;69;60;16;145;0;0;0;0;69;60;16;145;125;141;24;290;0;1;0;1;125;142;24;291;2020
49127;244;1030;259;1533;2;16;3;21;246;1046;262;1554;249;922;219;1390;2;20;5;27;251;942;224;1417;493;1952;478;2923;4;36;8;48;497;1988;486;2971;2020
49128;98;164;22;284;2;1;2;5;100;165;24;289;118;146;10;274;1;3;2;6;119;149;12;280;216;310;32;558;3;4;4;11;219;314;36;569;2020
49129;145;277;33;455;0;25;14;39;145;302;47;494;136;243;35;414;1;28;17;46;137;271;52;460;281;520;68;869;1;53;31;85;282;573;99;954;2020
49130;40;41;0;81;0;0;0;0;40;41;0;81;49;27;4;80;1;1;0;2;50;28;4;82;89;68;4;161;1;1;0;2;90;69;4;163;2020
49131;41;77;5;123;0;1;0;1;41;78;5;124;40;73;1;114;0;3;0;3;40;76;1;117;81;150;6;237;0;4;0;4;81;154;6;241;2020
49132;64;99;12;175;0;0;0;0;64;99;12;175;73;73;10;156;0;3;0;3;73;76;10;159;137;172;22;331;0;3;0;3;137;175;22;334;2020
49133;65;89;9;163;0;3;0;3;65;92;9;166;73;53;5;131;0;5;3;8;73;58;8;139;138;142;14;294;0;8;3;11;138;150;17;305;2020
49134;36;60;5;101;0;1;0;1;36;61;5;102;38;33;3;74;0;0;0;0;38;33;3;74;74;93;8;175;0;1;0;1;74;94;8;176;2020
49135;126;169;19;314;1;2;0;3;127;171;19;317;140;139;18;297;0;1;0;1;140;140;18;298;266;308;37;611;1;3;0;4;267;311;37;615;2020
49136;58;98;10;166;0;4;3;7;58;102;13;173;71;87;14;172;1;7;0;8;72;94;14;180;129;185;24;338;1;11;3;15;130;196;27;353;2020
49137;36;56;5;97;0;2;0;2;36;58;5;99;38;32;0;70;0;5;0;5;38;37;0;75;74;88;5;167;0;7;0;7;74;95;5;174;2020
49138;54;54;7;115;0;0;0;0;54;54;7;115;61;34;2;97;0;1;0;1;61;35;2;98;115;88;9;212;0;1;0;1;115;89;9;213;2020
49139;48;34;0;82;0;0;0;0;48;34;0;82;43;21;1;65;1;2;0;3;44;23;1;68;91;55;1;147;1;2;0;3;92;57;1;150;2020
49141;61;88;7;156;0;0;0;0;61;88;7;156;70;72;8;150;0;0;0;0;70;72;8;150;131;160;15;306;0;0;0;0;131;160;15;306;2020
49142;56;71;6;133;0;0;0;0;56;71;6;133;58;60;8;126;0;0;0;0;58;60;8;126;114;131;14;259;0;0;0;0;114;131;14;259;2020
49143;40;62;15;117;0;1;0;1;40;63;15;118;42;55;9;106;0;6;0;6;42;61;9;112;82;117;24;223;0;7;0;7;82;124;24;230;2020
49145;51;59;8;118;0;5;0;5;51;64;8;123;56;33;7;96;0;3;0;3;56;36;7;99;107;92;15;214;0;8;0;8;107;100;15;222;2020
49146;54;81;6;141;0;2;1;3;54;83;7;144;64;66;8;138;0;1;1;2;64;67;9;140;118;147;14;279;0;3;2;5;118;150;16;284;2020
49147;47;72;6;125;0;6;3;9;47;78;9;134;64;64;6;134;0;6;2;8;64;70;8;142;111;136;12;259;0;12;5;17;111;148;17;276;2020
49148;70;52;8;130;0;0;0;0;70;52;8;130;94;48;14;156;2;0;0;2;96;48;14;158;164;100;22;286;2;0;0;2;166;100;22;288;2020
49149;57;126;7;190;1;5;5;11;58;131;12;201;76;99;6;181;0;2;0;2;76;101;6;183;133;225;13;371;1;7;5;13;134;232;18;384;2020
49150;32;21;2;55;0;0;0;0;32;21;2;55;45;25;1;71;0;1;0;1;45;26;1;72;77;46;3;126;0;1;0;1;77;47;3;127;2020
49151;93;224;36;353;0;4;0;4;93;228;36;357;111;177;22;310;1;5;0;6;112;182;22;316;204;401;58;663;1;9;0;10;205;410;58;673;2020
49152;92;164;21;277;1;2;0;3;93;166;21;280;97;115;17;229;2;3;1;6;99;118;18;235;189;279;38;506;3;5;1;9;192;284;39;515;2020
49153;38;43;3;84;1;2;0;3;39;45;3;87;36;34;3;73;0;1;0;1;36;35;3;74;74;77;6;157;1;3;0;4;75;80;6;161;2020
49154;29;31;3;63;0;0;0;0;29;31;3;63;27;21;0;48;0;0;0;0;27;21;0;48;56;52;3;111;0;0;0;0;56;52;3;111;2020
49155;24;26;1;51;0;1;0;1;24;27;1;52;18;19;2;39;0;1;0;1;18;20;2;40;42;45;3;90;0;2;0;2;42;47;3;92;2020
49156;42;70;1;113;0;0;0;0;42;70;1;113;59;43;1;103;1;0;0;1;60;43;1;104;101;113;2;216;1;0;0;1;102;113;2;217;2020
49157;37;62;0;99;0;0;0;0;37;62;0;99;42;39;3;84;0;0;0;0;42;39;3;84;79;101;3;183;0;0;0;0;79;101;3;183;2020
49158;51;60;5;116;0;4;1;5;51;64;6;121;39;57;8;104;0;6;1;7;39;63;9;111;90;117;13;220;0;10;2;12;90;127;15;232;2020
49159;48;88;11;147;0;6;1;7;48;94;12;154;61;68;1;130;1;3;1;5;62;71;2;135;109;156;12;277;1;9;2;12;110;165;14;289;2020
49160;10;10;2;22;0;0;0;0;10;10;2;22;8;9;1;18;0;0;0;0;8;9;1;18;18;19;3;40;0;0;0;0;18;19;3;40;2020
49162;36;51;0;87;0;0;0;0;36;51;0;87;42;26;0;68;0;1;0;1;42;27;0;69;78;77;0;155;0;1;0;1;78;78;0;156;2020
49163;42;55;2;99;0;4;0;4;42;59;2;103;59;38;1;98;0;3;0;3;59;41;1;101;101;93;3;197;0;7;0;7;101;100;3;204;2020
49164;25;44;5;74;0;5;0;5;25;49;5;79;34;31;2;67;0;6;2;8;34;37;4;75;59;75;7;141;0;11;2;13;59;86;9;154;2020
49165;19;12;0;31;0;0;0;0;19;12;0;31;15;7;0;22;0;0;0;0;15;7;0;22;34;19;0;53;0;0;0;0;34;19;0;53;2020
49166;156;422;56;634;1;20;1;22;157;442;57;656;210;399;67;676;1;18;5;24;211;417;72;700;366;821;123;1310;2;38;6;46;368;859;129;1356;2020
49167;50;51;2;103;0;0;0;0;50;51;2;103;51;33;2;86;0;0;0;0;51;33;2;86;101;84;4;189;0;0;0;0;101;84;4;189;2020
49168;22;28;1;51;0;6;0;6;22;34;1;57;14;24;1;39;0;1;0;1;14;25;1;40;36;52;2;90;0;7;0;7;36;59;2;97;2020
49169;7;12;0;19;0;0;1;1;7;12;1;20;9;9;0;18;0;1;0;1;9;10;0;19;16;21;0;37;0;1;1;2;16;22;1;39;2020
49170;18;32;2;52;0;0;0;0;18;32;2;52;22;30;1;53;0;1;0;1;22;31;1;54;40;62;3;105;0;1;0;1;40;63;3;106;2020
49171;128;190;22;340;1;3;1;5;129;193;23;345;129;160;13;302;1;4;0;5;130;164;13;307;257;350;35;642;2;7;1;10;259;357;36;652;2020
49172;110;140;12;262;0;2;0;2;110;142;12;264;118;106;6;230;0;7;0;7;118;113;6;237;228;246;18;492;0;9;0;9;228;255;18;501;2020
49173;83;82;8;173;1;1;0;2;84;83;8;175;92;69;11;172;0;6;0;6;92;75;11;178;175;151;19;345;1;7;0;8;176;158;19;353;2020
49174;28;33;6;67;1;6;0;7;29;39;6;74;25;37;6;68;0;7;0;7;25;44;6;75;53;70;12;135;1;13;0;14;54;83;12;149;2020
49175;31;77;7;115;0;12;4;16;31;89;11;131;45;48;9;102;0;9;7;16;45;57;16;118;76;125;16;217;0;21;11;32;76;146;27;249;2020
49176;153;181;13;347;0;1;0;1;153;182;13;348;156;114;11;281;0;3;3;6;156;117;14;287;309;295;24;628;0;4;3;7;309;299;27;635;2020
49177;55;71;5;131;0;2;0;2;55;73;5;133;52;64;6;122;1;4;0;5;53;68;6;127;107;135;11;253;1;6;0;7;108;141;11;260;2020
49178;66;338;81;485;0;10;0;10;66;348;81;495;67;283;89;439;0;7;1;8;67;290;90;447;133;621;170;924;0;17;1;18;133;638;171;942;2020
49179;59;124;17;200;0;8;2;10;59;132;19;210;69;90;16;175;0;10;0;10;69;100;16;185;128;214;33;375;0;18;2;20;128;232;35;395;2020
49180;33;36;3;72;0;0;0;0;33;36;3;72;38;32;1;71;0;1;1;2;38;33;2;73;71;68;4;143;0;1;1;2;71;69;5;145;2020
49181;88;91;8;187;1;0;0;1;89;91;8;188;82;70;7;159;0;1;0;1;82;71;7;160;170;161;15;346;1;1;0;2;171;162;15;348;2020
49183;15;24;1;40;0;1;0;1;15;25;1;41;27;23;2;52;0;0;0;0;27;23;2;52;42;47;3;92;0;1;0;1;42;48;3;93;2020
49184;39;57;2;98;0;0;0;0;39;57;2;98;33;38;2;73;0;1;0;1;33;39;2;74;72;95;4;171;0;1;0;1;72;96;4;172;2020
49185;23;63;2;88;0;4;0;4;23;67;2;92;26;50;4;80;0;3;0;3;26;53;4;83;49;113;6;168;0;7;0;7;49;120;6;175;2020
49186;52;63;1;116;1;1;0;2;53;64;1;118;66;48;2;116;0;3;0;3;66;51;2;119;118;111;3;232;1;4;0;5;119;115;3;237;2020
49187;197;432;83;712;0;5;0;5;197;437;83;717;218;362;65;645;0;7;0;7;218;369;65;652;415;794;148;1357;0;12;0;12;415;806;148;1369;2020
49188;18;45;0;63;0;6;3;9;18;51;3;72;20;24;3;47;0;3;0;3;20;27;3;50;38;69;3;110;0;9;3;12;38;78;6;122;2020
49189;40;57;9;106;0;2;0;2;40;59;9;108;42;50;5;97;0;2;1;3;42;52;6;100;82;107;14;203;0;4;1;5;82;111;15;208;2020
49190;12;15;0;27;0;0;0;0;12;15;0;27;13;12;0;25;0;0;0;0;13;12;0;25;25;27;0;52;0;0;0;0;25;27;0;52;2020
49191;47;85;3;135;1;6;1;8;48;91;4;143;69;61;9;139;0;5;3;8;69;66;12;147;116;146;12;274;1;11;4;16;117;157;16;290;2020
49192;25;38;2;65;0;2;0;2;25;40;2;67;29;30;5;64;0;4;0;4;29;34;5;68;54;68;7;129;0;6;0;6;54;74;7;135;2020
49193;94;122;8;224;0;8;0;8;94;130;8;232;96;98;6;200;0;5;1;6;96;103;7;206;190;220;14;424;0;13;1;14;190;233;15;438;2020
49194;69;92;7;168;1;3;0;4;70;95;7;172;82;78;3;163;0;2;0;2;82;80;3;165;151;170;10;331;1;5;0;6;152;175;10;337;2020
49197;34;40;5;79;0;0;0;0;34;40;5;79;37;37;4;78;0;1;0;1;37;38;4;79;71;77;9;157;0;1;0;1;71;78;9;158;2020
49199;56;63;5;124;0;0;0;0;56;63;5;124;62;54;10;126;0;5;0;5;62;59;10;131;118;117;15;250;0;5;0;5;118;122;15;255;2020
49200;146;325;64;535;0;14;2;16;146;339;66;551;186;279;44;509;1;12;0;13;187;291;44;522;332;604;108;1044;1;26;2;29;333;630;110;1073;2020
49201;68;76;6;150;1;0;0;1;69;76;6;151;79;58;9;146;0;0;0;0;79;58;9;146;147;134;15;296;1;0;0;1;148;134;15;297;2020
49202;37;62;2;101;0;0;0;0;37;62;2;101;44;26;3;73;0;1;0;1;44;27;3;74;81;88;5;174;0;1;0;1;81;89;5;175;2020
49203;62;81;8;151;0;1;0;1;62;82;8;152;66;67;7;140;1;0;0;1;67;67;7;141;128;148;15;291;1;1;0;2;129;149;15;293;2020
49204;12;17;0;29;0;0;0;0;12;17;0;29;20;10;0;30;0;0;0;0;20;10;0;30;32;27;0;59;0;0;0;0;32;27;0;59;2020
49205;90;90;6;186;0;0;0;0;90;90;6;186;109;68;5;182;0;0;0;0;109;68;5;182;199;158;11;368;0;0;0;0;199;158;11;368;2020
49206;160;229;37;426;0;31;10;41;160;260;47;467;194;204;24;422;1;25;7;33;195;229;31;455;354;433;61;848;1;56;17;74;355;489;78;922;2020
49207;49;62;3;114;0;5;0;5;49;67;3;119;61;46;6;113;1;2;0;3;62;48;6;116;110;108;9;227;1;7;0;8;111;115;9;235;2020
49208;84;100;7;191;0;0;0;0;84;100;7;191;94;68;4;166;0;0;0;0;94;68;4;166;178;168;11;357;0;0;0;0;178;168;11;357;2020
49209;103;150;14;267;1;6;2;9;104;156;16;276;95;106;7;208;0;5;3;8;95;111;10;216;198;256;21;475;1;11;5;17;199;267;26;492;2020
49210;76;151;17;244;1;2;1;4;77;153;18;248;85;137;11;233;1;3;1;5;86;140;12;238;161;288;28;477;2;5;2;9;163;293;30;486;2020
49214;135;216;17;368;1;3;0;4;136;219;17;372;156;168;38;362;0;6;0;6;156;174;38;368;291;384;55;730;1;9;0;10;292;393;55;740;2020
49216;35;50;0;85;0;2;1;3;35;52;1;88;37;22;2;61;0;1;1;2;37;23;3;63;72;72;2;146;0;3;2;5;72;75;4;151;2020
49219;897;2631;478;4006;11;184;59;254;908;2815;537;4260;1214;2510;457;4181;11;185;28;224;1225;2695;485;4405;2111;5141;935;8187;22;369;87;478;2133;5510;1022;8665;2020
49220;28;52;2;82;0;0;0;0;28;52;2;82;30;33;2;65;0;1;0;1;30;34;2;66;58;85;4;147;0;1;0;1;58;86;4;148;2020
49221;47;73;9;129;1;2;0;3;48;75;9;132;51;60;6;117;1;3;0;4;52;63;6;121;98;133;15;246;2;5;0;7;100;138;15;253;2020
49222;52;131;17;200;0;3;0;3;52;134;17;203;61;116;15;192;0;5;0;5;61;121;15;197;113;247;32;392;0;8;0;8;113;255;32;400;2020
49223;158;214;13;385;11;49;3;63;169;263;16;448;189;150;14;353;1;30;3;34;190;180;17;387;347;364;27;738;12;79;6;97;359;443;33;835;2020
49224;23;61;10;94;0;4;1;5;23;65;11;99;31;46;4;81;1;4;0;5;32;50;4;86;54;107;14;175;1;8;1;10;55;115;15;185;2020
49225;30;34;6;70;0;0;0;0;30;34;6;70;36;21;1;58;0;3;0;3;36;24;1;61;66;55;7;128;0;3;0;3;66;58;7;131;2020
49226;45;82;5;132;0;1;0;1;45;83;5;133;49;63;4;116;0;1;0;1;49;64;4;117;94;145;9;248;0;2;0;2;94;147;9;250;2020
49227;35;132;35;202;0;2;4;6;35;134;39;208;40;122;27;189;0;6;1;7;40;128;28;196;75;254;62;391;0;8;5;13;75;262;67;404;2020
49228;14;16;0;30;0;0;0;0;14;16;0;30;19;3;0;22;0;2;0;2;19;5;0;24;33;19;0;52;0;2;0;2;33;21;0;54;2020
49229;21;34;5;60;1;2;0;3;22;36;5;63;25;31;6;62;0;0;0;0;25;31;6;62;46;65;11;122;1;2;0;3;47;67;11;125;2020
49230;22;21;1;44;0;0;0;0;22;21;1;44;24;13;0;37;0;0;0;0;24;13;0;37;46;34;1;81;0;0;0;0;46;34;1;81;2020
49231;67;77;13;157;1;2;0;3;68;79;13;160;66;80;11;157;1;3;0;4;67;83;11;161;133;157;24;314;2;5;0;7;135;162;24;321;2020
49232;17;19;1;37;0;1;0;1;17;20;1;38;24;28;2;54;0;0;0;0;24;28;2;54;41;47;3;91;0;1;0;1;41;48;3;92;2020
49233;24;18;2;44;0;0;0;0;24;18;2;44;20;17;2;39;0;1;0;1;20;18;2;40;44;35;4;83;0;1;0;1;44;36;4;84;2020
49234;69;134;9;212;0;9;3;12;69;143;12;224;72;101;8;181;1;13;1;15;73;114;9;196;141;235;17;393;1;22;4;27;142;257;21;420;2020
49235;76;138;18;232;0;3;0;3;76;141;18;235;81;120;7;208;0;4;1;5;81;124;8;213;157;258;25;440;0;7;1;8;157;265;26;448;2020
49236;15;21;6;42;1;3;0;4;16;24;6;46;15;19;3;37;0;2;0;2;15;21;3;39;30;40;9;79;1;5;0;6;31;45;9;85;2020
49237;36;37;0;73;0;0;0;0;36;37;0;73;40;28;3;71;0;0;0;0;40;28;3;71;76;65;3;144;0;0;0;0;76;65;3;144;2020
49238;57;73;4;134;0;0;0;0;57;73;4;134;52;56;6;114;0;0;0;0;52;56;6;114;109;129;10;248;0;0;0;0;109;129;10;248;2020
49239;120;190;19;329;0;4;0;4;120;194;19;333;145;146;18;309;0;6;1;7;145;152;19;316;265;336;37;638;0;10;1;11;265;346;38;649;2020
49240;44;59;6;109;0;0;0;0;44;59;6;109;44;40;3;87;0;1;0;1;44;41;3;88;88;99;9;196;0;1;0;1;88;100;9;197;2020
49241;54;76;2;132;0;2;1;3;54;78;3;135;59;46;2;107;0;3;1;4;59;49;3;111;113;122;4;239;0;5;2;7;113;127;6;246;2020
49242;91;137;12;240;0;6;1;7;91;143;13;247;94;115;12;221;0;1;0;1;94;116;12;222;185;252;24;461;0;7;1;8;185;259;25;469;2020
49243;24;29;0;53;0;0;0;0;24;29;0;53;37;15;1;53;0;3;0;3;37;18;1;56;61;44;1;106;0;3;0;3;61;47;1;109;2020
49244;10;15;1;26;0;3;0;3;10;18;1;29;10;7;0;17;0;2;0;2;10;9;0;19;20;22;1;43;0;5;0;5;20;27;1;48;2020
49245;36;87;5;128;0;2;0;2;36;89;5;130;50;75;3;128;0;2;0;2;50;77;3;130;86;162;8;256;0;4;0;4;86;166;8;260;2020
49246;45;69;8;122;0;0;0;0;45;69;8;122;50;44;2;96;0;0;0;0;50;44;2;96;95;113;10;218;0;0;0;0;95;113;10;218;2020
49247;97;109;4;210;0;0;0;0;97;109;4;210;132;68;8;208;0;1;0;1;132;69;8;209;229;177;12;418;0;1;0;1;229;178;12;419;2020
49248;43;44;7;94;1;19;8;28;44;63;15;122;49;36;7;92;1;17;3;21;50;53;10;113;92;80;14;186;2;36;11;49;94;116;25;235;2020
49249;10;20;2;32;0;5;2;7;10;25;4;39;17;11;3;31;0;2;1;3;17;13;4;34;27;31;5;63;0;7;3;10;27;38;8;73;2020
49250;206;377;71;654;1;44;17;62;207;421;88;716;251;358;68;677;1;46;17;64;252;404;85;741;457;735;139;1331;2;90;34;126;459;825;173;1457;2020
49251;35;49;3;87;0;2;0;2;35;51;3;89;41;39;1;81;0;0;0;0;41;39;1;81;76;88;4;168;0;2;0;2;76;90;4;170;2020
49252;54;107;8;169;1;3;0;4;55;110;8;173;62;92;6;160;0;4;1;5;62;96;7;165;116;199;14;329;1;7;1;9;117;206;15;338;2020
49255;93;96;4;193;0;0;0;0;93;96;4;193;93;79;6;178;0;0;0;0;93;79;6;178;186;175;10;371;0;0;0;0;186;175;10;371;2020
49256;55;70;9;134;0;4;2;6;55;74;11;140;61;50;11;122;0;4;4;8;61;54;15;130;116;120;20;256;0;8;6;14;116;128;26;270;2020
49257;34;123;24;181;0;1;1;2;34;124;25;183;46;105;20;171;0;4;0;4;46;109;20;175;80;228;44;352;0;5;1;6;80;233;45;358;2020
49258;23;37;2;62;0;1;0;1;23;38;2;63;20;35;1;56;0;0;0;0;20;35;1;56;43;72;3;118;0;1;0;1;43;73;3;119;2020
49259;21;15;0;36;0;0;0;0;21;15;0;36;27;14;1;42;0;1;0;1;27;15;1;43;48;29;1;78;0;1;0;1;48;30;1;79;2020
49260;134;196;34;364;1;25;8;34;135;221;42;398;185;186;27;398;0;20;7;27;185;206;34;425;319;382;61;762;1;45;15;61;320;427;76;823;2020
49261;181;575;136;892;1;17;5;23;182;592;141;915;232;525;112;869;1;22;3;26;233;547;115;895;413;1100;248;1761;2;39;8;49;415;1139;256;1810;2020
49262;72;117;8;197;1;4;0;5;73;121;8;202;84;94;8;186;1;10;0;11;85;104;8;197;156;211;16;383;2;14;0;16;158;225;16;399;2020
49263;11;13;0;24;0;0;1;1;11;13;1;25;10;8;0;18;0;1;0;1;10;9;0;19;21;21;0;42;0;1;1;2;21;22;1;44;2020
49264;120;156;8;284;0;2;0;2;120;158;8;286;149;103;16;268;0;2;0;2;149;105;16;270;269;259;24;552;0;4;0;4;269;263;24;556;2020
49265;25;38;1;64;0;0;0;0;25;38;1;64;25;23;2;50;0;0;0;0;25;23;2;50;50;61;3;114;0;0;0;0;50;61;3;114;2020
49266;17;23;1;41;0;1;0;1;17;24;1;42;15;14;1;30;0;1;0;1;15;15;1;31;32;37;2;71;0;2;0;2;32;39;2;73;2020
49267;15;40;5;60;0;1;0;1;15;41;5;61;26;16;2;44;0;1;0;1;26;17;2;45;41;56;7;104;0;2;0;2;41;58;7;106;2020
49268;95;108;5;208;1;3;0;4;96;111;5;212;110;59;8;177;0;1;0;1;110;60;8;178;205;167;13;385;1;4;0;5;206;171;13;390;2020
49269;51;52;2;105;0;0;0;0;51;52;2;105;66;48;6;120;0;3;0;3;66;51;6;123;117;100;8;225;0;3;0;3;117;103;8;228;2020
49270;24;61;6;91;1;10;4;15;25;71;10;106;15;38;6;59;1;9;2;12;16;47;8;71;39;99;12;150;2;19;6;27;41;118;18;177;2020
49271;43;51;0;94;0;1;1;2;43;52;1;96;48;31;0;79;0;1;0;1;48;32;0;80;91;82;0;173;0;2;1;3;91;84;1;176;2020
49272;18;19;0;37;0;0;0;0;18;19;0;37;23;11;0;34;0;0;0;0;23;11;0;34;41;30;0;71;0;0;0;0;41;30;0;71;2020
49273;37;51;2;90;0;0;0;0;37;51;2;90;44;27;2;73;2;2;0;4;46;29;2;77;81;78;4;163;2;2;0;4;83;80;4;167;2020
49275;6428;17205;3693;27326;41;770;162;973;6469;17975;3855;28299;9154;18864;3531;31549;78;912;150;1140;9232;19776;3681;32689;15582;36069;7224;58875;119;1682;312;2113;15701;37751;7536;60988;2020
50001;22;30;2;54;0;1;1;2;22;31;3;56;21;14;0;35;0;1;0;1;21;15;0;36;43;44;2;89;0;2;1;3;43;46;3;92;2020
50002;34;38;3;75;1;15;0;16;35;53;3;91;31;20;1;52;0;14;1;15;31;34;2;67;65;58;4;127;1;29;1;31;66;87;5;158;2020
50003;26;43;7;76;1;2;1;4;27;45;8;80;20;32;2;54;0;4;0;4;20;36;2;58;46;75;9;130;1;6;1;8;47;81;10;138;2020
50004;86;166;17;269;2;55;6;63;88;221;23;332;92;132;17;241;2;38;11;51;94;170;28;292;178;298;34;510;4;93;17;114;182;391;51;624;2020
50005;46;76;2;124;0;1;2;3;46;77;4;127;46;55;3;104;0;2;0;2;46;57;3;106;92;131;5;228;0;3;2;5;92;134;7;233;2020
50006;103;359;55;517;0;21;6;27;103;380;61;544;155;296;44;495;1;14;10;25;156;310;54;520;258;655;99;1012;1;35;16;52;259;690;115;1064;2020
50007;13;19;1;33;0;0;0;0;13;19;1;33;7;10;1;18;0;1;0;1;7;11;1;19;20;29;2;51;0;1;0;1;20;30;2;52;2020
50008;557;2056;508;3121;10;369;62;441;567;2425;570;3562;731;1959;481;3171;23;331;67;421;754;2290;548;3592;1288;4015;989;6292;33;700;129;862;1321;4715;1118;7154;2020
50009;28;26;1;55;0;8;3;11;28;34;4;66;20;24;3;47;0;3;0;3;20;27;3;50;48;50;4;102;0;11;3;14;48;61;7;116;2020
50010;13;25;4;42;0;2;0;2;13;27;4;44;11;16;3;30;0;0;0;0;11;16;3;30;24;41;7;72;0;2;0;2;24;43;7;74;2020
50011;17;45;6;68;0;0;0;0;17;45;6;68;22;39;5;66;0;0;0;0;22;39;5;66;39;84;11;134;0;0;0;0;39;84;11;134;2020
50012;11;38;7;56;0;0;0;0;11;38;7;56;21;24;1;46;0;5;0;5;21;29;1;51;32;62;8;102;0;5;0;5;32;67;8;107;2020
50013;32;68;13;113;0;6;0;6;32;74;13;119;42;60;15;117;0;8;1;9;42;68;16;126;74;128;28;230;0;14;1;15;74;142;29;245;2020
50014;22;49;6;77;0;6;0;6;22;55;6;83;20;26;5;51;0;8;1;9;20;34;6;60;42;75;11;128;0;14;1;15;42;89;12;143;2020
50015;16;25;2;43;0;0;0;0;16;25;2;43;17;13;2;32;1;0;0;1;18;13;2;33;33;38;4;75;1;0;0;1;34;38;4;76;2020
50016;11;22;0;33;0;1;0;1;11;23;0;34;8;6;0;14;0;2;1;3;8;8;1;17;19;28;0;47;0;3;1;4;19;31;1;51;2020
50017;202;720;211;1133;4;47;2;53;206;767;213;1186;234;656;189;1079;4;58;12;74;238;714;201;1153;436;1376;400;2212;8;105;14;127;444;1481;414;2339;2020
50018;128;338;64;530;3;191;33;227;131;529;97;757;149;274;62;485;2;164;35;201;151;438;97;686;277;612;126;1015;5;355;68;428;282;967;194;1443;2020
50019;11;26;0;37;0;0;0;0;11;26;0;37;10;15;1;26;0;2;0;2;10;17;1;28;21;41;1;63;0;2;0;2;21;43;1;65;2020
50020;116;296;57;469;1;46;10;57;117;342;67;526;131;248;52;431;2;40;12;54;133;288;64;485;247;544;109;900;3;86;22;111;250;630;131;1011;2020
50021;4;8;0;12;0;0;0;0;4;8;0;12;7;5;0;12;0;0;0;0;7;5;0;12;11;13;0;24;0;0;0;0;11;13;0;24;2020
50022;88;169;13;270;0;7;1;8;88;176;14;278;94;158;16;268;0;7;1;8;94;165;17;276;182;327;29;538;0;14;2;16;182;341;31;554;2020
50023;46;55;3;104;0;5;4;9;46;60;7;113;44;53;10;107;0;8;2;10;44;61;12;117;90;108;13;211;0;13;6;19;90;121;19;230;2020
50024;87;203;23;313;1;83;26;110;88;286;49;423;117;126;18;261;2;56;11;69;119;182;29;330;204;329;41;574;3;139;37;179;207;468;78;753;2020
50025;556;1747;492;2795;22;1103;256;1381;578;2850;748;4176;657;1661;427;2745;26;918;226;1170;683;2579;653;3915;1213;3408;919;5540;48;2021;482;2551;1261;5429;1401;8091;2020
50026;75;145;22;242;0;38;9;47;75;183;31;289;72;131;28;231;3;38;7;48;75;169;35;279;147;276;50;473;3;76;16;95;150;352;66;568;2020
50027;43;69;8;120;0;3;2;5;43;72;10;125;50;61;13;124;1;3;0;4;51;64;13;128;93;130;21;244;1;6;2;9;94;136;23;253;2020
50028;9;45;2;56;0;6;0;6;9;51;2;62;10;19;0;29;1;3;0;4;11;22;0;33;19;64;2;85;1;9;0;10;20;73;2;95;2020
50029;123;194;20;337;0;28;1;29;123;222;21;366;126;145;15;286;1;28;3;32;127;173;18;318;249;339;35;623;1;56;4;61;250;395;39;684;2020
50030;49;67;9;125;0;7;1;8;49;74;10;133;39;35;5;79;1;5;4;10;40;40;9;89;88;102;14;204;1;12;5;18;89;114;19;222;2020
50031;34;50;1;85;0;6;1;7;34;56;2;92;20;29;1;50;0;2;1;3;20;31;2;53;54;79;2;135;0;8;2;10;54;87;4;145;2020
50032;52;76;3;131;0;14;0;14;52;90;3;145;67;44;10;121;0;11;1;12;67;55;11;133;119;120;13;252;0;25;1;26;119;145;14;278;2020
50033;20;24;1;45;0;2;0;2;20;26;1;47;15;10;0;25;0;2;0;2;15;12;0;27;35;34;1;70;0;4;0;4;35;38;1;74;2020
50034;138;254;64;456;0;98;20;118;138;352;84;574;180;209;61;450;3;56;17;76;183;265;78;526;318;463;125;906;3;154;37;194;321;617;162;1100;2020
50035;15;31;1;47;0;1;0;1;15;32;1;48;9;19;2;30;0;2;0;2;9;21;2;32;24;50;3;77;0;3;0;3;24;53;3;80;2020
50036;24;25;2;51;0;1;0;1;24;26;2;52;19;26;1;46;0;0;0;0;19;26;1;46;43;51;3;97;0;1;0;1;43;52;3;98;2020
50037;35;45;3;83;0;6;2;8;35;51;5;91;22;27;2;51;0;4;1;5;22;31;3;56;57;72;5;134;0;10;3;13;57;82;8;147;2020
50038;230;485;81;796;1;99;28;128;231;584;109;924;272;428;47;747;2;74;15;91;274;502;62;838;502;913;128;1543;3;173;43;219;505;1086;171;1762;2020
50039;78;186;12;276;0;15;6;21;78;201;18;297;80;128;7;215;0;13;4;17;80;141;11;232;158;314;19;491;0;28;10;38;158;342;29;529;2020
50040;17;24;0;41;0;1;0;1;17;25;0;42;16;16;4;36;0;0;0;0;16;16;4;36;33;40;4;77;0;1;0;1;33;41;4;78;2020
50041;3;6;0;9;0;0;0;0;3;6;0;9;3;4;0;7;0;0;0;0;3;4;0;7;6;10;0;16;0;0;0;0;6;10;0;16;2020
50042;2;5;0;7;0;0;0;0;2;5;0;7;7;6;0;13;0;0;0;0;7;6;0;13;9;11;0;20;0;0;0;0;9;11;0;20;2020
50043;33;93;15;141;0;11;0;11;33;104;15;152;43;67;9;119;0;10;1;11;43;77;10;130;76;160;24;260;0;21;1;22;76;181;25;282;2020
50044;37;75;8;120;1;4;1;6;38;79;9;126;47;72;5;124;0;3;1;4;47;75;6;128;84;147;13;244;1;7;2;10;85;154;15;254;2020
50045;194;431;70;695;2;52;21;75;196;483;91;770;254;366;64;684;0;56;16;72;254;422;80;756;448;797;134;1379;2;108;37;147;450;905;171;1526;2020
50046;43;45;4;92;0;13;3;16;43;58;7;108;42;31;3;76;0;9;1;10;42;40;4;86;85;76;7;168;0;22;4;26;85;98;11;194;2020
50047;11;15;2;28;0;0;0;0;11;15;2;28;5;7;0;12;0;0;0;0;5;7;0;12;16;22;2;40;0;0;0;0;16;22;2;40;2020
50048;6;13;1;20;0;0;0;0;6;13;1;20;4;8;0;12;0;0;0;0;4;8;0;12;10;21;1;32;0;0;0;0;10;21;1;32;2020
50050;13;47;1;61;0;4;0;4;13;51;1;65;10;17;1;28;0;1;0;1;10;18;1;29;23;64;2;89;0;5;0;5;23;69;2;94;2020
50051;123;284;42;449;1;20;4;25;124;304;46;474;153;239;39;431;0;22;3;25;153;261;42;456;276;523;81;880;1;42;7;50;277;565;88;930;2020
50052;19;26;1;46;0;0;0;0;19;26;1;46;19;14;2;35;0;0;0;0;19;14;2;35;38;40;3;81;0;0;0;0;38;40;3;81;2020
50053;106;215;35;356;2;28;3;33;108;243;38;389;127;201;26;354;0;30;3;33;127;231;29;387;233;416;61;710;2;58;6;66;235;474;67;776;2020
50054;16;17;0;33;0;0;0;0;16;17;0;33;9;10;0;19;0;0;0;0;9;10;0;19;25;27;0;52;0;0;0;0;25;27;0;52;2020
50055;435;1409;386;2230;4;232;72;308;439;1641;458;2538;572;1287;325;2184;5;193;58;256;577;1480;383;2440;1007;2696;711;4414;9;425;130;564;1016;3121;841;4978;2020
50056;59;175;26;260;1;9;1;11;60;184;27;271;52;116;29;197;1;18;3;22;53;134;32;219;111;291;55;457;2;27;4;33;113;318;59;490;2020
50057;201;486;88;775;1;23;9;33;202;509;97;808;229;429;83;741;2;35;3;40;231;464;86;781;430;915;171;1516;3;58;12;73;433;973;183;1589;2020
50058;15;18;1;34;0;0;0;0;15;18;1;34;9;22;0;31;0;0;0;0;9;22;0;31;24;40;1;65;0;0;0;0;24;40;1;65;2020
50059;101;292;62;455;1;33;11;45;102;325;73;500;134;237;58;429;1;44;6;51;135;281;64;480;235;529;120;884;2;77;17;96;237;606;137;980;2020
50060;25;73;2;100;0;12;7;19;25;85;9;119;29;44;6;79;1;16;5;22;30;60;11;101;54;117;8;179;1;28;12;41;55;145;20;220;2020
50061;42;51;5;98;0;8;0;8;42;59;5;106;42;51;6;99;0;1;0;1;42;52;6;100;84;102;11;197;0;9;0;9;84;111;11;206;2020
50062;197;777;191;1165;4;66;19;89;201;843;210;1254;226;718;197;1141;3;70;18;91;229;788;215;1232;423;1495;388;2306;7;136;37;180;430;1631;425;2486;2020
50063;14;25;0;39;0;1;0;1;14;26;0;40;19;8;4;31;0;0;0;0;19;8;4;31;33;33;4;70;0;1;0;1;33;34;4;71;2020
50064;80;148;24;252;0;12;0;12;80;160;24;264;90;118;14;222;0;8;2;10;90;126;16;232;170;266;38;474;0;20;2;22;170;286;40;496;2020
50065;13;19;0;32;0;0;0;0;13;19;0;32;13;7;1;21;0;0;0;0;13;7;1;21;26;26;1;53;0;0;0;0;26;26;1;53;2020
50066;249;1381;394;2024;6;179;48;233;255;1560;442;2257;231;1134;359;1724;4;206;44;254;235;1340;403;1978;480;2515;753;3748;10;385;92;487;490;2900;845;4235;2020
50067;1641;5257;1228;8126;54;1440;310;1804;1695;6697;1538;9930;2234;4988;1117;8339;85;1459;279;1823;2319;6447;1396;10162;3875;10245;2345;16465;139;2899;589;3627;4014;13144;2934;20092;2020
50068;279;738;152;1169;6;258;55;319;285;996;207;1488;328;607;151;1086;5;220;61;286;333;827;212;1372;607;1345;303;2255;11;478;116;605;618;1823;419;2860;2020
50069;16;25;0;41;0;2;0;2;16;27;0;43;10;16;0;26;0;4;0;4;10;20;0;30;26;41;0;67;0;6;0;6;26;47;0;73;2020
50070;14;17;4;35;0;0;0;0;14;17;4;35;12;8;4;24;0;2;0;2;12;10;4;26;26;25;8;59;0;2;0;2;26;27;8;61;2020
50071;31;45;1;77;0;2;1;3;31;47;2;80;23;31;3;57;0;7;2;9;23;38;5;66;54;76;4;134;0;9;3;12;54;85;7;146;2020
50072;31;67;3;101;2;4;2;8;33;71;5;109;38;34;3;75;0;4;1;5;38;38;4;80;69;101;6;176;2;8;3;13;71;109;9;189;2020
50073;295;792;146;1233;9;375;78;462;304;1167;224;1695;360;691;176;1227;5;330;98;433;365;1021;274;1660;655;1483;322;2460;14;705;176;895;669;2188;498;3355;2020
50074;830;2278;563;3671;33;1277;314;1624;863;3555;877;5295;1053;2089;509;3651;27;783;270;1080;1080;2872;779;4731;1883;4367;1072;7322;60;2060;584;2704;1943;6427;1656;10026;2020
50075;16;29;1;46;0;9;0;9;16;38;1;55;21;4;0;25;0;8;0;8;21;12;0;33;37;33;1;71;0;17;0;17;37;50;1;88;2020
50076;13;23;1;37;0;6;0;6;13;29;1;43;16;14;0;30;1;3;1;5;17;17;1;35;29;37;1;67;1;9;1;11;30;46;2;78;2020
50077;37;61;4;102;0;2;0;2;37;63;4;104;46;54;4;104;0;1;0;1;46;55;4;105;83;115;8;206;0;3;0;3;83;118;8;209;2020
50078;51;68;7;126;0;4;3;7;51;72;10;133;55;49;6;110;0;9;2;11;55;58;8;121;106;117;13;236;0;13;5;18;106;130;18;254;2020
50079;48;73;12;133;0;11;3;14;48;84;15;147;50;49;7;106;0;6;1;7;50;55;8;113;98;122;19;239;0;17;4;21;98;139;23;260;2020
50080;7;14;1;22;0;0;0;0;7;14;1;22;4;6;2;12;0;0;0;0;4;6;2;12;11;20;3;34;0;0;0;0;11;20;3;34;2020
50081;98;159;26;283;1;15;4;20;99;174;30;303;87;146;26;259;1;19;1;21;88;165;27;280;185;305;52;542;2;34;5;41;187;339;57;583;2020
50082;20;18;1;39;0;4;2;6;20;22;3;45;24;14;2;40;0;5;4;9;24;19;6;49;44;32;3;79;0;9;6;15;44;41;9;94;2020
50083;17;27;2;46;0;6;0;6;17;33;2;52;14;24;5;43;0;6;1;7;14;30;6;50;31;51;7;89;0;12;1;13;31;63;8;102;2020
50084;14;23;0;37;0;1;0;1;14;24;0;38;14;15;0;29;0;0;0;0;14;15;0;29;28;38;0;66;0;1;0;1;28;39;0;67;2020
50085;37;60;9;106;0;0;0;0;37;60;9;106;39;47;6;92;0;1;0;1;39;48;6;93;76;107;15;198;0;1;0;1;76;108;15;199;2020
50086;51;62;21;134;1;22;3;26;52;84;24;160;33;37;4;74;0;11;3;14;33;48;7;88;84;99;25;208;1;33;6;40;85;132;31;248;2020
50087;8;6;1;15;1;2;0;3;9;8;1;18;7;4;1;12;0;2;0;2;7;6;1;14;15;10;2;27;1;4;0;5;16;14;2;32;2020
50088;56;87;11;154;0;15;2;17;56;102;13;171;59;64;21;144;1;20;1;22;60;84;22;166;115;151;32;298;1;35;3;39;116;186;35;337;2020
50089;380;4189;1650;6219;17;473;144;634;397;4662;1794;6853;389;3865;1558;5812;33;612;140;785;422;4477;1698;6597;769;8054;3208;12031;50;1085;284;1419;819;9139;3492;13450;2020
50090;22;41;6;69;0;4;2;6;22;45;8;75;34;36;7;77;0;3;0;3;34;39;7;80;56;77;13;146;0;7;2;9;56;84;15;155;2020
50091;8;14;0;22;0;0;0;0;8;14;0;22;12;7;0;19;0;0;0;0;12;7;0;19;20;21;0;41;0;0;0;0;20;21;0;41;2020
50092;44;100;15;159;2;90;10;102;46;190;25;261;54;89;19;162;0;56;18;74;54;145;37;236;98;189;34;321;2;146;28;176;100;335;62;497;2020
50093;20;28;3;51;0;4;2;6;20;32;5;57;17;22;4;43;0;4;0;4;17;26;4;47;37;50;7;94;0;8;2;10;37;58;9;104;2020
50094;229;488;115;832;3;100;23;126;232;588;138;958;312;467;95;874;6;107;20;133;318;574;115;1007;541;955;210;1706;9;207;43;259;550;1162;253;1965;2020
50095;1479;4684;983;7146;22;1249;277;1548;1501;5933;1260;8694;1817;4366;948;7131;22;889;248;1159;1839;5255;1196;8290;3296;9050;1931;14277;44;2138;525;2707;3340;11188;2456;16984;2020
50096;7;12;0;19;0;0;0;0;7;12;0;19;8;7;1;16;0;0;0;0;8;7;1;16;15;19;1;35;0;0;0;0;15;19;1;35;2020
50098;34;48;3;85;0;7;0;7;34;55;3;92;32;41;4;77;0;9;0;9;32;50;4;86;66;89;7;162;0;16;0;16;66;105;7;178;2020
50099;397;1184;313;1894;3;319;61;383;400;1503;374;2277;438;1040;333;1811;7;229;48;284;445;1269;381;2095;835;2224;646;3705;10;548;109;667;845;2772;755;4372;2020
50100;52;105;15;172;0;4;0;4;52;109;15;176;69;77;13;159;0;4;2;6;69;81;15;165;121;182;28;331;0;8;2;10;121;190;30;341;2020
50101;125;302;38;465;4;52;10;66;129;354;48;531;156;261;58;475;0;37;24;61;156;298;82;536;281;563;96;940;4;89;34;127;285;652;130;1067;2020
50102;164;258;52;474;1;107;17;125;165;365;69;599;168;226;41;435;1;62;12;75;169;288;53;510;332;484;93;909;2;169;29;200;334;653;122;1109;2020
50104;70;86;14;170;2;5;3;10;72;91;17;180;65;101;11;177;0;9;0;9;65;110;11;186;135;187;25;347;2;14;3;19;137;201;28;366;2020
50105;53;88;23;164;4;31;1;36;57;119;24;200;58;74;26;158;3;18;1;22;61;92;27;180;111;162;49;322;7;49;2;58;118;211;51;380;2020
50106;24;39;4;67;0;2;0;2;24;41;4;69;39;19;3;61;0;1;0;1;39;20;3;62;63;58;7;128;0;3;0;3;63;61;7;131;2020
50107;108;393;85;586;3;34;8;45;111;427;93;631;119;389;70;578;2;41;10;53;121;430;80;631;227;782;155;1164;5;75;18;98;232;857;173;1262;2020
50108;10;23;0;33;0;6;0;6;10;29;0;39;7;12;0;19;0;1;1;2;7;13;1;21;17;35;0;52;0;7;1;8;17;42;1;60;2020
50109;20;42;0;62;0;0;0;0;20;42;0;62;16;17;1;34;1;0;0;1;17;17;1;35;36;59;1;96;1;0;0;1;37;59;1;97;2020
50110;64;124;6;194;1;17;3;21;65;141;9;215;70;79;8;157;0;5;2;7;70;84;10;164;134;203;14;351;1;22;5;28;135;225;19;379;2020
50111;30;73;5;108;0;4;0;4;30;77;5;112;27;51;7;85;0;1;1;2;27;52;8;87;57;124;12;193;0;5;1;6;57;129;13;199;2020
50113;103;207;42;352;1;58;10;69;104;265;52;421;116;162;27;305;0;53;5;58;116;215;32;363;219;369;69;657;1;111;15;127;220;480;84;784;2020
50114;20;48;6;74;1;5;5;11;21;53;11;85;20;34;1;55;0;3;2;5;20;37;3;60;40;82;7;129;1;8;7;16;41;90;14;145;2020
50115;412;1312;325;2049;10;229;57;296;422;1541;382;2345;453;1170;305;1928;9;221;46;276;462;1391;351;2204;865;2482;630;3977;19;450;103;572;884;2932;733;4549;2020
50116;39;50;4;93;2;26;4;32;41;76;8;125;47;30;1;78;0;21;5;26;47;51;6;104;86;80;5;171;2;47;9;58;88;127;14;229;2020
50117;23;43;5;71;0;4;0;4;23;47;5;75;23;31;4;58;0;3;0;3;23;34;4;61;46;74;9;129;0;7;0;7;46;81;9;136;2020
50118;274;789;149;1212;1;67;18;86;275;856;167;1298;350;707;126;1183;5;67;13;85;355;774;139;1268;624;1496;275;2395;6;134;31;171;630;1630;306;2566;2020
50119;151;305;40;496;0;21;8;29;151;326;48;525;157;249;33;439;1;21;10;32;158;270;43;471;308;554;73;935;1;42;18;61;309;596;91;996;2020
50120;12;15;1;28;0;0;0;0;12;15;1;28;7;16;2;25;0;0;0;0;7;16;2;25;19;31;3;53;0;0;0;0;19;31;3;53;2020
50121;47;89;8;144;0;13;0;13;47;102;8;157;59;72;9;140;1;4;0;5;60;76;9;145;106;161;17;284;1;17;0;18;107;178;17;302;2020
50122;8;33;2;43;0;0;0;0;8;33;2;43;9;16;5;30;0;1;0;1;9;17;5;31;17;49;7;73;0;1;0;1;17;50;7;74;2020
50123;48;168;46;262;2;31;11;44;50;199;57;306;62;148;38;248;1;31;4;36;63;179;42;284;110;316;84;510;3;62;15;80;113;378;99;590;2020
50124;80;140;16;236;0;21;11;32;80;161;27;268;79;100;14;193;0;21;7;28;79;121;21;221;159;240;30;429;0;42;18;60;159;282;48;489;2020
50125;65;110;12;187;1;11;3;15;66;121;15;202;77;87;18;182;0;10;1;11;77;97;19;193;142;197;30;369;1;21;4;26;143;218;34;395;2020
50126;293;831;121;1245;4;136;18;158;297;967;139;1403;330;792;115;1237;7;135;27;169;337;927;142;1406;623;1623;236;2482;11;271;45;327;634;1894;281;2809;2020
50128;6;6;3;15;0;1;0;1;6;7;3;16;8;6;0;14;0;1;0;1;8;7;0;15;14;12;3;29;0;2;0;2;14;14;3;31;2020
50129;35;82;27;144;0;10;1;11;35;92;28;155;35;64;14;113;0;13;1;14;35;77;15;127;70;146;41;257;0;23;2;25;70;169;43;282;2020
50130;61;134;12;207;0;14;0;14;61;148;12;221;59;104;17;180;1;14;1;16;60;118;18;196;120;238;29;387;1;28;1;30;121;266;30;417;2020
50131;41;70;9;120;0;7;2;9;41;77;11;129;56;53;0;109;0;12;1;13;56;65;1;122;97;123;9;229;0;19;3;22;97;142;12;251;2020
50132;55;356;115;526;2;34;4;40;57;390;119;566;90;301;99;490;2;37;6;45;92;338;105;535;145;657;214;1016;4;71;10;85;149;728;224;1101;2020
50133;20;31;4;55;0;2;0;2;20;33;4;57;25;22;2;49;0;3;0;3;25;25;2;52;45;53;6;104;0;5;0;5;45;58;6;109;2020
50134;27;32;3;62;0;1;0;1;27;33;3;63;31;27;1;59;0;0;0;0;31;27;1;59;58;59;4;121;0;1;0;1;58;60;4;122;2020
50135;12;33;4;49;1;2;0;3;13;35;4;52;20;21;1;42;0;0;0;0;20;21;1;42;32;54;5;91;1;2;0;3;33;56;5;94;2020
50136;104;189;12;305;2;28;4;34;106;217;16;339;110;134;20;264;1;18;9;28;111;152;29;292;214;323;32;569;3;46;13;62;217;369;45;631;2020
50137;175;320;70;565;0;16;1;17;175;336;71;582;198;275;63;536;1;23;4;28;199;298;67;564;373;595;133;1101;1;39;5;45;374;634;138;1146;2020
50138;8;18;0;26;0;0;0;0;8;18;0;26;8;10;2;20;0;0;0;0;8;10;2;20;16;28;2;46;0;0;0;0;16;28;2;46;2020
50139;59;109;7;175;0;9;1;10;59;118;8;185;74;63;6;143;1;12;1;14;75;75;7;157;133;172;13;318;1;21;2;24;134;193;15;342;2020
50140;33;55;4;92;0;0;1;1;33;55;5;93;35;35;0;70;0;1;0;1;35;36;0;71;68;90;4;162;0;1;1;2;68;91;5;164;2020
50141;17;41;6;64;0;2;0;2;17;43;6;66;19;32;3;54;0;3;0;3;19;35;3;57;36;73;9;118;0;5;0;5;36;78;9;123;2020
50142;4;9;1;14;0;0;0;0;4;9;1;14;4;5;2;11;0;1;0;1;4;6;2;12;8;14;3;25;0;1;0;1;8;15;3;26;2020
50143;78;209;24;311;5;210;8;223;83;419;32;534;102;159;34;295;0;39;15;54;102;198;49;349;180;368;58;606;5;249;23;277;185;617;81;883;2020
50144;11;11;0;22;0;0;0;0;11;11;0;22;5;5;0;10;0;0;0;0;5;5;0;10;16;16;0;32;0;0;0;0;16;16;0;32;2020
50146;34;67;20;121;0;4;2;6;34;71;22;127;35;52;11;98;0;7;0;7;35;59;11;105;69;119;31;219;0;11;2;13;69;130;33;232;2020
50147;90;289;61;440;2;36;7;45;92;325;68;485;136;234;52;422;4;39;5;48;140;273;57;470;226;523;113;862;6;75;12;93;232;598;125;955;2020
50148;59;100;5;164;0;1;0;1;59;101;5;165;52;64;14;130;0;2;0;2;52;66;14;132;111;164;19;294;0;3;0;3;111;167;19;297;2020
50149;6;15;0;21;0;1;0;1;6;16;0;22;8;7;0;15;0;0;0;0;8;7;0;15;14;22;0;36;0;1;0;1;14;23;0;37;2020
50150;110;208;47;365;1;42;12;55;111;250;59;420;116;182;42;340;1;39;6;46;117;221;48;386;226;390;89;705;2;81;18;101;228;471;107;806;2020
50151;103;219;16;338;1;15;3;19;104;234;19;357;113;177;15;305;0;18;4;22;113;195;19;327;216;396;31;643;1;33;7;41;217;429;38;684;2020
50152;239;455;99;793;6;250;39;295;245;705;138;1088;282;392;88;762;5;119;34;158;287;511;122;920;521;847;187;1555;11;369;73;453;532;1216;260;2008;2020
50153;152;318;48;518;1;33;13;47;153;351;61;565;182;276;52;510;1;27;9;37;183;303;61;547;334;594;100;1028;2;60;22;84;336;654;122;1112;2020
50154;24;35;6;65;1;17;3;21;25;52;9;86;22;34;2;58;1;14;1;16;23;48;3;74;46;69;8;123;2;31;4;37;48;100;12;160;2020
50155;28;31;0;59;0;0;0;0;28;31;0;59;18;11;0;29;0;1;0;1;18;12;0;30;46;42;0;88;0;1;0;1;46;43;0;89;2020
50156;34;80;12;126;0;11;6;17;34;91;18;143;31;70;16;117;2;14;0;16;33;84;16;133;65;150;28;243;2;25;6;33;67;175;34;276;2020
50157;39;105;22;166;2;14;0;16;41;119;22;182;63;92;20;175;0;12;0;12;63;104;20;187;102;197;42;341;2;26;0;28;104;223;42;369;2020
50159;114;202;35;351;4;82;19;105;118;284;54;456;143;192;36;371;2;91;17;110;145;283;53;481;257;394;71;722;6;173;36;215;263;567;107;937;2020
50160;302;782;152;1236;5;237;72;314;307;1019;224;1550;353;714;137;1204;3;202;45;250;356;916;182;1454;655;1496;289;2440;8;439;117;564;663;1935;406;3004;2020
50161;23;30;3;56;0;1;0;1;23;31;3;57;22;21;5;48;0;1;0;1;22;22;5;49;45;51;8;104;0;2;0;2;45;53;8;106;2020
50162;23;43;6;72;0;10;2;12;23;53;8;84;32;37;6;75;0;8;1;9;32;45;7;84;55;80;12;147;0;18;3;21;55;98;15;168;2020
50163;213;1828;760;2801;7;171;53;231;220;1999;813;3032;236;1690;766;2692;14;184;48;246;250;1874;814;2938;449;3518;1526;5493;21;355;101;477;470;3873;1627;5970;2020
50164;63;130;11;204;1;12;2;15;64;142;13;219;63;121;29;213;0;13;2;15;63;134;31;228;126;251;40;417;1;25;4;30;127;276;44;447;2020
50165;228;645;134;1007;4;124;20;148;232;769;154;1155;313;596;117;1026;3;74;21;98;316;670;138;1124;541;1241;251;2033;7;198;41;246;548;1439;292;2279;2020
50166;51;63;12;126;0;3;1;4;51;66;13;130;54;64;4;122;0;4;1;5;54;68;5;127;105;127;16;248;0;7;2;9;105;134;18;257;2020
50167;43;74;6;123;1;9;1;11;44;83;7;134;42;44;1;87;0;7;5;12;42;51;6;99;85;118;7;210;1;16;6;23;86;134;13;233;2020
50168;7;7;0;14;0;1;0;1;7;8;0;15;5;7;0;12;0;0;0;0;5;7;0;12;12;14;0;26;0;1;0;1;12;15;0;27;2020
50169;60;112;11;183;3;30;3;36;63;142;14;219;67;92;9;168;1;24;3;28;68;116;12;196;127;204;20;351;4;54;6;64;131;258;26;415;2020
50170;63;137;11;211;0;6;0;6;63;143;11;217;62;91;11;164;2;8;3;13;64;99;14;177;125;228;22;375;2;14;3;19;127;242;25;394;2020
50171;29;38;2;69;0;0;0;0;29;38;2;69;21;22;1;44;0;1;0;1;21;23;1;45;50;60;3;113;0;1;0;1;50;61;3;114;2020
50172;47;52;4;103;0;5;2;7;47;57;6;110;32;39;1;72;0;7;0;7;32;46;1;79;79;91;5;175;0;12;2;14;79;103;7;189;2020
50173;37;53;0;90;0;3;0;3;37;56;0;93;31;16;0;47;0;2;1;3;31;18;1;50;68;69;0;137;0;5;1;6;68;74;1;143;2020
50174;27;22;1;50;0;4;0;4;27;26;1;54;21;9;2;32;0;2;2;4;21;11;4;36;48;31;3;82;0;6;2;8;48;37;5;90;2020
50175;150;294;40;484;0;36;13;49;150;330;53;533;197;267;39;503;2;21;7;30;199;288;46;533;347;561;79;987;2;57;20;79;349;618;99;1066;2020
50176;40;78;7;125;1;31;4;36;41;109;11;161;42;48;4;94;0;20;1;21;42;68;5;115;82;126;11;219;1;51;5;57;83;177;16;276;2020
50177;60;89;9;158;0;7;2;9;60;96;11;167;63;69;15;147;1;6;0;7;64;75;15;154;123;158;24;305;1;13;2;16;124;171;26;321;2020
50178;50;81;4;135;2;26;1;29;52;107;5;164;71;68;2;141;0;14;0;14;71;82;2;155;121;149;6;276;2;40;1;43;123;189;7;319;2020
50179;60;82;3;145;0;1;0;1;60;83;3;146;51;56;6;113;0;5;1;6;51;61;7;119;111;138;9;258;0;6;1;7;111;144;10;265;2020
50180;21;35;3;59;0;1;0;1;21;36;3;60;28;21;9;58;0;2;0;2;28;23;9;60;49;56;12;117;0;3;0;3;49;59;12;120;2020
50181;136;389;77;602;2;88;18;108;138;477;95;710;148;343;94;585;6;73;27;106;154;416;121;691;284;732;171;1187;8;161;45;214;292;893;216;1401;2020
50182;279;1731;589;2599;14;359;89;462;293;2090;678;3061;264;1499;579;2342;24;391;76;491;288;1890;655;2833;543;3230;1168;4941;38;750;165;953;581;3980;1333;5894;2020
50183;58;114;9;181;0;16;1;17;58;130;10;198;69;78;7;154;0;8;3;11;69;86;10;165;127;192;16;335;0;24;4;28;127;216;20;363;2020
50184;15;40;1;56;0;0;0;0;15;40;1;56;17;19;2;38;0;2;0;2;17;21;2;40;32;59;3;94;0;2;0;2;32;61;3;96;2020
50185;25;58;12;95;0;16;2;18;25;74;14;113;16;39;9;64;0;13;1;14;16;52;10;78;41;97;21;159;0;29;3;32;41;126;24;191;2020
50186;7;15;0;22;0;0;0;0;7;15;0;22;10;4;0;14;0;0;0;0;10;4;0;14;17;19;0;36;0;0;0;0;17;19;0;36;2020
50187;17;18;2;37;0;1;0;1;17;19;2;38;15;6;0;21;0;2;0;2;15;8;0;23;32;24;2;58;0;3;0;3;32;27;2;61;2020
50188;12;6;0;18;0;1;0;1;12;7;0;19;7;2;1;10;0;2;0;2;7;4;1;12;19;8;1;28;0;3;0;3;19;11;1;31;2020
50189;138;226;41;405;2;114;13;129;140;340;54;534;126;200;41;367;2;56;19;77;128;256;60;444;264;426;82;772;4;170;32;206;268;596;114;978;2020
50190;89;269;45;403;1;27;7;35;90;296;52;438;94;220;45;359;1;19;8;28;95;239;53;387;183;489;90;762;2;46;15;63;185;535;105;825;2020
50191;79;147;19;245;0;10;1;11;79;157;20;256;87;131;28;246;2;12;1;15;89;143;29;261;166;278;47;491;2;22;2;26;168;300;49;517;2020
50192;39;96;14;149;0;10;0;10;39;106;14;159;36;59;14;109;0;14;3;17;36;73;17;126;75;155;28;258;0;24;3;27;75;179;31;285;2020
50193;72;267;64;403;3;11;2;16;75;278;66;419;83;248;67;398;2;16;3;21;85;264;70;419;155;515;131;801;5;27;5;37;160;542;136;838;2020
50194;25;23;0;48;1;11;4;16;26;34;4;64;20;11;2;33;0;11;2;13;20;22;4;46;45;34;2;81;1;22;6;29;46;56;8;110;2020
50195;12;20;0;32;0;2;0;2;12;22;0;34;9;10;0;19;0;1;1;2;9;11;1;21;21;30;0;51;0;3;1;4;21;33;1;55;2020
50196;15;39;4;58;0;2;0;2;15;41;4;60;17;29;1;47;0;2;2;4;17;31;3;51;32;68;5;105;0;4;2;6;32;72;7;111;2020
50197;30;29;5;64;0;3;2;5;30;32;7;69;18;18;1;37;0;2;1;3;18;20;2;40;48;47;6;101;0;5;3;8;48;52;9;109;2020
50198;12;15;0;27;0;2;0;2;12;17;0;29;8;10;0;18;0;0;0;0;8;10;0;18;20;25;0;45;0;2;0;2;20;27;0;47;2020
50199;38;123;18;179;0;12;0;12;38;135;18;191;67;90;24;181;1;8;2;11;68;98;26;192;105;213;42;360;1;20;2;23;106;233;44;383;2020
50200;82;171;32;285;0;39;6;45;82;210;38;330;86;144;21;251;1;31;6;38;87;175;27;289;168;315;53;536;1;70;12;83;169;385;65;619;2020
50201;58;172;39;269;1;26;6;33;59;198;45;302;72;145;29;246;0;23;2;25;72;168;31;271;130;317;68;515;1;49;8;58;131;366;76;573;2020
50202;30;36;0;66;0;4;1;5;30;40;1;71;39;16;1;56;1;6;2;9;40;22;3;65;69;52;1;122;1;10;3;14;70;62;4;136;2020
50203;100;418;98;616;2;12;2;16;102;430;100;632;131;436;82;649;2;16;1;19;133;452;83;668;231;854;180;1265;4;28;3;35;235;882;183;1300;2020
50204;309;926;215;1450;8;370;52;430;317;1296;267;1880;338;840;222;1400;14;241;52;307;352;1081;274;1707;647;1766;437;2850;22;611;104;737;669;2377;541;3587;2020
50205;9;25;3;37;0;3;0;3;9;28;3;40;19;20;2;41;0;3;2;5;19;23;4;46;28;45;5;78;0;6;2;8;28;51;7;86;2020
50206;66;181;44;291;0;13;2;15;66;194;46;306;66;150;27;243;0;23;0;23;66;173;27;266;132;331;71;534;0;36;2;38;132;367;73;572;2020
50207;15;33;0;48;0;0;0;0;15;33;0;48;24;12;2;38;0;1;0;1;24;13;2;39;39;45;2;86;0;1;0;1;39;46;2;87;2020
50208;220;679;171;1070;3;114;34;151;223;793;205;1221;249;629;145;1023;8;102;37;147;257;731;182;1170;469;1308;316;2093;11;216;71;298;480;1524;387;2391;2020
50209;232;1256;409;1897;8;149;33;190;240;1405;442;2087;247;1122;388;1757;10;186;30;226;257;1308;418;1983;479;2378;797;3654;18;335;63;416;497;2713;860;4070;2020
50210;16;8;0;24;0;1;0;1;16;9;0;25;9;5;0;14;0;0;0;0;9;5;0;14;25;13;0;38;0;1;0;1;25;14;0;39;2020
50211;38;93;11;142;2;28;3;33;40;121;14;175;44;58;7;109;0;21;3;24;44;79;10;133;82;151;18;251;2;49;6;57;84;200;24;308;2020
50212;6;6;1;13;0;0;0;0;6;6;1;13;10;8;2;20;0;0;0;0;10;8;2;20;16;14;3;33;0;0;0;0;16;14;3;33;2020
50213;22;27;1;50;0;3;0;3;22;30;1;53;23;16;2;41;0;3;1;4;23;19;3;45;45;43;3;91;0;6;1;7;45;49;4;98;2020
50214;7;5;0;12;0;2;0;2;7;7;0;14;2;4;0;6;0;1;0;1;2;5;0;7;9;9;0;18;0;3;0;3;9;12;0;21;2020
50215;7;5;0;12;0;0;0;0;7;5;0;12;4;4;1;9;0;0;0;0;4;4;1;9;11;9;1;21;0;0;0;0;11;9;1;21;2020
50216;35;87;13;135;1;9;1;11;36;96;14;146;44;76;13;133;1;2;0;3;45;78;13;136;79;163;26;268;2;11;1;14;81;174;27;282;2020
50217;73;150;17;240;2;47;3;52;75;197;20;292;81;125;18;224;3;19;2;24;84;144;20;248;154;275;35;464;5;66;5;76;159;341;40;540;2020
50218;27;44;2;73;0;0;0;0;27;44;2;73;17;26;3;46;0;1;0;1;17;27;3;47;44;70;5;119;0;1;0;1;44;71;5;120;2020
50219;243;2016;740;2999;7;200;48;255;250;2216;788;3254;301;1816;715;2832;12;219;41;272;313;2035;756;3104;544;3832;1455;5831;19;419;89;527;563;4251;1544;6358;2020
50220;11;17;0;28;0;0;0;0;11;17;0;28;9;10;0;19;1;0;0;1;10;10;0;20;20;27;0;47;1;0;0;1;21;27;0;48;2020
50221;6;13;1;20;0;1;0;1;6;14;1;21;5;5;0;10;0;1;0;1;5;6;0;11;11;18;1;30;0;2;0;2;11;20;1;32;2020
50222;218;568;143;929;2;46;6;54;220;614;149;983;247;557;118;922;3;34;7;44;250;591;125;966;465;1125;261;1851;5;80;13;98;470;1205;274;1949;2020
50223;152;318;52;522;0;24;2;26;152;342;54;548;189;258;51;498;1;25;2;28;190;283;53;526;341;576;103;1020;1;49;4;54;342;625;107;1074;2020
50224;17;18;0;35;0;1;0;1;17;19;0;36;13;13;0;26;0;0;0;0;13;13;0;26;30;31;0;61;0;1;0;1;30;32;0;62;2020
50225;211;604;111;926;7;514;87;608;218;1118;198;1534;242;491;96;829;7;440;59;506;249;931;155;1335;453;1095;207;1755;14;954;146;1114;467;2049;353;2869;2020
50227;26;28;1;55;0;11;0;11;26;39;1;66;30;17;1;48;0;8;3;11;30;25;4;59;56;45;2;103;0;19;3;22;56;64;5;125;2020
50228;47;90;20;157;0;13;0;13;47;103;20;170;42;71;15;128;2;10;2;14;44;81;17;142;89;161;35;285;2;23;2;27;91;184;37;312;2020
50229;7;24;0;31;0;4;0;4;7;28;0;35;8;27;0;35;0;4;2;6;8;31;2;41;15;51;0;66;0;8;2;10;15;59;2;76;2020
50230;149;421;59;629;1;35;2;38;150;456;61;667;197;361;47;605;1;31;7;39;198;392;54;644;346;782;106;1234;2;66;9;77;348;848;115;1311;2020
50231;38;92;15;145;2;8;2;12;40;100;17;157;53;74;18;145;2;16;1;19;55;90;19;164;91;166;33;290;4;24;3;31;95;190;36;321;2020
50232;20;63;12;95;0;1;0;1;20;64;12;96;26;60;19;105;1;5;0;6;27;65;19;111;46;123;31;200;1;6;0;7;47;129;31;207;2020
50233;21;35;2;58;0;0;0;0;21;35;2;58;20;19;2;41;0;1;0;1;20;20;2;42;41;54;4;99;0;1;0;1;41;55;4;100;2020
50234;43;95;14;152;0;0;0;0;43;95;14;152;41;60;15;116;0;2;0;2;41;62;15;118;84;155;29;268;0;2;0;2;84;157;29;270;2020
50235;282;978;265;1525;4;122;20;146;286;1100;285;1671;315;893;220;1428;5;128;37;170;320;1021;257;1598;597;1871;485;2953;9;250;57;316;606;2121;542;3269;2020
50236;27;27;1;55;0;11;0;11;27;38;1;66;16;17;1;34;0;4;1;5;16;21;2;39;43;44;2;89;0;15;1;16;43;59;3;105;2020
50237;14;43;10;67;0;0;0;0;14;43;10;67;11;37;8;56;0;0;0;0;11;37;8;56;25;80;18;123;0;0;0;0;25;80;18;123;2020
50238;13;35;1;49;1;5;0;6;14;40;1;55;15;18;4;37;1;4;0;5;16;22;4;42;28;53;5;86;2;9;0;11;30;62;5;97;2020
50239;17;25;0;42;0;0;0;0;17;25;0;42;10;11;1;22;0;0;0;0;10;11;1;22;27;36;1;64;0;0;0;0;27;36;1;64;2020
50240;174;287;53;514;0;31;9;40;174;318;62;554;219;265;42;526;1;30;8;39;220;295;50;565;393;552;95;1040;1;61;17;79;394;613;112;1119;2020
50241;116;190;26;332;0;52;8;60;116;242;34;392;136;144;27;307;1;18;4;23;137;162;31;330;252;334;53;639;1;70;12;83;253;404;65;722;2020
50242;21;37;5;63;0;0;0;0;21;37;5;63;23;17;5;45;0;0;0;0;23;17;5;45;44;54;10;108;0;0;0;0;44;54;10;108;2020
50243;58;110;10;178;0;16;2;18;58;126;12;196;58;81;1;140;0;8;0;8;58;89;1;148;116;191;11;318;0;24;2;26;116;215;13;344;2020
50244;30;68;6;104;0;28;6;34;30;96;12;138;49;44;8;101;0;25;6;31;49;69;14;132;79;112;14;205;0;53;12;65;79;165;26;270;2020
50245;15;24;3;42;0;0;0;0;15;24;3;42;19;15;3;37;0;0;0;0;19;15;3;37;34;39;6;79;0;0;0;0;34;39;6;79;2020
50246;7;16;0;23;0;0;0;0;7;16;0;23;6;6;0;12;0;0;0;0;6;6;0;12;13;22;0;35;0;0;0;0;13;22;0;35;2020
50247;85;331;107;523;1;16;5;22;86;347;112;545;126;330;105;561;0;27;3;30;126;357;108;591;211;661;212;1084;1;43;8;52;212;704;220;1136;2020
50248;103;160;20;283;1;13;0;14;104;173;20;297;98;138;21;257;1;11;1;13;99;149;22;270;201;298;41;540;2;24;1;27;203;322;42;567;2020
50249;63;102;7;172;1;12;2;15;64;114;9;187;58;63;4;125;1;7;1;9;59;70;5;134;121;165;11;297;2;19;3;24;123;184;14;321;2020
50250;6;19;2;27;0;1;0;1;6;20;2;28;7;21;5;33;0;0;0;0;7;21;5;33;13;40;7;60;0;1;0;1;13;41;7;61;2020
50251;1040;3052;739;4831;10;348;70;428;1050;3400;809;5259;1369;2907;651;4927;7;308;57;372;1376;3215;708;5299;2409;5959;1390;9758;17;656;127;800;2426;6615;1517;10558;2020
50252;641;1867;371;2879;8;421;114;543;649;2288;485;3422;839;1724;345;2908;14;388;115;517;853;2112;460;3425;1480;3591;716;5787;22;809;229;1060;1502;4400;945;6847;2020
50253;66;135;12;213;0;35;2;37;66;170;14;250;80;84;13;177;2;31;4;37;82;115;17;214;146;219;25;390;2;66;6;74;148;285;31;464;2020
50254;32;65;6;103;0;1;0;1;32;66;6;104;28;53;3;84;0;2;0;2;28;55;3;86;60;118;9;187;0;3;0;3;60;121;9;190;2020
50255;46;59;6;111;0;11;0;11;46;70;6;122;40;53;7;100;0;6;2;8;40;59;9;108;86;112;13;211;0;17;2;19;86;129;15;230;2020
50256;18;23;0;41;0;1;0;1;18;24;0;42;18;11;0;29;0;3;2;5;18;14;2;34;36;34;0;70;0;4;2;6;36;38;2;76;2020
50257;32;58;3;93;0;1;0;1;32;59;3;94;41;28;3;72;1;2;0;3;42;30;3;75;73;86;6;165;1;3;0;4;74;89;6;169;2020
50258;14;18;0;32;0;1;1;2;14;19;1;34;12;9;1;22;0;3;0;3;12;12;1;25;26;27;1;54;0;4;1;5;26;31;2;59;2020
50259;20;16;0;36;0;1;0;1;20;17;0;37;17;15;0;32;0;0;0;0;17;15;0;32;37;31;0;68;0;1;0;1;37;32;0;69;2020
50260;11;12;0;23;0;0;0;0;11;12;0;23;8;4;0;12;0;0;0;0;8;4;0;12;19;16;0;35;0;0;0;0;19;16;0;35;2020
50261;39;67;17;123;0;2;1;3;39;69;18;126;49;48;14;111;1;8;0;9;50;56;14;120;88;115;31;234;1;10;1;12;89;125;32;246;2020
50262;152;442;121;715;0;21;8;29;152;463;129;744;168;411;87;666;1;25;7;33;169;436;94;699;320;853;208;1381;1;46;15;62;321;899;223;1443;2020
50263;49;57;5;111;0;4;1;5;49;61;6;116;33;28;4;65;1;13;2;16;34;41;6;81;82;85;9;176;1;17;3;21;83;102;12;197;2020
50264;33;55;0;88;1;12;3;16;34;67;3;104;27;31;1;59;0;17;3;20;27;48;4;79;60;86;1;147;1;29;6;36;61;115;7;183;2020
50265;14;30;5;49;0;1;0;1;14;31;5;50;11;18;6;35;0;3;0;3;11;21;6;38;25;48;11;84;0;4;0;4;25;52;11;88;2020
50266;37;35;0;72;0;0;0;0;37;35;0;72;24;18;0;42;0;1;0;1;24;19;0;43;61;53;0;114;0;1;0;1;61;54;0;115;2020
50267;99;179;12;290;0;5;0;5;99;184;12;295;116;178;25;319;1;6;0;7;117;184;25;326;215;357;37;609;1;11;0;12;216;368;37;621;2020
50268;9;18;3;30;0;2;0;2;9;20;3;32;5;16;2;23;0;2;0;2;5;18;2;25;14;34;5;53;0;4;0;4;14;38;5;57;2020
50269;52;99;20;171;3;64;14;81;55;163;34;252;67;70;16;153;2;17;11;30;69;87;27;183;119;169;36;324;5;81;25;111;124;250;61;435;2020
50270;11;7;1;19;0;1;2;3;11;8;3;22;12;7;0;19;0;1;1;2;12;8;1;21;23;14;1;38;0;2;3;5;23;16;4;43;2020
50271;43;90;6;139;0;2;0;2;43;92;6;141;55;52;7;114;0;1;0;1;55;53;7;115;98;142;13;253;0;3;0;3;98;145;13;256;2020
50272;1050;5700;1800;8550;24;643;148;815;1074;6343;1948;9365;1278;5599;1660;8537;43;712;165;920;1321;6311;1825;9457;2328;11299;3460;17087;67;1355;313;1735;2395;12654;3773;18822;2020
50273;8;11;0;19;0;0;0;0;8;11;0;19;7;7;0;14;0;0;0;0;7;7;0;14;15;18;0;33;0;0;0;0;15;18;0;33;2020
50274;13;23;0;36;0;0;0;0;13;23;0;36;10;15;0;25;0;0;0;0;10;15;0;25;23;38;0;61;0;0;0;0;23;38;0;61;2020
50275;27;37;3;67;0;2;0;2;27;39;3;69;28;15;0;43;0;0;0;0;28;15;0;43;55;52;3;110;0;2;0;2;55;54;3;112;2020
50276;14;39;0;53;0;11;1;12;14;50;1;65;36;25;0;61;0;10;1;11;36;35;1;72;50;64;0;114;0;21;2;23;50;85;2;137;2020
50277;7;12;4;23;1;3;0;4;8;15;4;27;16;12;2;30;0;4;0;4;16;16;2;34;23;24;6;53;1;7;0;8;24;31;6;61;2020
50278;28;67;13;108;0;2;0;2;28;69;13;110;32;48;11;91;1;1;0;2;33;49;11;93;60;115;24;199;1;3;0;4;61;118;24;203;2020
50279;13;21;1;35;0;3;1;4;13;24;2;39;15;20;1;36;0;5;1;6;15;25;2;42;28;41;2;71;0;8;2;10;28;49;4;81;2020
50280;54;95;12;161;0;7;0;7;54;102;12;168;69;71;7;147;0;7;0;7;69;78;7;154;123;166;19;308;0;14;0;14;123;180;19;322;2020
50281;11;25;3;39;0;4;0;4;11;29;3;43;16;18;3;37;0;2;0;2;16;20;3;39;27;43;6;76;0;6;0;6;27;49;6;82;2020
50282;12;13;0;25;1;5;0;6;13;18;0;31;16;11;2;29;0;2;0;2;16;13;2;31;28;24;2;54;1;7;0;8;29;31;2;62;2020
50283;15;28;4;47;0;6;2;8;15;34;6;55;16;13;3;32;0;5;3;8;16;18;6;40;31;41;7;79;0;11;5;16;31;52;12;95;2020
50284;29;41;2;72;0;11;2;13;29;52;4;85;29;30;1;60;0;7;2;9;29;37;3;69;58;71;3;132;0;18;4;22;58;89;7;154;2020
50285;83;250;49;382;0;27;9;36;83;277;58;418;101;232;44;377;3;29;11;43;104;261;55;420;184;482;93;759;3;56;20;79;187;538;113;838;2020
50286;16;26;1;43;0;6;0;6;16;32;1;49;17;19;7;43;0;4;0;4;17;23;7;47;33;45;8;86;0;10;0;10;33;55;8;96;2020
50287;47;94;9;150;0;8;3;11;47;102;12;161;46;61;8;115;0;15;2;17;46;76;10;132;93;155;17;265;0;23;5;28;93;178;22;293;2020
50288;316;1482;390;2188;10;154;25;189;326;1636;415;2377;397;1375;373;2145;7;169;30;206;404;1544;403;2351;713;2857;763;4333;17;323;55;395;730;3180;818;4728;2020
50289;10;16;0;26;0;1;0;1;10;17;0;27;13;11;0;24;0;1;0;1;13;12;0;25;23;27;0;50;0;2;0;2;23;29;0;52;2020
50290;59;129;9;197;1;25;3;29;60;154;12;226;76;98;12;186;1;15;6;22;77;113;18;208;135;227;21;383;2;40;9;51;137;267;30;434;2020
50291;23;30;3;56;0;4;4;8;23;34;7;64;21;23;2;46;1;2;0;3;22;25;2;49;44;53;5;102;1;6;4;11;45;59;9;113;2020
50292;25;41;13;79;0;68;9;77;25;109;22;156;27;37;2;66;0;40;11;51;27;77;13;117;52;78;15;145;0;108;20;128;52;186;35;273;2020
50293;84;121;15;220;3;10;0;13;87;131;15;233;93;87;9;189;2;11;0;13;95;98;9;202;177;208;24;409;5;21;0;26;182;229;24;435;2020
50294;15;21;1;37;0;7;4;11;15;28;5;48;20;12;2;34;0;5;2;7;20;17;4;41;35;33;3;71;0;12;6;18;35;45;9;89;2020
50295;15;12;0;27;0;0;0;0;15;12;0;27;13;8;0;21;0;0;0;0;13;8;0;21;28;20;0;48;0;0;0;0;28;20;0;48;2020
50296;64;137;15;216;0;10;3;13;64;147;18;229;63;126;19;208;0;7;3;10;63;133;22;218;127;263;34;424;0;17;6;23;127;280;40;447;2020
50297;59503;181981;45583;287067;950;31378;6708;39036;60453;213359;52291;326103;84335;186920;43163;314418;1532;33446;6378;41356;85867;220366;49541;355774;143838;368901;88746;601485;2482;64824;13086;80392;146320;433725;101832;681877;2020
50298;629;2205;550;3384;8;878;180;1066;637;3083;730;4450;671;2060;503;3234;16;695;181;892;687;2755;684;4126;1300;4265;1053;6618;24;1573;361;1958;1324;5838;1414;8576;2020
50901;31;49;0;80;0;14;3;17;31;63;3;97;23;25;1;49;0;9;0;9;23;34;1;58;54;74;1;129;0;23;3;26;54;97;4;155;2020
50902;18;26;2;46;0;0;0;0;18;26;2;46;12;24;2;38;0;0;0;0;12;24;2;38;30;50;4;84;0;0;0;0;30;50;4;84;2020
50903;272;891;156;1319;1;44;11;56;273;935;167;1375;332;820;147;1299;3;57;11;71;335;877;158;1370;604;1711;303;2618;4;101;22;127;608;1812;325;2745;2020
51001;4373;26585;8762;39720;158;2222;442;2822;4531;28807;9204;42542;5449;24883;8445;38777;164;2324;395;2883;5613;27207;8840;41660;9822;51468;17207;78497;322;4546;837;5705;10144;56014;18044;84202;2020
52001;3669;24775;9090;37534;447;4553;1628;6628;4116;29328;10718;44162;4604;22859;8716;36179;486;4785;1464;6735;5090;27644;10180;42914;8273;47634;17806;73713;933;9338;3092;13363;9206;56972;20898;87076;2020
